gene_id	B100	B110	B175	B200	B210	B275	B300	B310	B375
MSTRG.1	6246	3206	63	6323	1957	167	1672	720	0
MSTRG.10	10	24	0	35	36	0	38	43	0
MSTRG.100	65	531	3158	134	54	4096	12	829	2559
MSTRG.1000	1947	3017	75	1641	1058	112	1691	3611	81
MSTRG.10000	118	2785	92	3	2589	356	6	2886	0
MSTRG.10001	319	20	117	316	3	1232	230	46	25
MSTRG.10002	752	2103	0	655	1183	0	284	2264	99
MSTRG.10003	1877	3084	820	914	3477	3063	958	4776	373
MSTRG.10004	0	2170	4926	0	1507	5640	0	2484	4657
MSTRG.10005	1303	247	50	749	129	161	214	360	53
MSTRG.10006	2168	894	99	1891	898	82	2249	750	98
MSTRG.10007	467	842	3995	668	466	7284	306	804	3506
MSTRG.10008	477	263	2409	740	134	3416	333	204	1563
MSTRG.10009	861	0	460	335	0	694	402	0	963
MSTRG.1001	4017	3407	32	5924	4785	259	2376	4422	49
MSTRG.10010	4703	0	3553	5509	2	3703	1281	3	1851
MSTRG.10011	1731	595	473	816	733	1235	928	572	803
MSTRG.10012	270	1428	513	1135	985	337	641	134	306
MSTRG.10013	0	394	644	0	553	1060	0	354	521
MSTRG.10014	131	621	461	130	575	604	33	490	518
MSTRG.10015	582	175	3972	367	251	4560	458	139	3127
MSTRG.10016	66	134	1980	325	70	13151	63	64	1297
MSTRG.10017	0	917	600	0	889	1062	0	1514	269
MSTRG.10018	138	1519	5139	0	1367	6229	6	1265	2107
MSTRG.10019	0	12369	3492	0	7497	5681	0	14473	2019
MSTRG.1002	1273	314	1244	1399	230	1695	1166	74	1359
MSTRG.10020	27	4695	58	51	2224	127	4	9370	77
MSTRG.10021	37	1809	1762	25	1510	2095	8	2012	1689
MSTRG.10022	0	581	63	0	545	30	0	444	44
MSTRG.10023	0	6640	1838	0	4758	1635	0	3813	1833
MSTRG.10024	9167	5262	119	3083	806	105	2854	5551	197
MSTRG.10025	0	2186	300	0	1105	226	0	1941	72
MSTRG.10026	126	23	1545	109	2	1216	47	0	1402
MSTRG.10027	332	53	114	424	18	134	290	15	101
MSTRG.10028	3929	2319	999	2891	4320	1408	2498	4024	986
MSTRG.10029	0	6594	619	0	2259	551	0	3700	499
MSTRG.1003	59	305	2	1	88	1	1	328	3
MSTRG.10030	0	1152	4356	0	658	7928	0	958	1876
MSTRG.10031	162	2283	1523	291	2798	1708	152	2373	1659
MSTRG.10032	982	1318	219	1220	409	59	812	915	119
MSTRG.10033	956	3535	666	424	2076	1075	586	2964	128
MSTRG.10034	93	1238	90	87	1246	60	259	589	67
MSTRG.10035	75	80	310	18	0	521	48	0	604
MSTRG.10036	566	688	786	467	835	942	465	1004	500
MSTRG.10037	145	109	549	107	13	751	61	69	1138
MSTRG.10038	83	744	1700	113	393	854	68	712	494
MSTRG.10039	77	511	865	48	822	1467	0	963	971
MSTRG.1004	1670	1909	516	1138	19134	767	1406	1658	814
MSTRG.10040	557	1230	1068	397	409	859	269	1865	2199
MSTRG.10041	494	0	0	545	0	0	164	0	0
MSTRG.10042	10084	1587	2574	6368	2119	4547	4437	2001	2013
MSTRG.10043	191	4861	1	94	2791	4	30	4601	0
MSTRG.10044	5689	180	5119	462	16	3933	283	192	2725
MSTRG.10045	2269	29	8035	18507	30	12944	1016	117	7675
MSTRG.10046	8	966	289	81	1140	935	5	1175	38
MSTRG.10047	558	22	149	497	145	105	430	194	99
MSTRG.10048	32	250	5706	34	255	13657	20	27	6227
MSTRG.10049	338	3018	49	1139	1929	2	227	3872	9
MSTRG.1005	4175	2347	529	1690	1728	577	3354	1836	743
MSTRG.10050	304	1323	94	321	78	173	126	2107	62
MSTRG.10051	1105	0	1	848	0	17	825	0	6
MSTRG.10052	6028	71	615	5049	55	447	3775	179	4735
MSTRG.10053	874	192	240	1048	552	140	295	585	1763
MSTRG.10054	3807	1579	747	4089	2692	578	984	1671	5587
MSTRG.10055	13670	757	0	13906	1605	0	3812	756	0
MSTRG.10056	0	149	1701	0	379	885	0	291	1697
MSTRG.10057	0	1838	349	53	2698	367	0	2699	213
MSTRG.10058	9828	51	27	6048	52	48	4131	39	138
MSTRG.10059	8637	149	3	7661	229	70	4454	267	0
MSTRG.1006	1982	2166	2	563	1386	48	1334	1288	0
MSTRG.10060	14653	5919	0	9268	4065	2	4007	5844	11
MSTRG.10061	3167	28516	1796	3919	2239	1834	820	30621	1243
MSTRG.10062	1060	752	719	605	715	1611	561	282	959
MSTRG.10063	41	534	823	23	214	857	20	313	660
MSTRG.10064	108	6778	2619	73	4697	2897	14	5099	2867
MSTRG.10065	49	13	511	28	13	1001	80	19	493
MSTRG.10066	11477	250	0	13135	77	25	5465	91	0
MSTRG.10067	260	103	220	547	4	166	71	79	541
MSTRG.10068	169	483	4396	232	414	7461	197	481	2101
MSTRG.10069	270	37	177	634	36	170	260	79	578
MSTRG.1007	10755	591	0	14218	462	864	12232	634	0
MSTRG.10070	44	226	2811	111	121	5088	31	109	2855
MSTRG.10071	90	0	48	61	5	134	152	25	81
MSTRG.10072	184	143	264	67	193	470	96	182	268
MSTRG.10073	969	437	19	216	741	58	705	837	19
MSTRG.10074	142	2021	76	226	3162	92	229	1909	77
MSTRG.10075	156	2236	7411	191	558	10494	172	2419	5090
MSTRG.10076	3771	1944	10	2534	1667	121	3063	3387	51
MSTRG.10077	2007	5729	0	6328	7342	0	2006	5068	0
MSTRG.10078	312	15	0	1282	2	0	278	10	0
MSTRG.10079	76	0	574	38	71	418	7	42	694
MSTRG.1008	1162	7394	2234	1263	3043	1218	527	4524	2876
MSTRG.10080	46	2225	98	2	1744	72	384	2051	278
MSTRG.10081	108	0	997	35	0	1511	26	0	1006
MSTRG.10082	731	6859	1310	496	3378	929	787	8752	1450
MSTRG.10083	325	1753	7372	309	1824	10347	166	1772	6560
MSTRG.10084	336	41	0	6	328	8	345	199	24
MSTRG.10085	2657	2096	546	2174	7272	669	1543	3429	741
MSTRG.10086	99	3	49	527	2	84	113	1	29
MSTRG.10087	10	57	284	125	103	220	0	195	141
MSTRG.10088	2848	681	738	4071	493	1080	1456	883	619
MSTRG.10089	462	620	210	626	5266	137	2103	897	246
MSTRG.1009	1021	484	263	819	74	491	659	177	310
MSTRG.10090	255	0	69	93	62	96	124	4	98
MSTRG.10091	1332	247	62	889	903	87	896	161	285
MSTRG.10092	1937	1200	134	825	991	245	410	1436	134
MSTRG.10093	0	4666	998	0	7678	729	0	3899	811
MSTRG.10094	0	1423	514	0	1234	945	0	900	438
MSTRG.10095	162	32	1562	353	0	395	15	55	909
MSTRG.10096	3770	3	104	3555	20	20	1406	39	150
MSTRG.10097	14583	269	847	3035	147	1148	9439	216	569
MSTRG.10098	124	1574	81	112	906	127	110	1526	64
MSTRG.10099	7960	219	415	6160	285	407	3959	177	206
MSTRG.101	19786	1104	3211	20179	88	3581	4353	1684	3729
MSTRG.1010	7428	2228	9392	3722	106	16751	6659	403	7389
MSTRG.10100	194	2033	75	137	1642	199	328	1236	382
MSTRG.10101	677	34	2271	216	193	1403	256	20	591
MSTRG.10102	250	2019	468	397	1169	548	198	2534	311
MSTRG.10103	16014	165	0	8912	164	0	14004	214	0
MSTRG.10104	2925	780	5	2625	419	52	6897	707	5
MSTRG.10105	408	3435	5762	87	2285	6298	639	4780	1407
MSTRG.10106	1094	5598	408	916	4522	226	1140	5085	343
MSTRG.10107	1711	0	1980	911	0	2765	1286	0	487
MSTRG.10108	728	0	1491	393	1	2429	733	25	1453
MSTRG.10109	1898	25	79	2276	179	196	1821	29	149
MSTRG.1011	1950	67	210	1552	399	291	1714	33	217
MSTRG.10110	3511	210	17	3077	2879	114	1559	136	54
MSTRG.10111	63	4918	111	45	3810	264	85	5682	220
MSTRG.10112	3071	498	0	1644	342	0	3936	1001	0
MSTRG.10113	590	303	110	474	245	405	300	557	141
MSTRG.10114	100	36	1358	71	19	773	160	70	372
MSTRG.10115	4107	72	214	2353	140	485	1737	33	433
MSTRG.10116	1089	288	90	64	130	0	330	228	124
MSTRG.10117	6375	0	3675	6267	29	5629	3209	2	2234
MSTRG.10118	1807	53	77	3353	55	9	1660	18	58
MSTRG.1012	80	183	323	25	167	439	157	291	531
MSTRG.10120	0	0	1024	0	0	1442	0	0	398
MSTRG.10121	567	57	1823	3	90	2670	401	0	1518
MSTRG.10122	43	170	189	420	525	302	107	1	257
MSTRG.10123	904	83	3302	16	1607	3325	0	154	3040
MSTRG.10124	990	0	298	1061	0	157	446	29	459
MSTRG.10125	991	1788	3070	920	11583	2589	237	557	3329
MSTRG.10126	0	4152	102	0	1869	9	0	2311	101
MSTRG.10127	2705	62	187	3602	183	75	2011	102	130
MSTRG.10128	101	153	3945	1185	92	1853	463	130	2429
MSTRG.10129	2209	1946	2340	2174	4909	3072	1622	2517	1490
MSTRG.1013	811	294	68	664	131	197	616	301	318
MSTRG.10130	2006	2442	1490	4473	1415	1508	1274	2731	973
MSTRG.10131	12312	628	821	11117	726	1101	2374	1462	768
MSTRG.10132	2411	3323	1841	1362	2392	2369	2308	1929	1848
MSTRG.10133	1452	33	300	788	8	186	1379	22	198
MSTRG.10134	5858	535	345	6624	1641	123	3062	1626	341
MSTRG.10135	15	678	1067	0	214	410	0	286	1588
MSTRG.10136	1047	872	2029	1592	1170	1048	294	923	3421
MSTRG.10137	4268	616	594	4708	492	35	1000	748	250
MSTRG.10138	3039	4296	3915	2739	6402	1964	800	3984	2599
MSTRG.10139	9616	2367	0	9772	16764	0	2558	1767	0
MSTRG.1014	881	4449	198	439	4140	346	790	7536	580
MSTRG.10140	0	689	3166	66	1064	2867	12	523	2784
MSTRG.10141	1322	4804	5827	1223	1473	4539	1489	2951	3698
MSTRG.10142	935	3852	4289	434	7063	3084	625	3020	3439
MSTRG.10143	294	1214	155	134	1647	79	64	1031	144
MSTRG.10144	713	943	88	434	589	145	443	1147	45
MSTRG.10145	3555	1681	674	2840	339	859	2088	1314	404
MSTRG.10146	288	222	49	326	424	842	237	607	239
MSTRG.10147	1120	3014	18060	1641	1066	17059	808	1781	21586
MSTRG.10148	139	1444	6088	362	1303	9070	631	2001	9664
MSTRG.10149	380	746	1	1	783	1	2	640	0
MSTRG.1015	0	1188	827	57	1054	1233	0	927	984
MSTRG.10150	6465	4193	9	7202	1657	0	4981	2008	25
MSTRG.10151	93	1632	355	141	1121	644	56	1727	314
MSTRG.10152	3581	404	68	2672	28	214	1519	531	45
MSTRG.10153	1988	786	4	1210	1181	11	800	272	0
MSTRG.10154	12683	111	1	8422	140	1	11123	54	1
MSTRG.10155	2874	450	37	2137	315	30	2323	702	48
MSTRG.10156	93	982	0	307	916	0	80	1003	78
MSTRG.10157	13924	631	1	9045	842	1	11997	1206	1
MSTRG.10158	219	1462	29	154	427	47	117	830	50
MSTRG.10159	28	954	520	70	3203	2472	18	1303	703
MSTRG.1016	11	940	899	607	1334	1249	0	262	685
MSTRG.10160	60	1709	16844	55	626	17953	3	2085	31111
MSTRG.10161	838	0	18234	427	0	16541	186	0	46353
MSTRG.10162	96	3192	323	52	2415	994	94	3252	1247
MSTRG.10163	1384	1	89	420	2	3	982	0	420
MSTRG.10164	135	6127	13	118	3123	9	17	3735	1
MSTRG.10165	979	8821	1871	860	8605	1022	1121	10108	1221
MSTRG.10166	82	401	1877	50	617	710	59	104	1474
MSTRG.10167	686	11	568	881	692	412	709	0	4471
MSTRG.10168	4315	7517	718	3363	15779	234	2815	6642	3950
MSTRG.10169	5129	396	0	4941	77	0	2775	202	0
MSTRG.1017	3149	4081	2278	1292	2214	4397	3270	3558	1827
MSTRG.10170	1302	133	0	673	165	0	486	65	0
MSTRG.10171	1205	26	1	972	46	31	716	84	52
MSTRG.10172	4915	2148	184	4860	1422	371	3393	451	1365
MSTRG.10173	59	887	899	91	515	1307	87	207	874
MSTRG.10174	1286	3165	4617	1041	1437	5630	535	597	3524
MSTRG.10175	939	0	38	364	0	268	380	0	266
MSTRG.10176	118	2394	1996	5	1997	1618	108	2535	1459
MSTRG.10177	12	427	22	1	539	0	1	295	1
MSTRG.10178	2392	10	0	1729	943	0	2257	9	0
MSTRG.10179	13	6	0	4	45	0	29	97	0
MSTRG.1018	493	1342	1261	622	1198	2504	339	877	2994
MSTRG.10180	10	1009	2793	5	594	1761	97	1012	17113
MSTRG.10181	2267	1022	3	1078	1363	53	2053	1385	23
MSTRG.10182	3691	1035	0	3804	943	0	2308	573	0
MSTRG.10183	2546	3012	0	2061	3308	0	2791	3755	0
MSTRG.10184	329	559	91	376	869	56	255	996	25
MSTRG.10185	1465	1099	355	1413	661	507	913	968	468
MSTRG.10186	1301	463	913	625	1536	1747	1005	900	880
MSTRG.10187	0	3452	1594	0	2252	1351	0	2629	1284
MSTRG.10188	891	5680	179	1461	3836	1689	454	6797	1406
MSTRG.10189	143	49	351	40	122	263	41	57	352
MSTRG.1019	11575	302	4	11779	474	2444	7996	129	2463
MSTRG.10190	947	232	1231	610	361	1442	68	444	1477
MSTRG.10191	373	55	518	342	87	615	251	39	600
MSTRG.10192	744	79	502	667	53	270	414	72	120
MSTRG.10193	145	8539	92	107	6106	2649	54	8194	71
MSTRG.10194	43	0	2589	57	0	5123	11	0	2143
MSTRG.10195	209	0	1177	105	0	2796	80	0	829
MSTRG.10196	1451	1052	82	1788	530	0	1707	1416	78
MSTRG.10197	1506	1134	3	1088	1300	11	987	1004	6
MSTRG.10198	10589	1160	0	16615	650	0	4197	1272	0
MSTRG.10199	5892	6382	1206	3177	9673	844	9335	6297	1288
MSTRG.102	2073	3157	637	2218	485	694	540	3815	1121
MSTRG.1020	321	3906	172	391	1162	77	730	1902	200
MSTRG.10200	1660	0	1214	1501	20	808	1098	8	887
MSTRG.10201	479	226	830	498	59	161	208	217	368
MSTRG.10202	11618	268	0	11592	288	0	6224	162	0
MSTRG.10203	3904	828	5	1392	808	236	2520	750	1
MSTRG.10204	2373	170	0	1221	102	0	1614	217	0
MSTRG.10205	1112	52	204	834	105	112	756	220	112
MSTRG.10206	2673	82	382	2702	199	3201	2162	264	1741
MSTRG.10207	2366	331	242	422	172	336	644	229	204
MSTRG.10208	9408	734	12584	3597	641	23223	2495	1537	10565
MSTRG.10209	91	678	2888	85	1099	6507	29	729	2661
MSTRG.1021	472	1938	2426	507	2344	2421	449	1366	972
MSTRG.10210	1360	3551	1909	1109	2275	1736	359	4739	2157
MSTRG.10211	106	149	1434	0	181	1064	0	128	1004
MSTRG.10212	180	18	901	434	11	483	178	15	1830
MSTRG.10213	299	1591	3585	222	1157	2881	187	1227	5038
MSTRG.10214	1224	119	741	801	44	863	992	96	604
MSTRG.10215	217	514	1370	381	552	1541	241	368	1088
MSTRG.10216	3763	102	933	1722	45	411	2672	567	993
MSTRG.10217	0	2454	1326	0	1351	1975	0	1458	1018
MSTRG.10218	1729	485	26212	1918	641	26193	886	314	14425
MSTRG.10219	5517	0	808	2399	181	965	3569	0	903
MSTRG.1022	228	1949	3211	323	1476	1893	682	2528	2385
MSTRG.10220	84	0	1487	12	0	977	129	0	1098
MSTRG.10221	1121	28	86	1250	28	35	827	0	136
MSTRG.10222	313	8045	218	212	2154	195	116	3109	291
MSTRG.10223	23	0	3219	98	0	3179	82	0	3419
MSTRG.10224	2228	15	431	2175	9	381	1471	73	580
MSTRG.10225	1372	2639	586	730	1656	1021	802	1797	566
MSTRG.10226	0	2064	166	0	1712	144	0	2977	165
MSTRG.10227	92	151	86	98	155	38	148	158	73
MSTRG.10228	474	340	1981	744	434	1388	206	551	1511
MSTRG.10229	2979	0	28	3176	134	4	2028	0	46
MSTRG.1023	775	4	1388	585	3	660	1172	24	1145
MSTRG.10230	586	1	1	1055	277	33	155	2	0
MSTRG.10231	164	106	1298	522	360	1893	228	146	1123
MSTRG.10232	1962	1196	105	3059	822	42	1159	790	6
MSTRG.10233	28	319	95	43	83	14	32	717	20
MSTRG.10234	9006	174	1659	5195	0	7473	5876	178	1904
MSTRG.10235	42803	4345	1063	6051	6107	2694	39060	4483	1314
MSTRG.10236	520	80	1226	650	13	1540	232	38	1442
MSTRG.10237	476	44	1990	415	0	6490	394	0	893
MSTRG.10238	6847	1129	1101	4366	3804	684	4186	379	857
MSTRG.10239	231	0	29	106	0	42	73	2	181
MSTRG.1024	1184	108	6	776	167	6	754	178	3
MSTRG.10240	570	1970	1316	363	3430	2235	320	1889	1043
MSTRG.10241	1	250	720	21	420	411	1	472	515
MSTRG.10242	124	3722	596	17	2219	308	72	5217	317
MSTRG.10243	200	24	1022	79	45	884	70	29	602
MSTRG.10244	0	388	1160	0	322	829	22	413	8836
MSTRG.10245	257	2051	1571	242	1186	1483	146	2569	1578
MSTRG.10246	749	39	407	772	44	282	603	26	366
MSTRG.10247	2102	0	714	5780	0	239	2306	0	431
MSTRG.10248	3725	214	1434	948	13	306	4436	139	773
MSTRG.10249	2292	205	29	2110	59	55	3060	305	115
MSTRG.1025	1635	0	4094	1579	61	8944	975	16	4402
MSTRG.10250	6059	4582	0	6680	1416	0	2556	3452	0
MSTRG.10251	447	2942	59	134	3670	7	287	2667	281
MSTRG.10252	0	1387	110	0	1610	204	0	1808	103
MSTRG.10253	2	867	0	61	963	0	15	804	0
MSTRG.10254	2891	1706	509	2300	2601	537	2540	3027	349
MSTRG.10255	0	423	319	0	107	143	0	244	148
MSTRG.10256	9577	66	60	4187	44	57	8253	83	44
MSTRG.10257	2154	0	0	2587	0	0	2242	9	0
MSTRG.10258	55	1543	0	195	249	0	105	1479	0
MSTRG.10259	2330	2226	2379	5267	1217	276	2409	3751	525
MSTRG.1026	50	71	16909	1	19	21208	1	80	19881
MSTRG.10260	763	594	0	191	45	0	312	308	0
MSTRG.10261	881	3093	0	495	1184	0	819	3221	0
MSTRG.10262	1175	3688	0	2028	226	0	1656	5464	0
MSTRG.10263	491	0	1545	707	0	2891	265	0	1597
MSTRG.10264	79	2943	300	57	1344	1817	11	3621	323
MSTRG.10265	16	5916	8	0	1774	29	0	7658	1
MSTRG.10266	24	4578	253	42	2395	206	3	4370	219
MSTRG.10267	61	122	53	39	109	124	86	95	70
MSTRG.10268	15899	1095	750	8631	645	222	5636	471	611
MSTRG.10269	4372	237	331	2158	301	306	2509	543	320
MSTRG.1027	7312	3	20	3035	2	28	8166	62	9
MSTRG.10270	30	29961	234	10	21769	404	5	33826	270
MSTRG.10271	722	9025	126	306	5782	618	762	1913	111
MSTRG.10272	245	7822	2314	407	4972	925	153	1481	1137
MSTRG.10273	733	19594	0	340	33529	0	166	18943	0
MSTRG.10274	354	244	1339	233	134	2863	311	47	1231
MSTRG.10275	849	3791	1219	1336	2287	1938	425	930	1386
MSTRG.10276	2298	12	0	2350	70	0	1394	1	0
MSTRG.10277	8876	115	1186	54443	800	1132	5245	108	950
MSTRG.10278	139	26	186	184	6	91	341	9	672
MSTRG.10279	4452	41	8	6405	295	1	2119	434	21
MSTRG.1028	4535	189	9	4446	62	0	4460	251	0
MSTRG.10280	3820	5996	136	4639	3911	70	590	1207	123
MSTRG.10281	7276	4636	10	3111	2642	29	6179	1068	44
MSTRG.10282	379	555	48	295	256	149	233	207	921
MSTRG.10283	800	1	3	222	49	84	1137	4	2
MSTRG.10284	4	1	93	32	1	62	127	0	82
MSTRG.10285	21	46	394	20	12	374	5	129	381
MSTRG.10286	2964	6	2966	1064	0	4860	2477	3	1199
MSTRG.10287	407	992	2665	327	184	2727	172	1003	2365
MSTRG.10288	2853	39	296	1470	0	330	923	0	467
MSTRG.10289	29	0	64	67	20	46	13	0	99
MSTRG.1029	35	3225	164	26	1252	87	30	1524	25
MSTRG.10290	3193	130	0	1496	9	0	1494	2	0
MSTRG.10291	0	27771	305	0	14100	388	0	27602	204
MSTRG.10292	1183	30157	27	1023	14133	105	1190	45388	64
MSTRG.10293	4595	90	0	3081	59	57	5225	308	3
MSTRG.10294	5087	42	965	4304	16	1588	3326	48	1131
MSTRG.10295	0	151	472	0	6	395	0	317	622
MSTRG.10296	1081	63	1358	853	22	954	1562	1	1102
MSTRG.10297	0	0	13	0	0	9	46	0	16
MSTRG.10298	17	1225	3542	161	794	2765	17	1019	3101
MSTRG.10299	753	1125	58	2409	244	138	276	2612	126
MSTRG.103	2066	11	6227	1588	11	2340	1905	21	5932
MSTRG.1030	301	5993	2	218	2296	8	37	4725	5
MSTRG.10300	3665	2173	806	5263	1357	1496	936	436	630
MSTRG.10301	214	2395	36	313	797	187	212	472	12
MSTRG.10302	72	0	1	95	0	55	56	0	0
MSTRG.10303	91	0	0	57	0	0	13	0	0
MSTRG.10304	137	19	663	344	106	1770	447	52	976
MSTRG.10305	74	500	267	55	752	359	1	1175	250
MSTRG.10306	0	7762	165	0	4035	4226	0	4833	94
MSTRG.10307	0	6308	16332	0	2949	17201	0	7764	11049
MSTRG.10308	78	548	8392	115	696	2915	1	457	5490
MSTRG.10309	29	2279	14	1882	1937	138	57	1927	7
MSTRG.1031	377	1576	0	305	65	8	301	967	80
MSTRG.10310	685	73	69	3322	38	196	60	80	30
MSTRG.10311	8143	0	107	3292	0	81	3345	0	109
MSTRG.10312	52	0	13235	145	0	15015	73	0	7731
MSTRG.10313	40	9575	700	38	5870	254	84	1616	725
MSTRG.10314	3893	5	177	2661	114	260	1449	14	112
MSTRG.10315	2643	0	496	1961	0	294	1400	0	413
MSTRG.10316	760	0	4320	939	0	2191	1223	0	616
MSTRG.10317	5675	69	4778	2587	43	2737	3439	48	14463
MSTRG.10318	96	1702	52	45	2156	73	31	1929	75
MSTRG.10319	725	1901	83	1486	1391	129	945	1496	106
MSTRG.1032	5285	1	4617	7731	2	6353	1372	3	4321
MSTRG.10320	625	3	132	295	24	174	238	0	262
MSTRG.10321	909	68	1660	1386	2257	1915	620	1787	2825
MSTRG.10322	1048	531	1473	650	403	2486	853	381	2530
MSTRG.10323	5085	21	3125	6382	11	2780	2600	23	2226
MSTRG.10324	6384	1807	2378	15947	1164	2089	5253	2270	2047
MSTRG.10325	952	1117	3090	1069	718	1186	342	939	2360
MSTRG.10326	3292	206	2518	1503	65	8060	660	66	1782
MSTRG.10327	1023	104	67	1157	4600	320	506	152	98
MSTRG.10328	1291	3386	1684	1346	2966	4909	771	2826	1734
MSTRG.10329	0	38	1142	0	0	1340	0	5	851
MSTRG.1033	632	4618	3512	0	3827	3801	0	6416	2116
MSTRG.10330	1122	1078	1769	758	1010	3053	661	673	1474
MSTRG.10331	1202	372	4214	796	405	3789	958	557	3542
MSTRG.10332	242	1185	549	419	399	306	461	1278	515
MSTRG.10333	3976	1201	613	1557	1426	754	2505	596	311
MSTRG.10334	1552	927	1403	1045	136	2813	886	522	1725
MSTRG.10335	6	0	0	26	0	0	28	0	2
MSTRG.10336	992	2	33	732	359	28	472	5	44
MSTRG.10337	3457	0	496	3937	0	187	493	0	379
MSTRG.10338	1782	185	621	1317	68	354	903	323	416
MSTRG.10339	1259	0	3202	145	70	6245	640	0	2685
MSTRG.1034	2705	45	42	1640	61	167	1537	0	172
MSTRG.10340	1239	483	26	988	6401	43	226	1745	350
MSTRG.10341	207	263	60	105	429	298	104	197	218
MSTRG.10342	440	16397	199	332	18112	132	785	12990	153
MSTRG.10343	917	1438	379	900	4068	375	450	2608	378
MSTRG.10344	191	2541	5	104	1439	40	103	2107	8
MSTRG.10345	840	1361	617	921	530	2174	1090	1103	1055
MSTRG.10346	1029	973	145	452	343	129	174	1856	59
MSTRG.10347	1052	32	680	1604	0	11127	1121	22	922
MSTRG.10348	2112	4276	0	753	3203	99	2662	9936	0
MSTRG.10349	0	820	97	0	1753	94	0	637	499
MSTRG.1035	1133	18350	72	1913	12968	24	329	15468	46
MSTRG.10350	3219	1404	0	3304	1968	0	2539	1502	0
MSTRG.10351	1	1146	0	1	430	0	0	1290	0
MSTRG.10352	2220	1628	4190	1472	1451	1638	1814	1566	2240
MSTRG.10353	4733	31916	1212	4035	22553	492	4361	25859	504
MSTRG.10354	1598	1037	1989	768	845	1016	953	1410	982
MSTRG.10355	6	1817	0	0	944	0	30	1245	0
MSTRG.10356	1	64	19	1	48	2082	4	158	1853
MSTRG.10357	9	312	0	16	240	0	1	566	0
MSTRG.10358	34	4329	6	15	2506	37	0	3319	48
MSTRG.10359	4606	893	329	4852	266	912	1221	435	270
MSTRG.1036	158	64	187	11	22	185	3	16	208
MSTRG.10360	1703	479	4389	1605	281	6446	479	493	2978
MSTRG.10361	5252	585	0	5256	2320	0	1364	780	0
MSTRG.10362	0	319	0	0	211	0	0	259	0
MSTRG.10363	2172	1988	14044	1938	1527	20894	1712	2002	11272
MSTRG.10364	449	42	514	461	59	610	179	31	270
MSTRG.10365	67	1370	856	129	1688	174	49	1518	470
MSTRG.10366	1026	55	358	690	112	77	733	0	213
MSTRG.10367	1378	105	524	1665	54	611	1430	15	399
MSTRG.10368	1024	1684	3216	618	5450	3015	697	2607	1827
MSTRG.10369	3638	1187	423	3133	6521	597	3260	1144	944
MSTRG.1037	441	8	30	524	1	88	454	0	29
MSTRG.10370	826	1147	3194	1247	1380	2322	668	1820	2821
MSTRG.10371	636	1869	0	315	7263	0	479	1009	0
MSTRG.10372	1076	1281	145	1507	987	109	996	1564	284
MSTRG.10373	3562	106	288	3627	43	502	1517	139	544
MSTRG.10374	9901	1665	474	9846	1127	1097	7121	554	633
MSTRG.10375	131	77	5834	142	53	4444	103	12	5566
MSTRG.10376	436	1317	1	525	714	1	297	557	1
MSTRG.10377	32	672	153	48	264	427	9	350	294
MSTRG.10378	142	1050	13768	70	898	10143	65	1271	11750
MSTRG.10379	11229	3972	646	7544	2720	689	7941	807	498
MSTRG.1038	7322	158	2916	3268	125	2125	2747	35	2518
MSTRG.10380	0	1998	72	0	1438	35	0	1998	104
MSTRG.10381	0	623	232	0	493	869	0	545	528
MSTRG.10382	1546	761	803	598	439	207	1126	519	150
MSTRG.10383	1316	1676	4	1223	311	11	761	958	13
MSTRG.10384	1159	9	457	650	10	562	959	88	379
MSTRG.10385	6936	48	54	6830	49	9	5873	126	34
MSTRG.10386	0	0	348	18	0	312	4	0	182
MSTRG.10387	544	362	125	262	181	180	131	574	125
MSTRG.10388	932	30	965	577	7	1594	406	10	151
MSTRG.10389	204	0	282	154	0	185	182	1	224
MSTRG.1039	1662	1	7692	1401	17	8609	50	2	2992
MSTRG.10390	132	397	270	139	205	207	129	101	126
MSTRG.10391	92	15	1591	169	51	2438	233	30	2218
MSTRG.10392	291	83	168	157	66	224	90	131	202
MSTRG.10393	1059	0	93	951	0	98	768	0	94
MSTRG.10394	1702	0	0	1610	0	0	1199	0	0
MSTRG.10395	4493	2112	105	1572	205	108	3723	296	56
MSTRG.10396	116	0	444	75	0	379	109	0	562
MSTRG.10397	2746	0	15	1958	1125	60	1462	0	22
MSTRG.10398	278	0	86	293	0	115	77	0	94
MSTRG.10399	30	2331	28	333	3387	46	17	1866	57
MSTRG.104	284	114	2315	101	176	728	286	171	2443
MSTRG.1040	18	291	0	283	26	3	20	225	78
MSTRG.10400	2310	269	906	1042	1766	1079	309	240	580
MSTRG.10401	470	7	1327	363	73	3902	255	1	585
MSTRG.10402	0	5	273	0	9	233	0	82	151
MSTRG.10403	16	215	792	48	369	653	23	311	818
MSTRG.10404	9493	162	356	6419	149	660	717	217	191
MSTRG.10405	0	692	37993	0	318	48041	0	938	23355
MSTRG.10406	8285	0	5897	4568	0	45458	3695	0	4482
MSTRG.10407	3782	217	4	3056	394	11	2954	388	1
MSTRG.10408	153	0	69	231	0	85	74	0	175
MSTRG.10409	316	0	2	563	0	1	381	0	1
MSTRG.1041	208	0	1820	171	10	4581	162	141	1290
MSTRG.10410	0	1900	60	0	150	6	0	720	26
MSTRG.10411	155	1847	217	220	4025	389	94	1118	346
MSTRG.10412	1085	1443	590	618	1779	621	152	1538	266
MSTRG.10413	56	0	8903	508	0	10872	13	0	8662
MSTRG.10414	403	1223	0	3	985	0	177	1355	0
MSTRG.10415	1235	160	913	1469	58	49	742	187	999
MSTRG.10416	4455	11	86	5095	55	227	2295	977	270
MSTRG.10417	106	15	118	16	148	154	43	65	273
MSTRG.10418	163	166	372	5	25	522	0	124	424
MSTRG.10419	4173	409	2676	2709	293	2372	1139	719	1272
MSTRG.1042	377	7587	78	113	6086	10	176	4658	62
MSTRG.10420	3470	3028	0	3207	4245	0	1519	1239	0
MSTRG.10421	266	3322	1905	253	3309	2212	323	3297	1561
MSTRG.10422	3284	408	2814	1712	488	4163	3026	648	2382
MSTRG.10423	26	73	1197	48	23	509	13	107	1625
MSTRG.10424	208	193	3147	128	61	4499	233	276	1859
MSTRG.10425	4654	29	162	2869	350	364	2720	189	93
MSTRG.10426	0	0	525	0	30	2171	0	1	26
MSTRG.10427	5820	1448	43	2212	1313	62	2390	1440	91
MSTRG.10428	3750	563	22	3296	439	220	1767	667	51
MSTRG.10429	1970	1026	2	1545	500	31	1210	915	1
MSTRG.1043	7031	3484	255	4704	3718	12	5732	3285	2
MSTRG.10430	708	3870	49	1011	3382	106	642	3511	56
MSTRG.10431	3446	0	3059	2394	397	2969	2444	0	4371
MSTRG.10432	771	1200	3573	223	2069	5972	458	2318	3508
MSTRG.10433	342	37	168	124	0	116	133	5	259
MSTRG.10434	1670	220	375	814	199	1912	1148	41	206
MSTRG.10435	1821	0	46	923	118	20	2279	0	22
MSTRG.10436	594	832	249	41	3431	1514	215	1505	454
MSTRG.10437	2823	318	12	1790	396	93	1683	361	147
MSTRG.10438	8184	4	6711	649	5	37495	7291	10	5017
MSTRG.10439	0	1404	767	0	13083	1076	0	7	1000
MSTRG.1044	1418	51	263	338	286	90	1400	204	19
MSTRG.10440	2403	20722	324	1902	12412	728	1502	14411	750
MSTRG.10441	6357	10787	8862	3449	2276	5042	3726	4330	4283
MSTRG.10442	5506	6	9032	2779	64	20205	3690	11	10387
MSTRG.10443	120	205	1817	125	104	1310	80	82	694
MSTRG.10444	202	15133	4464	66	13951	7742	59	11877	5007
MSTRG.10445	1103	0	183	919	0	156	526	7	209
MSTRG.10446	151	835	245	586	332	2360	248	1260	615
MSTRG.10447	8302	692	164	4109	285	283	3861	563	257
MSTRG.10448	36986	15122	1265	41326	3631	1597	28585	20074	201
MSTRG.10449	763	52	224	654	62	428	82	110	384
MSTRG.1045	1141	156	83	1257	270	85	500	226	29
MSTRG.10450	16	0	29	346	14	58	0	10	50
MSTRG.10451	14844	123	7221	15030	108	8901	5831	219	9947
MSTRG.10452	485	148	3575	81	138	3515	238	194	3858
MSTRG.10453	93	393	593	197	316	656	17	513	842
MSTRG.10454	52683	1924	1621	20319	2678	662	58627	4185	2773
MSTRG.10455	68683	2139	85	15315	1686	222	90131	2237	392
MSTRG.10456	13	3949	189	20	2618	94	49	4001	120
MSTRG.10457	181	0	1233	38	57	1310	376	7	1424
MSTRG.10458	79	2347	12	23	1509	32	0	2189	199
MSTRG.10459	1439	4164	495	514	1216	2648	1050	3198	457
MSTRG.1046	827	70	18	1314	14	34	232	75	67
MSTRG.10460	3031	4405	189	607	6898	297	4062	2091	170
MSTRG.10461	4063	95	515	4353	52	526	1200	164	464
MSTRG.10462	5316	1881	627	2860	3899	630	879	3134	630
MSTRG.10463	0	1136	183	0	657	589	0	1313	540
MSTRG.10464	0	2089	281	0	4377	250	0	2222	377
MSTRG.10465	54	5499	1264	46	4192	1296	39	5158	984
MSTRG.10466	982	596	2003	1934	360	1412	751	501	1032
MSTRG.10467	5684	3190	2249	4339	3310	2204	1135	3289	2061
MSTRG.10468	5359	76	335	3446	112	286	2153	115	329
MSTRG.10469	951	27	115	914	34	92	430	54	100
MSTRG.1047	4125	61	3616	36	75	4326	180	54	3686
MSTRG.10470	2001	33	96	1880	17	100	1494	63	206
MSTRG.10471	0	346	45	0	90	561	0	253	18
MSTRG.10472	0	391	73	0	131	29	0	272	29
MSTRG.10473	17848	389	169	16013	82	84	3786	679	226
MSTRG.10474	2306	3211	97	2390	4290	28	549	4635	86
MSTRG.10475	8	39	560	58	55	480	6	430	474
MSTRG.10476	0	241	379	0	285	163	0	199	464
MSTRG.10477	0	237	1292	0	111	2467	0	89	1590
MSTRG.10478	966	13	2406	558	7	2709	504	87	669
MSTRG.10479	1461	108	127	1671	65	350	820	73	125
MSTRG.1048	815	3395	1136	926	1368	2864	203	2891	2405
MSTRG.10480	1986	350	35	1324	413	26	1647	490	5
MSTRG.10481	52	26	43	1345	12	51	790	54	35
MSTRG.10482	436	882	30	368	1745	119	310	938	46
MSTRG.10483	2678	266	28	1626	71	461	1887	235	36
MSTRG.10484	618	1311	2940	560	9368	2581	550	1060	1931
MSTRG.10485	675	1	112	197	81	363	124	0	46
MSTRG.10486	0	375	768	0	208	690	0	54	381
MSTRG.10487	0	0	1724	0	0	2554	0	0	869
MSTRG.10488	9	0	826	0	0	583	14	0	483
MSTRG.10489	272	5526	1335	3677	3432	2941	89	4338	1410
MSTRG.1049	2241	9120	30429	1053	3937	23994	1131	2564	30453
MSTRG.10490	5149	1274	277	4160	126	220	3180	580	275
MSTRG.10491	1805	1678	2405	2168	1143	1218	1387	2043	2573
MSTRG.10492	1333	0	778	856	0	1123	1767	0	997
MSTRG.10493	1807	36	293	1216	2659	2822	1091	2576	61
MSTRG.10494	1060	0	0	111	0	0	364	0	0
MSTRG.10495	0	666	215	0	1102	120	0	624	311
MSTRG.10496	4	2155	1	437	943	7	1	2001	17
MSTRG.10497	0	2885	0	0	3024	0	0	2047	0
MSTRG.10498	434	875	34	198	1097	53	196	324	9
MSTRG.10499	939	0	111	3714	0	79	1544	0	104
MSTRG.105	9262	10343	45	6416	6385	8	7066	1762	0
MSTRG.1050	3396	1	51923	2894	0	7506	1515	31	21693
MSTRG.10500	400	18960	91	437	15488	77	127	25064	178
MSTRG.10501	37706	1350	653	22041	390	644	20544	932	732
MSTRG.10502	22	0	0	43	126	0	5	0	0
MSTRG.10503	3867	544	0	8623	1251	0	2248	445	0
MSTRG.10504	3467	2768	749	1980	1588	862	1780	2687	670
MSTRG.10505	1165	9	907	767	32	834	623	8	375
MSTRG.10506	1375	673	108	518	475	185	2054	1040	172
MSTRG.10507	7809	3651	3036	4357	1679	4340	7736	3976	2768
MSTRG.10508	748	0	654	1104	0	528	425	0	377
MSTRG.10509	1954	355	31	1802	801	19	1663	612	42
MSTRG.1051	180	128	45744	138	128	9913	0	66	26894
MSTRG.10510	1096	497	101	422	426	185	982	596	174
MSTRG.10511	2412	7601	594	1562	5672	378	1010	8152	366
MSTRG.10512	38370	1	0	27539	1	0	18123	1	0
MSTRG.10513	1788	239	1060	1130	565	2498	907	238	972
MSTRG.10514	1874	13553	448	919	5721	427	1207	13086	530
MSTRG.10515	128	732	0	44	501	0	158	565	0
MSTRG.10516	344	68	2027	206	54	6268	352	110	2247
MSTRG.10517	192	538	463	278	1041	713	346	536	774
MSTRG.10518	623	744	853	1337	445	760	255	42	974
MSTRG.10519	304	496	626	204	397	590	244	598	897
MSTRG.1052	3481	2177	204	1529	9224	214	991	1487	314
MSTRG.10520	2893	98	613	1770	50	817	1613	37	839
MSTRG.10521	1813	123	1123	1738	155	1502	1295	50	910
MSTRG.10522	0	192	0	0	158	0	58	149	0
MSTRG.10523	119	1641	169	29	2028	796	2	456	97
MSTRG.10524	3847	40	0	8988	22	0	4025	0	0
MSTRG.10525	1619	227	299	3211	210	535	1032	153	250
MSTRG.10526	1438	1832	1488	1731	2615	1931	1170	3262	275
MSTRG.10527	3800	121	31	5330	187	47	697	67	69
MSTRG.10528	1000	190	0	528	405	0	648	197	0
MSTRG.10529	228	0	55	188	0	413	238	0	157
MSTRG.1053	2202	0	78	2404	64	280	781	0	63
MSTRG.10530	1514	66	2875	1289	39	4816	256	11	4051
MSTRG.10531	116	51	148	60	40	224	47	40	248
MSTRG.10532	2053	708	2515	741	374	1804	664	550	2372
MSTRG.10533	870	830	8	332	988	69	267	459	62
MSTRG.10534	1559	19	710	905	5	739	1205	7	599
MSTRG.10535	8342	749	9	8592	574	72	2275	745	64
MSTRG.10536	1947	2606	2016	1418	3624	3057	1275	1167	1280
MSTRG.10537	1363	391	933	949	157	673	552	210	793
MSTRG.10538	1206	1598	701	348	783	681	355	426	1860
MSTRG.10539	2136	352	1652	354	314	1318	880	239	602
MSTRG.1054	1766	123	8	1533	22	0	1254	80	5
MSTRG.10540	14	516	228	31	677	508	17	575	119
MSTRG.10541	55	462	0	108	614	0	119	263	0
MSTRG.10542	0	11990	2446	0	7435	1736	0	11755	18517
MSTRG.10543	725	0	0	305	0	0	428	0	0
MSTRG.10544	141	1089	37	188	14	58	209	1188	212
MSTRG.10545	326	5592	108	92	3826	181	114	5867	1570
MSTRG.10546	121	1311	57	52	1577	163	34	1732	304
MSTRG.10547	0	752	0	0	34	0	0	355	0
MSTRG.10548	0	215	16	0	728	8	0	203	36
MSTRG.10549	0	114	698	0	2118	204	0	142	1296
MSTRG.1055	162	100	992	167	19	700	102	0	1034
MSTRG.10550	3800	257	59	399	4233	1939	330	256	47
MSTRG.10551	0	17	9	0	140	21	0	159	39
MSTRG.10552	0	907	33	0	1054	144	0	1451	74
MSTRG.10553	0	5046	19	0	8971	12	0	4010	35
MSTRG.10554	3339	274	24	3387	552	3	1522	660	25
MSTRG.10555	52	6169	437	180	315	739	58	4142	314
MSTRG.10556	1016	11467	3450	1673	8734	2004	398	17037	1545
MSTRG.10557	51	1154	30	92	975	83	9	952	14
MSTRG.10558	7	1651	300	20	679	345	18	1252	1831
MSTRG.10559	174	5032	12	174	12472	102	275	6968	31
MSTRG.1056	1	286	6175	1	104	9163	12	28	3571
MSTRG.10560	318	225	0	244	178	0	570	159	0
MSTRG.10561	1342	379	3524	363	4569	2536	860	645	27267
MSTRG.10562	691	246	37	430	375	156	418	332	26
MSTRG.10563	744	1574	0	582	1084	0	539	254	0
MSTRG.10564	462	390	1257	229	597	567	37	384	534
MSTRG.10565	0	32	0	0	135	0	0	58	0
MSTRG.10566	1622	8472	10704	585	1672	12516	40	5620	5634
MSTRG.10567	2023	3270	10581	2602	2619	10950	491	2529	7598
MSTRG.10568	1654	672	6	1335	343	120	872	571	1
MSTRG.10569	42	1663	15	15	699	29	31	1685	28
MSTRG.1057	142	168	9525	32	40	11012	188	30	9642
MSTRG.10570	1382	297	0	911	530	78	974	491	101
MSTRG.10571	12	1393	1	13	1513	394	31	1878	487
MSTRG.10572	0	21	8143	0	22	9267	0	296	6945
MSTRG.10573	125	470	1305	33	2461	1147	192	437	694
MSTRG.10574	45	1302	2	43	449	2	662	1011	44
MSTRG.10575	11	1262	1221	196	1613	1297	18	1854	1444
MSTRG.10576	175	737	0	45	193	0	45	616	0
MSTRG.10577	95	1265	0	0	609	0	0	977	0
MSTRG.10578	437	3176	55	380	454	17	605	1934	38
MSTRG.10579	2850	2446	13	4066	3569	231	648	2581	88
MSTRG.1058	382	264	2484	16	77	15487	3	16	2866
MSTRG.10580	3627	0	1907	3234	0	1826	2701	1	1427
MSTRG.10581	411	176	498	426	125	355	407	58	482
MSTRG.10582	103	111	380	32	32	455	74	368	724
MSTRG.10583	0	85	54	0	540	31	0	13	439
MSTRG.10584	185	102	230	145	75	691	92	15	68
MSTRG.10585	0	165	9	0	200	0	0	332	47
MSTRG.10586	1	171	817	86	114	856	12	33	1188
MSTRG.10587	1326	685	304	1471	626	229	1230	513	335
MSTRG.10588	96	33	42	118	59	42	172	53	105
MSTRG.10589	536	154	20000	461	696	54927	478	420	10014
MSTRG.1059	1	990	38	5	2732	20	48	369	42
MSTRG.10590	1204	655	14042	776	365	6489	838	648	9515
MSTRG.10591	303	1486	30	164	1783	7	174	2064	22
MSTRG.10592	3955	3044	2	2751	3399	1	2392	1106	2
MSTRG.10593	12	282	0	19	216	3	22	192	2
MSTRG.10594	827	2944	11	1178	25858	39	718	1488	32
MSTRG.10595	47	147	20	13	69	47	44	56	51
MSTRG.10596	51	49	1619	168	134	1124	11	45	13278
MSTRG.10597	4	32	794	85	451	532	1	26	6326
MSTRG.10598	0	192	536	0	206	399	0	370	4462
MSTRG.10599	1308	174	3384	2322	130	3199	1030	289	2724
MSTRG.106	4567	1036	165	3785	705	77	2895	204	103
MSTRG.1060	94	4664	141	118	3951	169	105	5394	244
MSTRG.10600	455	570	464	402	534	364	313	280	373
MSTRG.10601	1	2504	0	1	2035	0	1	1992	0
MSTRG.10602	24151	0	192	14058	0	749	14135	0	448
MSTRG.10603	10560	5541	128	2722	7415	123	4187	5054	79
MSTRG.10604	22	1430	819	74	386	553	13	1659	774
MSTRG.10605	323	3247	98	101	1810	90	102	2503	11
MSTRG.10606	16651	412	1564	12961	1080	1874	9925	248	1951
MSTRG.10607	1197	470	14	308	2784	234	946	411	348
MSTRG.10608	87	82	0	24	102	59	22	88	58
MSTRG.10609	497	46	1382	207	290	1921	362	86	1428
MSTRG.1061	1959	1252	1	2096	3777	1	994	3097	0
MSTRG.10610	15836	36	1416	2245	21	2613	881	77	1850
MSTRG.10611	16226	3395	1352	4068	2596	15572	45142	2332	13
MSTRG.10612	126	418	0	119	209	0	83	362	0
MSTRG.10613	46	1137	4845	63	578	12702	66	533	3888
MSTRG.10614	170	3093	335	216	2634	179	309	1876	590
MSTRG.10615	2084	1962	866	2438	3018	311	2552	2077	328
MSTRG.10616	2063	265	988	2269	188	1223	1886	594	1252
MSTRG.10617	4018	2810	73	2510	1555	100	2005	2588	97
MSTRG.10618	2584	0	0	2033	0	0	988	0	0
MSTRG.10619	6163	205	678	9103	298	662	6005	275	940
MSTRG.1062	6062	29968	5799	2771	7569	9070	2115	23909	3674
MSTRG.10620	177	0	344	274	0	966	180	0	315
MSTRG.10621	2122	674	275	3391	183	201	968	418	213
MSTRG.10622	1228	126	21	786	99	123	673	129	43
MSTRG.10623	2568	23	33	3650	70	125	2274	27	238
MSTRG.10624	6812	0	0	3769	2689	0	3494	0	0
MSTRG.10625	428	1085	3220	262	3881	3335	210	1549	1721
MSTRG.10626	1038	0	93	699	0	152	535	0	152
MSTRG.10627	103	0	957	151	0	979	77	0	625
MSTRG.10628	3333	887	523	2783	2152	377	1775	1037	546
MSTRG.10629	1	178	2195	0	176	3581	0	204	4131
MSTRG.1063	709	32019	3997	358	52	1374	31	41011	3598
MSTRG.10630	46	714	1698	31	371	1257	13	298	861
MSTRG.10631	34	115	5259	20	176	6841	44	242	2809
MSTRG.10632	964	3648	45	289	5005	3	492	3798	29
MSTRG.10633	181	871	39	87	484	93	37	418	74
MSTRG.10634	4340	76	22	4526	171	45	1875	154	274
MSTRG.10635	64	867	82	40	790	309	228	695	197
MSTRG.10636	343	0	0	179	0	0	234	0	0
MSTRG.10637	574	88	519	272	31	774	429	297	516
MSTRG.10638	647	1072	0	189	1649	0	234	1098	0
MSTRG.10639	124	629	30	59	688	43	82	634	37
MSTRG.1064	217	30465	442	2	118	1055	25	25326	298
MSTRG.10640	342	39883	100	282	46919	42	177	39887	43
MSTRG.10641	6	3598	517	106	2505	345	2	4304	720
MSTRG.10642	1266	1021	904	1640	694	832	320	1329	444
MSTRG.10643	877	5359	5879	287	102	13661	319	2082	3025
MSTRG.10644	1905	82	3096	11177	7	2047	667	24	22935
MSTRG.10645	602	2587	0	645	8961	0	190	3056	0
MSTRG.10646	1245	250	0	767	163	166	510	1004	1
MSTRG.10647	0	2	103	0	41	96	0	0	683
MSTRG.10648	4287	209786	135	1404	263072	4	3195	232902	20
MSTRG.10649	1060	2	971	1133	36	708	564	22	7755
MSTRG.1065	6	1372	812	4	670	1327	1	1228	909
MSTRG.10650	2114	244	966	1195	167	765	989	345	7716
MSTRG.10651	0	4	0	0	2	0	0	4	0
MSTRG.10652	95	0	48	3392	115	117	2150	128	11
MSTRG.10653	0	65	761	0	100	1297	0	244	683
MSTRG.10654	61	3	6124	35	0	5775	66	0	6458
MSTRG.10655	604	730	8581	3	37	16403	60	367	25061
MSTRG.10656	45	393	2207	7	227	5098	0	355	1623
MSTRG.10657	1332	207	1164	1337	123	913	682	234	801
MSTRG.10658	2671	2	4186	4049	0	5821	1786	1	4052
MSTRG.10659	49	1	1361	43	1	6314	2	0	3328
MSTRG.1066	4827	7533	0	6606	5936	81	3807	5322	58
MSTRG.10660	0	808	53	0	821	96	0	666	114
MSTRG.10661	0	24	783	0	11	4269	0	49	987
MSTRG.10662	32065	0	430	17145	78	332	26481	0	476
MSTRG.10663	1063	1	269	737	2	193	578	1	326
MSTRG.10664	1298	0	315	226	0	76	629	0	422
MSTRG.10665	16	1905	678	84	3594	28	14	3745	247
MSTRG.10666	671	590	16	976	1031	151	366	936	24
MSTRG.10667	2958	159	51	1908	57	1	1564	152	24
MSTRG.10668	18	616	719	37	311	532	45	752	553
MSTRG.10669	712	716	284	660	437	218	761	1019	537
MSTRG.1067	46352	14515	0	26806	12671	1	28865	11430	19
MSTRG.10670	4275	762	2927	2216	408	5238	3679	988	2159
MSTRG.10671	0	1224	2140	0	1107	1011	0	1002	598
MSTRG.10672	226467	0	31	200325	0	165	159932	0	111
MSTRG.10673	15830	59	2043	12518	1247	3494	9621	35	2588
MSTRG.10674	2	0	131	1	0	477	3	0	349
MSTRG.10675	1	360	5047	1	875	5181	1	451	6082
MSTRG.10676	72	343	125	43	56	101	35	32	14
MSTRG.10677	1	3085	10964	1	995	11802	1	1388	5616
MSTRG.10678	1	46	2076	1	91	4366	1	116	1692
MSTRG.10679	1	0	1555	1	0	806	1	0	1445
MSTRG.1068	15	1	235	7	1	273	1	0	116
MSTRG.10680	65	158	728	53	1355	1299	63	175	579
MSTRG.10681	93	3466	21727	69	3269	24422	81	4583	16182
MSTRG.10682	14	275	358	32	343	287	7	248	237
MSTRG.10683	21	120	456	37	59	805	0	63	567
MSTRG.10684	0	2475	1	1	1793	3	1	2386	93
MSTRG.10685	450	3	633	191	20	1192	1080	9	861
MSTRG.10686	1311	53	1228	841	24	1304	992	286	1879
MSTRG.10687	9024	657	22	5562	553	107	6307	1041	16
MSTRG.10688	610	6	1171	590	28	1379	497	13	675
MSTRG.10689	12511	2545	79	6769	3804	72	8895	2336	45
MSTRG.1069	157	2534	0	79	2534	0	10	3547	0
MSTRG.10690	918	1193	233	644	1368	367	427	827	311
MSTRG.10691	172	972	1	40	702	3	87	2630	6
MSTRG.10692	823	2185	480	1021	1054	618	569	774	381
MSTRG.10693	701	0	1009	257	0	1489	49	0	737
MSTRG.10694	736	6623	58368	506	4419	74186	376	1386	62333
MSTRG.10695	110	1852	411	34	1108	505	22	473	636
MSTRG.10696	90	0	1200	122	0	984	8	0	940
MSTRG.10697	1496	47	137	1467	69	31	268	252	148
MSTRG.10698	459	684	95	265	305	78	227	194	74
MSTRG.10699	2942	182	179	2811	149	74	3031	296	32
MSTRG.107	751	1158	0	583	1152	0	860	1759	0
MSTRG.1070	248	4658	75	91	3618	39	23	8540	80
MSTRG.10700	14	0	72	11	0	62	38	0	15
MSTRG.10701	0	903	849	0	104	3158	0	1421	390
MSTRG.10702	42	105	134	83	2610	258	69	49	64
MSTRG.10703	756	58	331	474	4	103	888	77	227
MSTRG.10704	226	644	1401	346	428	1729	310	346	1440
MSTRG.10705	22	2470	1918	59	415	2799	3	2215	1957
MSTRG.10706	1009	933	952	866	734	1090	685	595	922
MSTRG.10707	4089	0	123	4160	12	9339	1256	35	225
MSTRG.10708	534	17	6	281	310	28	100	65	2
MSTRG.10709	1806	0	840	438	0	1109	526	0	1481
MSTRG.1071	0	2893	93	18	520	92	137	3301	194
MSTRG.10710	188	12852	10	475	7955	1	38	2744	6
MSTRG.10711	817	0	1345	1039	0	1159	591	0	1036
MSTRG.10712	858	0	2959	558	0	1991	246	0	1751
MSTRG.10713	40	379	2291	53	516	1410	45	368	2099
MSTRG.10714	704	0	636	593	0	128	952	0	1010
MSTRG.10715	1736	21515	3626	71	70672	4410	1866	14967	1649
MSTRG.10716	10366	17356	2352	7152	3331	3444	12422	43002	4838
MSTRG.10717	213	53	0	86	21	0	19	19	0
MSTRG.10718	227	1	97	320	38	56	210	2	169
MSTRG.10719	159	7	465	299	0	350	232	1	381
MSTRG.1072	8499	1521	661	6199	1941	675	4232	1428	424
MSTRG.10720	613	1	1266	522	1	675	259	1	367
MSTRG.10721	3752	10900	1713	1818	5524	2107	1537	10115	1140
MSTRG.10722	0	1265	867	0	973	795	0	1761	484
MSTRG.10723	3674	0	130	3307	0	58	1813	0	40
MSTRG.10724	3152	0	133	4067	0	166	2077	0	294
MSTRG.10725	1543	97	193	573	208	21	2733	86	133
MSTRG.10726	3283	2814	2	2566	1047	46	1515	3168	49
MSTRG.10727	621	1057	4558	455	293	10541	236	813	3189
MSTRG.10728	703	583	0	1545	720	0	226	998	0
MSTRG.10729	64	59	0	37	22	0	115	393	0
MSTRG.1073	3	3	461	18	25	196	0	113	224
MSTRG.10730	51	88	2734	112	2764	2098	94	114	1750
MSTRG.10731	20	0	318	227	2	1165	62	62	564
MSTRG.10732	27	1100	0	52	318	0	41	1434	0
MSTRG.10733	2579	283	0	1096	233	0	1523	521	0
MSTRG.10734	196	20	400	138	114	1480	158	5	312
MSTRG.10735	932	25	10207	546	44	13490	491	41	5523
MSTRG.10736	2098	43	0	2611	117	0	598	116	0
MSTRG.10737	823	15	351	441	214	571	245	19	304
MSTRG.10738	2049	8034	4348	1849	5174	5721	848	1535	3324
MSTRG.10739	3080	2825	2018	3949	1854	2349	2414	604	1694
MSTRG.1074	5445	233	2061	5077	245	2750	3282	195	2552
MSTRG.10740	296	3544	209	242	2560	215	340	2346	229
MSTRG.10741	45	775	160	48	341	94	67	787	67
MSTRG.10742	3060	0	6638	1140	0	8115	3565	0	7454
MSTRG.10743	23219	160	1115	34089	1181	692	11664	560	1935
MSTRG.10744	4982	144	431	4506	194	214	4070	171	397
MSTRG.10745	644	1049	552	171	703	258	305	1054	239
MSTRG.10746	496	371	58	769	132	104	134	14	107
MSTRG.10747	336	1661	1001	3242	2178	836	149	1719	512
MSTRG.10748	20	20	14627	96	408	7733	185	403	4570
MSTRG.10749	769	32	1050	966	6	1023	947	12	563
MSTRG.1075	1128	0	77	253	0	610	1222	0	106
MSTRG.10750	226	1514	466	616	1591	371	296	2454	149
MSTRG.10751	2010	1529	2085	686	1977	2414	246	1677	2375
MSTRG.10752	14634	2220	49	16090	24002	87	18890	27	33
MSTRG.10753	1839	0	1785	853	0	1238	690	0	1071
MSTRG.10754	5344	6049	1263	10068	5258	2106	3413	5975	1122
MSTRG.10755	312	299	71	185	96	53	260	254	4
MSTRG.10756	581	1192	153	2977	499	127	568	776	52
MSTRG.10757	258	1360	2667	468	1090	3704	259	1711	1907
MSTRG.10758	1724	217	0	1777	122	0	320	118	0
MSTRG.10759	483	0	12358	591	0	2970	455	0	4882
MSTRG.1076	16	74	169	13	72	157	19	200	248
MSTRG.10760	6411	1317	2116	3268	1075	903	2178	1496	1750
MSTRG.10761	3165	370	2209	2557	735	1538	1840	719	18374
MSTRG.10762	626	385	5203	510	384	3870	510	366	39290
MSTRG.10763	1561	91	183	705	104	173	1711	237	975
MSTRG.10764	487	0	941	450	0	1587	452	0	834
MSTRG.10765	79	4008	363	6	1904	926	82	2852	695
MSTRG.10766	64	260	1412	39	135	1723	56	239	1041
MSTRG.10767	1935	0	1	1359	0	15	1447	0	0
MSTRG.10768	43	1169	0	28	1079	17	141	933	1
MSTRG.10769	997	0	1047	1842	0	731	559	0	552
MSTRG.1077	263	82	784	154	84	855	138	156	743
MSTRG.10770	957	2173	1993	759	463	4448	790	1114	2249
MSTRG.10771	2494	4871	92	1640	2594	152	1531	4658	186
MSTRG.10772	1111	783	0	261	354	0	546	795	0
MSTRG.10773	505	6	259	19	16	660	7	38	299
MSTRG.10774	1956	50	2193	1129	22	896	626	65	2427
MSTRG.10775	4567	138	1266	1499	401	1597	3377	273	949
MSTRG.10776	3275	75	40	2988	99	65	1898	87	86
MSTRG.10777	1328	306	35	491	669	61	580	613	44
MSTRG.10778	122	0	32	161	0	44	121	0	31
MSTRG.10779	170	52	156	200	73	101	133	65	85
MSTRG.1078	213	715	10386	95	752	11818	159	147	6178
MSTRG.10780	103	59	549	581	7	485	9	20	127
MSTRG.10781	125	62	14119	26	76	5184	60	80	21407
MSTRG.10782	304	8	380	201	3	262	187	49	262
MSTRG.10783	676	18	0	548	30	7	536	35	0
MSTRG.10784	16	625	3636	86	323	3330	29	638	2920
MSTRG.10785	102	445	105	30	391	35	56	593	207
MSTRG.10786	98	3350	0	537	5483	0	487	2565	0
MSTRG.10787	1	2145	610	1	882	395	2	377	486
MSTRG.10788	852	38	506	315	199	310	512	109	609
MSTRG.10789	1676	2286	62	2087	2918	44	1894	3350	65
MSTRG.1079	2154	464	15	1667	149	103	747	299	277
MSTRG.10790	3720	74	0	3430	341	0	757	410	0
MSTRG.10791	535	6458	78	230	3737	139	164	12215	76
MSTRG.10792	93	197	193	238	115	696	82	61	220
MSTRG.10793	0	11815	74	0	6758	227	0	11535	77
MSTRG.10794	154	620	233	308	1259	511	281	828	206
MSTRG.10795	0	3663	24	0	1769	316	0	3253	233
MSTRG.10796	0	1071	908	0	1914	486	0	792	552
MSTRG.10797	56	26110	1765	55	12218	1012	35	26090	981
MSTRG.10798	138	399	721	66	358	387	14	274	722
MSTRG.10799	22395	562	10	19462	1160	534	16745	337	12
MSTRG.108	235	2539	1481	221	850	1596	261	2742	1353
MSTRG.1080	31993	2279	5607	21563	3563	4263	9134	2630	5696
MSTRG.10800	18505	1254	33	14996	249	24	12793	1189	1
MSTRG.10801	399	1792	86	1	775	131	1	2201	26
MSTRG.10802	416	0	27	0	1	21	1	0	1
MSTRG.10803	255	1513	0	103	1292	0	240	1187	0
MSTRG.10804	97	865	700	32	1029	439	26	574	4516
MSTRG.10805	19	2	3291	163	3	2089	14	5	22061
MSTRG.10806	6326	609	116	8999	545	270	5726	513	29
MSTRG.10807	19	96	126	35	136	185	5	176	687
MSTRG.10808	10	1349	0	127	1775	44	0	1219	0
MSTRG.10809	115	34	2585	82	142	1803	198	65	17877
MSTRG.1081	202	199	3	231	275	11	139	310	96
MSTRG.10810	0	65267	6313	18	6094	22435	0	40024	4057
MSTRG.10811	19	1610	1204	17	1069	1538	24	1494	1128
MSTRG.10812	17	162	617	146	206	438	4	32	1355
MSTRG.10813	29	83	27	1	137	23	5	38	28
MSTRG.10814	103	290	26	69	24	28	79	0	191
MSTRG.10815	256	1406	21	143	1549	3	335	1055	12
MSTRG.10816	24	601	10	168	291	86	147	225	5
MSTRG.10817	6	145	878	43	33	604	61	84	4889
MSTRG.10818	45	1392	49	47	1504	33	71	1645	471
MSTRG.10819	27	2388	147	14	5011	197	0	2365	977
MSTRG.1082	2197	1	1369	4789	0	1289	1608	3	1171
MSTRG.10820	283	241	659	34	17163	372	66	228	152
MSTRG.10821	2	100	39	0	310	14	0	7	18
MSTRG.10822	63	1338	386	1423	1225	546	56	1733	894
MSTRG.10823	60	1587	1892	0	1338	1750	49	1664	1599
MSTRG.10824	14	2994	1533	33	1500	1858	0	1830	2009
MSTRG.10825	195	2651	0	13272	1434	0	29	2505	0
MSTRG.10826	77	583	1720	90	76	1183	85	1067	1255
MSTRG.10827	165	3797	9	146	618	0	565	1603	5
MSTRG.10828	159	68	62	62	78	49	333	40	11
MSTRG.10829	2286	497	1588	3496	206	1230	1087	737	848
MSTRG.1083	0	859	19	79	856	126	0	900	43
MSTRG.10830	0	1025	2838	0	863	4264	15	707	3938
MSTRG.10831	0	6603	403	0	4226	179	0	6747	184
MSTRG.10832	0	11180	168	0	6592	194	0	2298	110
MSTRG.10833	1083	0	2564	1352	0	1457	506	0	2233
MSTRG.10834	10	2	39	271	244	0	3	1	81
MSTRG.10835	2156	496	305	3956	547	218	2635	91	344
MSTRG.10836	1006	117	120	849	2	538	420	90	731
MSTRG.10837	173	3501	1988	160	2463	1032	259	732	679
MSTRG.10838	3835	3108	950	4634	1937	295	2115	706	856
MSTRG.10839	40	0	0	36	0	0	82	0	0
MSTRG.1084	239	9109	15	115	2641	33	20	9477	56
MSTRG.10840	1046	504	0	523	229	55	663	66	7
MSTRG.10841	1467	39	25	938	64	0	617	68	0
MSTRG.10842	0	77	4	0	57	62	0	33	3
MSTRG.10843	310	829	5	123	1116	19	341	825	3
MSTRG.10844	1143	7165	353	2084	5008	542	621	7939	537
MSTRG.10845	803	24048	44	637	16609	72	499	19893	98
MSTRG.10846	920	84	2078	701	54	1574	1207	63	628
MSTRG.10847	235	968	0	125	560	0	204	1156	0
MSTRG.10848	97	4484	180	31	3291	427	37	5480	393
MSTRG.10849	848	5461	487	411	4761	238	719	7192	448
MSTRG.1085	67	94	222	61	173	215	20	73	255
MSTRG.10850	815	1000	0	465	4905	0	857	577	86
MSTRG.10851	476	673	1732	476	681	2182	319	814	815
MSTRG.10852	1185	380	144	1250	383	46	572	362	131
MSTRG.10853	0	14	1027	0	37	2852	0	5	1339
MSTRG.10854	161	244	359	962	15	802	41	254	173
MSTRG.10855	0	810	504	0	91	244	0	687	540
MSTRG.10856	507	0	10639	661	315	2997	204	0	1941
MSTRG.10857	2544	3811	7842	1946	3199	8525	865	3561	5056
MSTRG.10858	352	435	429	2527	290	546	578	456	350
MSTRG.10859	3233	1460	1716	3728	351	2416	3331	566	967
MSTRG.1086	270	11	35	63	237	64	3	211	99
MSTRG.10860	532	1975	843	333	129	954	255	1344	1367
MSTRG.10861	240	19	2	56	0	20	89	256	15
MSTRG.10862	1561	558	697	1950	119	597	1346	908	753
MSTRG.10863	1209	39	78	1282	410	263	452	238	535
MSTRG.10864	880	86	1106	734	292	1096	643	306	1987
MSTRG.10865	3584	140	31	3713	71	20	1942	0	45
MSTRG.10866	1257	4023	1483	958	5168	1404	452	4116	8982
MSTRG.10867	217	0	0	140	0	0	967	0	0
MSTRG.10868	3245	23	0	2188	6	0	1449	46	0
MSTRG.10869	127	2470	1243	150	923	911	40	3166	10045
MSTRG.1087	1252	5638	6	1790	4039	184	156	6335	1
MSTRG.10870	0	311	1284	0	660	2825	0	581	2185
MSTRG.10871	13783	259	148	13987	313	231	3731	229	434
MSTRG.10872	3475	0	0	3717	0	0	1014	0	0
MSTRG.10873	0	10084	89	0	10448	175	0	5973	103
MSTRG.10874	83	1809	1081	84	926	1258	165	2827	860
MSTRG.10875	713	541	1	1206	101	101	492	755	86
MSTRG.10876	525	0	96	166	0	72	161	0	556
MSTRG.10877	48	0	1046	47	0	721	88	0	7886
MSTRG.10878	0	573	6	0	1695	20	0	385	0
MSTRG.10879	335	9330	132	265	7997	171	428	6314	101
MSTRG.1088	5600	1834	5	4063	1294	171	5467	1833	1
MSTRG.10880	0	0	2404	0	0	2253	0	0	1897
MSTRG.10881	1747	404	134	270	448	66	1779	317	180
MSTRG.10882	135	4706	480	1974	4624	1088	109	4534	494
MSTRG.10883	25	869	278	8	1410	89	61	2074	204
MSTRG.10884	26	2	1144	7	3	564	18	24	582
MSTRG.10885	58	78	263	129	142	261	35	111	205
MSTRG.10886	55	1313	29	11	1341	17	126	744	54
MSTRG.10887	41	15697	415	19	5185	742	58	6484	815
MSTRG.10888	2463	1671	216	1694	1512	1102	762	1174	228
MSTRG.10889	1638	2924	1446	1725	1247	746	544	1056	1965
MSTRG.1089	1311	32	4	3363	160	180	2119	48	2
MSTRG.10890	8	2309	119	10	2123	147	22	2022	68
MSTRG.10891	20	44	22	130	29	249	32	5	18
MSTRG.10892	0	100	2065	0	35	3435	0	138	1840
MSTRG.10893	25481	2700	5	26103	298	13	6733	3136	9
MSTRG.10894	0	1266	56	0	1899	131	0	1774	461
MSTRG.10895	16	116	559	0	20	332	253	1	259
MSTRG.10896	1539	187	833	354	151	811	752	71	538
MSTRG.10897	0	3741	153	0	2660	227	0	2813	144
MSTRG.10898	0	0	2527	42	0	1767	4	0	19750
MSTRG.10899	10264	14794	0	11446	1178	49	8186	7466	9
MSTRG.109	222	8039	239	170	8346	134	205	7680	247
MSTRG.1090	8152	25	1	711	4	273	22	113	2
MSTRG.10900	8110	3120	2	6154	1058	47	6243	1709	2
MSTRG.10901	95	6680	0	235	12724	0	118	7428	0
MSTRG.10902	529	10490	168	1593	12637	175	217	9129	1561
MSTRG.10903	1	3	438	1	305	2761	1	3	315
MSTRG.10904	368	0	2498	250	69	2422	336	4	1980
MSTRG.10905	10	12	49	59	517	195	0	935	266
MSTRG.10906	10	80	32	38	23	91	34	5	45
MSTRG.10907	61	22348	1369	4	15030	3348	74	4201	438
MSTRG.10908	119	5494	174	0	3599	114	3	1366	253
MSTRG.10909	284	578	649	438	384	258	330	285	422
MSTRG.1091	6233	309	46	865	425	666	36	365	12
MSTRG.10910	94	65	80	118	184	229	487	57	52
MSTRG.10911	3	1046	565	0	1308	1117	1	1785	400
MSTRG.10912	268	887	953	270	531	470	283	488	876
MSTRG.10913	32	1428	1623	0	689	5034	2	922	6518
MSTRG.10914	9549	0	49	6430	32	190	5885	1	43
MSTRG.10915	1458	0	80	1064	35	119	1115	1	74
MSTRG.10916	0	1030	128	0	262	311	0	474	93
MSTRG.10917	106	3635	390	15	3537	587	33	4125	158
MSTRG.10918	160	251	154	7	187	153	10	438	34
MSTRG.10919	0	0	723	0	0	339	0	0	313
MSTRG.1092	316	3	17	171	443	38	208	3	132
MSTRG.10920	208	0	13	182	400	56	285	0	82
MSTRG.10921	3388	477	833	2681	681	1048	2592	480	941
MSTRG.10922	0	3365	132	0	1248	122	0	2096	179
MSTRG.10923	1139	1682	0	429	1358	0	518	1469	0
MSTRG.10924	1056	74	0	803	196	0	1145	80	0
MSTRG.10925	79	44	12	35	250	251	635	53	24
MSTRG.10926	965	227	2675	458	139	5809	195	260	3584
MSTRG.10927	1	11	166	16	0	237	57	88	349
MSTRG.10928	386	0	285	35	0	400	175	0	357
MSTRG.10929	948	20200	577	785	3719	543	1734	21227	498
MSTRG.1093	382	2	292	280	429	295	134	3	325
MSTRG.10930	254	1	18	218	1	34	285	3	53
MSTRG.10931	104	474	12563	50	145	11076	71	295	4559
MSTRG.10932	47	4035	12267	13	3489	17799	16	3568	7211
MSTRG.10933	55	224	1	82	66	3	39	387	1
MSTRG.10934	67	0	74	165	0	115	53	0	4
MSTRG.10935	16109	730	795	16865	603	1037	4406	108	895
MSTRG.10936	5865	456	6	6097	249	10	1615	1168	3
MSTRG.10937	4355	98	1	2156	19	2	1154	118	1
MSTRG.10938	1580	578	6585	514	338	8549	1521	605	2761
MSTRG.10939	0	129	3844	0	238	10170	0	118	4758
MSTRG.1094	1522	3	231	874	443	476	1189	3	367
MSTRG.10940	714	247	155	1400	661	27	657	425	105
MSTRG.10941	1079	8	306	726	51	2191	609	30	118
MSTRG.10942	131	135	26	94	395	2	9	155	18
MSTRG.10943	1853	312	0	2040	518	4	1185	376	23
MSTRG.10944	21	19	1	364	617	1	243	213	1
MSTRG.10945	2386	484	0	1599	181	1	1796	652	10
MSTRG.10946	1493	1580	1	1896	655	4	1725	657	1
MSTRG.10947	3424	870	16	12790	678	28	14	967	32
MSTRG.10948	0	29	846	0	477	635	0	0	6897
MSTRG.10949	7289	0	237	6932	0	344	4914	0	1736
MSTRG.1095	8323	2	1	6818	410	2	3828	9	14
MSTRG.10950	169	89	0	179	108	0	154	11	0
MSTRG.10951	921	0	1021	719	0	1854	339	0	749
MSTRG.10952	1805	2972	0	1562	1154	0	1748	466	0
MSTRG.10953	192	10837	253	34	5078	641	127	2019	343
MSTRG.10954	1680	1526	565	667	795	400	2074	304	1178
MSTRG.10955	493	109	0	733	174	0	478	189	0
MSTRG.10956	373	438	0	290	462	0	348	70	0
MSTRG.10957	56	8	560	101	198	61	28	14	802
MSTRG.10958	1172	2054	3	1128	1188	0	807	349	5
MSTRG.10959	287	6845	2591	142	4553	3140	316	1422	2092
MSTRG.1096	13310	49	2089	10497	913	3505	10777	11	2560
MSTRG.10960	0	9627	2600	0	12518	3415	0	7097	2381
MSTRG.10961	3327	1889	4990	3384	1848	5393	1546	1738	3914
MSTRG.10962	207	754	401	170	525	698	229	1438	635
MSTRG.10963	0	17	698	0	26	522	0	123	411
MSTRG.10964	2467	0	9	1077	1	51	1384	1	4
MSTRG.10965	5383	16	0	3733	322	0	2589	0	0
MSTRG.10966	847	28	2258	423	2	1583	558	0	544
MSTRG.10967	173	3073	26	124	1822	32	178	553	50
MSTRG.10968	50	555	296	117	354	895	60	67	207
MSTRG.10969	59	0	87	2	0	124	7	0	115
MSTRG.1097	1010	37	1303	1190	83	1859	541	82	1620
MSTRG.10970	358	544	54	368	752	127	532	236	48
MSTRG.10971	136	875	25	51	825	6	48	1134	0
MSTRG.10972	66	0	726	26	0	499	96	0	654
MSTRG.10973	696	2224	655	690	2276	1420	629	2724	429
MSTRG.10974	33	1623	248	3	1335	455	12	2021	398
MSTRG.10975	121	334	4864	80	135	8429	36	346	2159
MSTRG.10976	413	16	1112	217	8	1595	525	58	618
MSTRG.10977	1159	0	0	793	0	0	338	0	0
MSTRG.10978	7249	2033	240	6729	506	414	5240	2044	153
MSTRG.10979	23072	0	563	20634	0	358	5692	0	304
MSTRG.1098	0	397	390	0	585	261	14	313	621
MSTRG.10980	0	122	51	0	66	48	0	8	20
MSTRG.10981	2	1422	415	162	1222	274	0	1068	402
MSTRG.10982	750	3857	131	1297	4363	478	190	5360	416
MSTRG.10983	85	614	0	3	189	0	6	270	0
MSTRG.10984	7524	3320	333	7476	1238	453	1953	3581	461
MSTRG.10985	2447	0	1556	2505	42	1826	646	3	1833
MSTRG.10986	3586	61	0	3664	14	0	864	55	0
MSTRG.10987	787	321	383	977	148	341	202	490	184
MSTRG.10988	40	132	414	122	424	342	7	864	597
