gene_id	B100	B105	B110	B135	B175	B200	B205	B210	B235	B275	B300	B305	B310	B335	B375
MSTRG.7199	966	3098	773	4117	1267	1081	2751	332	4833	1122	374	2988	1234	2443	8865
MSTRG.72	135	1501	329	810	84	106	824	145	655	212	31	3841	381	8395	1204
MSTRG.720	7	2419	284	118	489	58	1973	415	260	414	8	1849	122	65	3806
MSTRG.7200	1391	2132	404	155	1482	1199	1783	579	57	1049	491	1481	818	16	11867
MSTRG.7201	2	1879	602	130	0	2	4073	49	218	0	2	2312	672	114	0
MSTRG.7202	1814	1038	372	11713	682	1696	1166	371	14819	644	1158	1594	861	12511	427
MSTRG.7203	2327	314	1538	521	2869	1955	44	878	185	4681	1630	155	1988	245	1612
MSTRG.7204	0	317	792	529	238	0	754	613	561	237	0	592	708	927	267
MSTRG.7205	1151	302	277	6555	34	1584	658	389	6528	237	69	537	719	4731	17
MSTRG.7206	2248	4290	279	3157	1698	8966	3778	6781	83428	1747	778	4864	413	7726	991
MSTRG.7207	66	325	2765	1461	2169	257	302	4876	2015	2426	32	229	3367	1345	1386
MSTRG.7208	1602	719	62	5087	3401	4068	1518	26	5473	3863	400	723	36	4947	4304
MSTRG.7209	1336	9	122	2516	3202	1041	113	70	1079	5498	1328	108	329	2163	2447
MSTRG.721	280	2598	240	3431	359	282	5006	490	3040	235	133	2315	1031	2158	2771
MSTRG.7210	1858	32	199	80	185	1671	30	249	52	350	772	29	73	124	116
MSTRG.7211	107	119	447	1164	359	80	88	108	766	528	25	60	456	736	330
MSTRG.7212	5473	61	5097	43	45	3877	3	3628	187	201	2342	5	5136	55	65
MSTRG.7213	448	0	2822	1915	2351	430	0	3168	2624	4414	165	86	3297	2097	6976
MSTRG.7214	220	35	241	1918	1012	180	116	372	2336	683	136	4	244	1694	1902
MSTRG.7215	67	59	25	411	67	170	22	11	180	41	27	11	45	993	9
MSTRG.7216	42	0	369	5	233	25	0	422	25	196	0	47	748	37	345
MSTRG.7217	4958	2039	2861	1511	1228	1880	2248	1850	2170	298	4488	1776	576	1060	352
MSTRG.7218	24747	1651	1970	4672	2489	5673	1747	1147	1234	1838	12905	2136	269	2317	2356
MSTRG.7219	32026	2182	70	4685	1154	27601	2353	66	4014	6	19420	2353	618	4598	193
MSTRG.722	4	8	24	5154	2089	53	31	154	7306	4972	0	42	39	14476	2417
MSTRG.7220	1192	61	165	10674	466	263	0	442	6488	1527	108	0	181	8636	1342
MSTRG.7221	4909	0	708	98	47	959	0	318	743	103	846	0	94	295	115
MSTRG.7222	2836	387	0	335	8	1933	42	132	171	15	1115	267	11	322	74
MSTRG.7223	1587	755	707	122	5	1244	214	472	184	1	1592	601	103	102	15
MSTRG.7224	377	1456	166	443	0	340	2736	72	533	0	100	1361	391	601	0
MSTRG.7225	4662	690	648	3628	365	3719	500	358	1919	359	2861	1156	402	3791	275
MSTRG.7226	11937	487	105	407	2258	16166	452	273	336	2724	7655	1037	203	394	2267
MSTRG.7227	95	566	0	3661	7	0	191	0	803	10	0	309	0	1791	22
MSTRG.7228	133	199	4443	1875	3886	0	510	2822	46	7195	0	668	4632	85	4876
MSTRG.7229	48	2516	15501	43	507	0	1235	11601	42	225	0	2213	10711	65	581
MSTRG.723	191	491	15224	2741	8436	192	690	8848	4583	14373	86	464	3316	2581	1605
MSTRG.7230	17	589	436	7	3	29	538	3871	6	1	11	378	319	28	14
MSTRG.7231	2	1	0	10	3273	1	98	84	19	1148	1	130	3	53	1726
MSTRG.7232	19	2904	1779	0	82	27	5509	1625	0	61	285	4718	1918	0	103
MSTRG.7233	21	272	2396	490	9464	6	3095	6333	698	14418	24	564	3097	769	7670
MSTRG.7234	0	428	90	283	21	0	374	82	561	33	0	186	267	142	78
MSTRG.7235	0	94	44	129	81	0	279	40	130	56	0	60	20	104	156
MSTRG.7236	1904	419	219	1131	355	4394	142	100	1098	16986	2489	319	542	1108	360
MSTRG.7237	490	3537	97	5992	1080	480	3979	172	8749	710	134	3118	47	8629	460
MSTRG.7238	0	2163	15073	571	211	0	3293	18837	875	806	0	2917	16806	862	202
MSTRG.7239	12932	334	12499	27849	7277	12623	297	13631	30696	5962	3421	239	13853	16598	2412
MSTRG.724	3863	152	540	78	1085	3673	192	0	111	1551	4147	215	241	97	559
MSTRG.7240	3634	56	282	11766	0	2957	50	0	9227	84	718	33	0	7556	73
MSTRG.7241	1451	469	174	673	2445	929	377	60	1630	2065	291	725	35	593	2007
MSTRG.7242	989	1418	35	1211	133	737	12924	225	1759	103	585	3399	0	1339	140
MSTRG.7243	41	1221	23	9937	2498	75	8024	175	17233	3558	21	1450	23	14669	1931
MSTRG.7244	61	65	5854	1379	459	25	46	10036	1648	108	56	571	9255	655	376
MSTRG.7245	1116	286	23	495	1010	2030	474	77	2783	206	1337	159	0	2521	582
MSTRG.7246	324	55	63	373	511	147	28	113	364	466	256	124	99	561	504
MSTRG.7247	106	0	22	213	92	9	0	94	142	6	29	0	17	310	15
MSTRG.7248	4507	336	146	834	32	5102	2652	8	285	37	2701	580	24	1127	43
MSTRG.7249	389	6	72	148	129	442	85	1	0	16	196	42	1	31	46
MSTRG.725	732	1016	9012	7498	23	55	1337	5897	13790	0	807	1040	2012	878	0
MSTRG.7250	1753	8	8	0	102	713	124	3	0	150	1134	3	1	0	125
MSTRG.7251	3139	413	335	555	2330	3141	3776	354	135	2377	2655	563	564	190	2113
MSTRG.7252	2731	35	32	82	2753	1811	42	143	571	2366	1213	62	170	82	3887
MSTRG.7253	2502	161	8	16823	3494	3495	183	4	9320	8321	1949	303	305	3955	1972
MSTRG.7254	1517	574	25	2	7	1046	360	10	341	21	1885	450	61	73	45
MSTRG.7255	30	35	76	2415	159	53	91	0	648	177	25	16	0	1276	2
MSTRG.7256	14	182	304	272	47	26	327	6	185	60	66	246	293	183	24
MSTRG.7257	2022	322	17	2858	2358	1551	128	1326	3029	2707	1402	110	107	5981	2760
MSTRG.7258	1055	16871	89	6253	33	362	16201	2	5529	14	701	16009	35	3522	7
MSTRG.7259	348	616	47	324	80	282	2176	2851	676	40	198	481	90	253	3
MSTRG.726	66	1505	2623	1120	1	2	9481	53	1570	150	4	2647	1880	2046	8
MSTRG.7260	1565	2395	66	2089	1373	1732	2097	65	3567	1302	665	2300	68	2486	1106
MSTRG.7261	6	87	23	4496	1710	56	33	2	2564	2899	88	202	301	2423	1169
MSTRG.7262	5675	340	525	688	196	2842	476	463	573	83	5463	282	441	461	159
MSTRG.7263	325	30	185	55	82	270	64	37	60	27	183	174	161	29	51
MSTRG.7264	46	379	2983	3695	2630	15	611	3714	2315	1014	40	286	1742	691	3815
MSTRG.7265	111	2177	7	23	139	34	2342	9	24	159	19	1935	26	0	258
MSTRG.7266	265	22	124	1189	73978	10	15	18	587	44358	24	4	264	957	30484
MSTRG.7267	0	5610	255	12955	518	0	7142	260	9954	834	78	3208	503	8025	519
MSTRG.7268	6	5083	942	46	475	0	4814	1199	7	1473	25	4362	1378	16	3171
MSTRG.7269	65	56	488	123	226	18	128	519	136	89	2	34	346	125	68
MSTRG.727	3171	72	0	69	5	3527	252	0	0	37	1217	142	0	0	9
MSTRG.7270	2591	13139	72	260	7706	2582	19060	0	35	6369	1594	12753	0	242	5843
MSTRG.7271	180	21	0	8	526	246	3	0	1	234	190	5	0	7	469
MSTRG.7272	2045	7	4018	672	178	1614	14	3374	800	25	1544	48	4869	572	44
MSTRG.7273	3298	20	2007	237	5208	2822	3	1754	93	4598	2362	1	2275	113	9373
MSTRG.7274	57	173	94	0	4281	0	469	2	0	4861	1	446	88	0	2710
MSTRG.7275	0	1043	1009	1455	146	0	455	826	7628	90	0	640	1122	489	1
MSTRG.7276	1534	2564	301	0	1766	362	3461	881	0	1843	914	2477	76	0	1226
MSTRG.7277	0	37	614	239	127	2	8	537	399	30	4	12	543	304	13
MSTRG.7278	2453	350	3557	705	2010	2369	54	1222	1113	1704	1240	224	2690	840	2099
MSTRG.7279	742	340	1109	7334	212	352	371	625	6274	334	693	365	1490	4589	553
MSTRG.728	589	179	441	70	330	702	238	705	72	364	718	908	364	63	300
MSTRG.7280	619	1403	1425	350	77	678	1537	786	419	173	838	1831	936	245	75
MSTRG.7281	733	9	130	420	7	11	81	126	3027	5	16	22	153	580	3
MSTRG.7282	502	425	87	0	527	140	513	49	0	643	271	355	172	0	668
MSTRG.7283	224	117	5592	994	776	351	21	4840	399	1732	391	34	8435	79	458
MSTRG.7284	1361	0	917	5583	9232	1179	0	926	7090	7871	1710	0	761	4439	6015
MSTRG.7285	991	4613	1496	2839	1445	867	5399	67	5150	2053	859	6160	1611	1275	1133
MSTRG.7286	119	1920	1777	2540	291	173	2167	28341	1739	517	138	1881	2624	1785	423
MSTRG.7287	605	321	1112	6278	1771	5896	132	12741	4031	2045	286	611	1185	1955	1906
MSTRG.7288	2992	11	127	1690	0	3079	21	120	1256	0	4353	260	260	800	0
MSTRG.7289	0	862	329	1136	79110	0	886	678	621	26796	0	1194	1554	734	93308
MSTRG.729	2858	5457	135	1	0	2249	36249	135	107	48	1919	9863	131	4	0
MSTRG.7290	383	270	21	277	240	296	992	113	624	824	236	87	3	433	343
MSTRG.7291	107	439	10	91	31	166	468	27	93	153	40	513	5	92	168
MSTRG.7292	378	2785	153	180	717	128	1437	134	132	792	285	1990	125	50	854
MSTRG.7293	4193	1899	0	468	2684	3601	1133	0	1368	2820	2354	2119	0	549	1952
MSTRG.7294	2714	1069	10	762	482	2610	591	90	521	156	2544	793	11	945	354
MSTRG.7295	198	103	4193	0	486	236	356	3080	22	143	95	120	1277	72	299
MSTRG.7296	233	66	557	40	10	214	163	317	107	33	161	162	106	251	1
MSTRG.7297	513	3742	931	667	0	394	7226	646	305	0	624	4526	169	109	0
MSTRG.7298	2616	958	3609	136	24	3203	918	1605	78	43	729	708	3344	27	48
MSTRG.7299	3669	2544	1228	1829	84	3627	641	1181	3936	52	966	1061	1043	856	100
MSTRG.73	0	1455	386	796	92	0	802	199	638	203	0	3793	363	8341	1248
MSTRG.730	296	85	224	243	137	219	3	119	227	259	222	0	60	109	123
MSTRG.7300	3957	3192	4652	3447	171	3812	12629	434	12485	0	580	5875	1617	1261	0
MSTRG.7301	111	2059	520	454	4232	48	4259	866	559	4540	307	2569	681	209	4629
MSTRG.7302	435	60	1712	8453	0	602	25	1438	3048	0	180	17	924	5997	0
MSTRG.7303	0	241	678	805	386	135	185	145	712	842	140	171	375	604	739
MSTRG.7304	0	267	12820	4	391	0	1129	96	12	669	0	1387	15603	38	529
MSTRG.7305	1142	13	0	3213	5336	1249	78	0	1404	14460	304	6	0	2468	7278
MSTRG.7306	3	13	531	162	570	96	32	339	320	1056	1	4	399	276	685
MSTRG.7307	1157	192	2968	1569	207	1468	93	810	400	569	291	96	1906	1746	320
MSTRG.7308	38	0	441	2176	1248	14	0	438	1669	4060	29	0	91	2851	17
MSTRG.7309	178	1617	8224	1901	34	166	10336	4424	1984	76	190	3178	3810	1350	3
MSTRG.731	715	0	93	1	2688	959	0	31	52	4237	579	0	55	0	3883
MSTRG.7310	662	2029	4907	2057	320	322	12205	5971	78	676	403	3950	6038	1237	138
MSTRG.7311	13	364	15195	435	246	103	1970	13957	424	231	11	595	15474	536	495
MSTRG.7312	139	589	30	125	807	269	4054	0	154	586	182	982	25	530	1224
MSTRG.7313	422	5522	36	2386	324	18	3811	8	2214	152	170	5092	124	189	126
MSTRG.7314	21076	3260	1862	1976	271	11738	1024	1682	1062	196	9898	1264	1743	721	90
MSTRG.7315	2058	409	211	30	213	2351	877	400	8	778	2229	539	222	3	356
MSTRG.7316	2658	1572	648	15142	1227	3163	2727	481	4668	4340	588	1005	800	4608	1708
MSTRG.7317	74	621	568	10835	62	45	200	764	5792	99	12	333	675	5598	45
MSTRG.7318	2452	1496	1507	912	4581	1824	3803	252	769	3303	2481	1244	2224	1230	2908
MSTRG.7319	4948	0	1196	282	128	2136	0	1050	143	45	5343	0	1626	194	17
MSTRG.732	720	8926	1448	76	320	891	54853	1223	185	35	589	16457	1759	71	788
MSTRG.7320	248	820	24	1336	163	31	416	100	1553	203	436	297	86	1389	74
MSTRG.7321	21	2457	330	1	7393	30	1116	107	0	6842	54	1224	274	0	5984
MSTRG.7322	497	70	411	319	565	226	77	448	84	253	407	96	420	153	435
MSTRG.7323	493	332	150	2582	382	390	311	117	2006	628	239	159	492	2557	615
MSTRG.7324	75	2092	740	451	5220	79	2213	580	514	6955	134	2047	669	726	5458
MSTRG.7325	2170	624	442	1731	1889	2239	497	1191	1274	8943	1370	594	1044	1092	1882
MSTRG.7326	79	1131	303	28	1030	65	1034	246	55	1085	69	982	471	21	1013
MSTRG.7327	24040	1865	10	0	1589	32956	629	6	0	1676	97661	1773	43	0	1252
MSTRG.7328	38304	66	2549	3281	4560	26188	30	2136	2366	5151	21535	126	2528	2216	4698
MSTRG.7329	614	28	352	460	2357	403	222	311	1543	944	715	122	349	239	3259
MSTRG.733	4685	227	8408	3744	177	4942	1362	5411	4060	305	1121	502	2132	3670	146
MSTRG.7330	0	795	545	582	124	0	1056	607	1284	44	2	1131	976	823	86
MSTRG.7331	935	334	0	2857	832	397	230	0	6545	521	748	276	0	2477	649
MSTRG.7332	17	396	706	642	1613	35	611	641	1927	1525	17	401	566	871	1312
MSTRG.7333	142	226	9	636	1446	69	311	257	1426	2339	296	649	17	531	1539
MSTRG.7334	628	639	3529	1410	462	63	1439	2235	1059	168	100	537	884	1044	894
MSTRG.7335	1	37	5315	197	15	1	32	3615	110	0	1	342	1165	190	4
MSTRG.7336	1	561	6041	937	879	4	1322	17007	1032	1485	1	715	6535	684	962
MSTRG.7337	0	444	600	0	51	0	406	1528	0	34	1	348	985	0	67
MSTRG.7338	2	79	10	0	37	37	18	32	0	48	18	29	7	0	31
MSTRG.7339	6	1950	12371	0	1972	38	2071	6872	0	1516	110	1886	9181	0	1907
MSTRG.734	390	0	14715	45	2169	362	0	9167	6	8442	383	0	3269	59	1725
MSTRG.7340	3	563	4201	1128	2910	8	451	2434	572	2969	42	283	4920	859	2442
MSTRG.7341	149	714	87	370	6876	102	773	101	117	6233	41	855	106	401	4546
MSTRG.7342	0	0	604	624	83	59	0	135	2464	693	340	0	270	1621	349
MSTRG.7343	3022	638	29	1301	738	24	736	380	972	954	30	781	21	654	1467
MSTRG.7344	54	785	95	15773	17	21	1370	66	17293	28	10	1535	161	5359	8
MSTRG.7345	366	11277	12	697	684	220	9100	102	1189	246	267	7057	4	998	681
MSTRG.7346	1	3546	0	3356	2276	1	4130	0	3644	1598	1	5195	0	2640	2626
MSTRG.7347	77	111	702	5314	0	53	159	550	620	0	102	196	423	3486	5
MSTRG.7348	564	30	2034	506	399	237	95	11813	193	515	503	22	2692	781	349
MSTRG.7349	139	522	312	213	51	5	266	363	140	22	6	348	270	61	17
MSTRG.735	35	4574	28	481	825	106	30458	14	67	456	50	8099	3	790	737
MSTRG.7350	76	58	77	19222	2921	182	213	980	1504	1325	85	74	30	6108	1799
MSTRG.7351	0	6477	1633	21	277	0	11623	1872	1	387	2	5051	1865	39	604
MSTRG.7352	580	157	2217	14	404	497	114	1830	33	1351	452	151	2370	44	451
MSTRG.7353	10723	2530	3393	5308	169	36325	16250	3777	5314	332	5845	4940	4021	1044	281
MSTRG.7354	81	3388	398	1874	1421	72	23117	116	3392	934	4	6077	167	2121	9364
MSTRG.7355	13	0	56	299	0	74	0	193	86	0	20	0	108	287	0
MSTRG.7356	2566	598	0	6036	8294	1995	590	241	1307	6621	669	335	0	4202	68747
MSTRG.7357	0	2219	2873	2623	831	28	7756	9231	3511	603	0	2983	3117	2280	6637
MSTRG.7358	0	570	385	125	13233	2166	352	551	1983	18112	0	380	590	1529	11091
MSTRG.7359	18	97	0	1	11191	188	263	0	80	9022	5	137	0	22	9485
MSTRG.736	17841	1085	1712	336	52	18186	6752	1132	266	76	4859	2049	431	1578	72
MSTRG.7360	107	2022	437	0	436	81	2253	505	0	677	122	1703	556	0	290
MSTRG.7361	17	1950	2627	1909	1043	14	1511	2588	2632	1742	27	1974	3453	1228	1236
MSTRG.7362	1	4211	35	25373	2666	19	4733	27	6179	9292	6	5088	15	1109	4841
MSTRG.7363	1	215	1134	81063	603	5	151	945	6602	422	2	248	1337	4417	868
MSTRG.7364	864	152	4298	584	305	313	114	4024	499	127	267	130	4474	550	115
MSTRG.7365	1259	2713	542	184	545	909	9292	188	243	1595	504	2853	504	135	829
MSTRG.7366	31	455	26	1559	456	16	452	0	1641	1186	0	231	0	1137	464
MSTRG.7367	2528	365	3103	2014	5523	3029	726	1599	2248	13822	1734	395	1957	1300	3941
MSTRG.7368	115	157	3151	1424	330	107	193	5704	3600	358	247	101	11231	1586	618
MSTRG.7369	317	3348	1410	381	153	230	6032	688	569	155	337	11314	1597	666	361
MSTRG.737	29564	2988	1366	15	206	28116	456	852	11	180	7964	162	255	84	193
MSTRG.7370	1197	1243	43	1285	831	1151	1132	457	1437	461	1132	1627	364	598	1158
MSTRG.7371	756	139	1040	126	251	253	82	159	18	67	451	38	516	86	7
MSTRG.7372	486	77	4129	119	0	403	127	3394	568	0	299	450	3232	143	0
MSTRG.7373	760	843	1346	13426	484	8	278	0	12601	202	31	192	243	7491	510
MSTRG.7374	0	96	49	149	61	0	11	6	198	239	0	22	584	63	58
MSTRG.7375	5794	24	350	86468	10230	5541	4	335	78690	8956	5484	13	553	49778	5378
MSTRG.7376	1945	78	96	91	0	2123	34	166	14	121	1145	14	104	41	9
MSTRG.7377	494	4110	688	21	1985	102	3277	396	13	424	543	3911	495	21	1614
MSTRG.7378	11	1208	785	1770	249	16	8	2765	629	372	163	178	590	1235	196
MSTRG.7379	3	63	9023	1439	3351	3	101	2505	2337	3994	56	404	6166	1214	6924
MSTRG.738	78	0	6294	428	6806	0	0	3450	170	69588	0	0	6140	406	6389
MSTRG.7380	1101	5	1886	6482	2902	899	5	1830	3975	2761	923	9	1684	5850	1676
MSTRG.7381	225	0	603	137	153	766	0	946	149	595	32	0	562	94	47
MSTRG.7382	660	278	2152	8	1871	501	652	1902	3	3286	440	474	2737	3	1573
MSTRG.7383	5032	3116	0	479	2757	2576	2798	0	87	3799	3125	2953	0	309	3338
MSTRG.7384	1495	52	70918	6622	445	983	30	10485	9638	409	949	47	80150	6030	505
MSTRG.7385	100	592	387	477	171	151	584	1146	190	266	119	896	17	427	96
MSTRG.7386	483	4515	270	568	42	28	5831	668	394	67	0	5636	532	826	6
MSTRG.7387	1109	476	934	1172	1933	15	304	964	676	1121	33	665	1213	531	1006
MSTRG.7388	135	5	2726	588	284	0	24	2198	274	383	0	5	2408	661	0
MSTRG.7389	518	4277	837	90	258	49	2451	517	146	528	78	2467	903	317	18
MSTRG.739	0	489	130	2769	600	0	624	113	3175	796	0	488	188	2973	793
MSTRG.7390	305	91	696	718	1192	284	81	32	449	868	201	88	1183	438	1310
MSTRG.7391	4462	13326	0	427	8013	4910	13930	0	193	6493	2373	12460	0	155	4065
MSTRG.7392	1389	268	53	3918	67	1044	139	144	2289	9	668	144	115	2448	73
MSTRG.7393	5751	129	34	52	1	737	35152	23	243	1	827	1278	59	48	1
MSTRG.7394	4160	767	316	488	549	16423	682	0	572	472	1893	506	0	1129	527
MSTRG.7395	2740	66	5094	2784	218	4735	184	2608	4579	116	781	107	6891	3646	160
MSTRG.7396	272	6239	0	2403	0	199	6011	0	2398	0	220	3740	0	2118	0
MSTRG.7397	435	8	597	3671	1918	806	275	355	4002	6855	897	58	891	2825	413
MSTRG.7398	19	1273	7	16	0	63	1767	75	159	0	5	1202	19	30	0
MSTRG.7399	11	1464	546	102	796	13	1169	1289	154	1471	15	1180	748	21	891
MSTRG.74	2139	1463	404	816	0	2454	811	204	632	0	1541	3749	349	8353	0
MSTRG.740	63	83	485	2	896	0	166	247	33	838	0	113	387	6	957
MSTRG.7400	19	162	14	227	4495	13	87	72	216	5661	0	146	37	346	5432
MSTRG.7401	195	2502	7610	613	434	149	3386	12493	8035	299	40	2227	8878	808	335
MSTRG.7402	0	132	510	0	349	0	183	1353	0	1751	0	120	788	0	364
MSTRG.7403	5043	262	546	6239	0	5396	182	326	17265	0	1327	199	1046	13349	0
MSTRG.7404	5328	1629	2215	2017	1010	5414	350	3194	1434	341	1196	980	63	1765	299
MSTRG.7405	1061	6613	26	246	4383	925	5036	82	406	4404	253	9601	1	291	3581
MSTRG.7406	1827	12	485	420	3267	1948	8	821	333	4580	522	7	198	430	1860
MSTRG.7407	4065	25	272	52	1896	2340	71	210	251	2169	3569	52	549	46	1706
MSTRG.7408	1275	47	900	126	6669	1425	35	755	20	5192	611	33	1304	72	3076
MSTRG.7409	4099	1425	414	332	1021	552	1056	377	162	818	1356	529	164	142	840
MSTRG.741	0	189	42	14	780	0	80	118	83	764	0	104	114	33	998
MSTRG.7410	1128	3226	254	104	71	1204	2502	62	120	30	656	3587	177	270	403
MSTRG.7411	1317	4222	0	10909	88	2311	6211	273	8554	12	580	2846	0	12638	33
MSTRG.7412	718	11	207	2468	196	195	19	974	2243	37	358	9	503	3434	72
MSTRG.7413	2652	229	1032	846	190	1345	211	160	1379	83	67	0	181	972	63
MSTRG.7414	0	53	529	6	388	0	15	875	19	1029	0	84	695	4	439
MSTRG.7415	931	29	4564	1894	619	525	11	3703	1527	476	405	23	2459	827	574
MSTRG.7416	1844	0	158	2110	14	1306	49	100	1852	0	397	0	66	1321	22
MSTRG.7417	86	2886	15250	156	34	64	3511	13174	168	100	56	3166	11882	156	169
MSTRG.7418	443	55	117	2325	43	290	43	56	3939	77	68	14	182	3133	36
MSTRG.7419	2170	98	110	1209	453	1741	37	45	1506	346	1272	5	211	988	365
MSTRG.742	14921	6	93	5	3107	14851	88	129	429	2894	3998	9	212	30	8881
MSTRG.7420	286	1052	300	2898	1381	533	1752	12828	2553	2613	277	1111	514	1023	855
MSTRG.7421	791	1076	1023	200	3867	460	2594	419	1350	8239	554	1088	567	67	1984
MSTRG.7422	1359	330	187	2922	302	1056	261	519	6014	425	1150	214	120	3038	251
MSTRG.7423	2113	100	6974	131	6413	547	47	4622	152	3409	1580	106	4703	157	10695
MSTRG.7424	29	3391	5	3397	661	50	1632	162	5587	631	20	5185	45	3169	275
MSTRG.7425	36	254	3112	514	21	123	395	1952	987	47	59	383	2979	1065	12
MSTRG.7426	39	111690	3416	345	1767	72	29526	3833	373	1747	23	16570	1951	262	1801
MSTRG.7427	670	1347	446	2634	405	248	1024	142	7300	447	367	1165	442	4247	465
MSTRG.7428	127	569	1476	833	151	47	1926	130	899	216	206	4646	1039	1415	50
MSTRG.7429	461	179	6845	224	694	521	77	4452	31	79	348	89	9915	255	552
MSTRG.743	3474	805	0	0	0	3585	966	0	0	0	810	955	0	0	0
MSTRG.7430	228	7810	55	0	1814	244	7061	9	0	1940	577	4634	41	0	2926
MSTRG.7431	1016	810	212	2939	1561	1498	368	18	9767	1616	351	497	27	3529	1634
MSTRG.7432	31	215	363	555	739	44	22	184	280	449	406	66	130	381	1784
MSTRG.7433	339	3136	92	892	409	1101	3262	64	786	249	241	2329	29	580	379
MSTRG.7434	493	215	3538	0	103	272	199	1965	0	135	473	0	3017	0	558
MSTRG.7435	40	1746	3707	212	1093	11	1453	5493	303	2695	90	1682	2668	219	423
MSTRG.7436	3102	131	15	626	1495	1700	105	1	464	1194	1478	29	0	454	667
MSTRG.7437	737	1744	173	502	7894	622	2062	259	152	4888	323	2000	0	812	7716
MSTRG.7438	713	230	34	179	1170	1030	445	26	184	2324	534	649	68	70	349
MSTRG.7439	0	89	62	6719	777	0	228	50	1458	798	0	101	36	2924	1062
MSTRG.744	1821	4164	12195	9	34	523	27550	6806	230	218	22	8760	2450	20	49
MSTRG.7440	893	490	0	163	290	1103	702	47	35	99	1414	692	0	153	275
MSTRG.7441	1598	636	2828	296	2510	1601	1526	2769	330	3535	2911	471	2879	286	3883
MSTRG.7442	1	7403	52	422	3	29	3230	40	484	1	14	3759	18	495	2
MSTRG.7443	13690	1791	1685	306	397	9153	1943	1389	153	573	5405	1831	1495	96	479
MSTRG.7444	4700	777	1661	47	1369	3552	833	1943	88	1444	5717	692	2275	20	1642
MSTRG.7445	82	2587	291	1654	0	108	2477	120	9806	0	91	2296	151	1958	0
MSTRG.7446	160	0	105	3651	3259	106	0	19	3667	1907	31	0	104	2486	2341
MSTRG.7447	82	53812	2828	376	363	88	23346	1310	460	1591	27	47112	5355	549	259
MSTRG.7448	681	180	296	1183	3057	146	394	382	1319	2662	354	72	334	591	4213
MSTRG.7449	93	658	84391	4992	0	199	728	9456	2718	1	42	644	42745	3526	1
MSTRG.745	0	1106	4130	926	54	0	6674	2479	1232	129	0	2042	915	1252	34
MSTRG.7450	7588	1019	735	0	2246	12130	1041	409	1	6551	2219	1086	762	4	1841
MSTRG.7451	101	2349	747	7924	3760	89	3333	1514	5430	1690	189	1913	4747	3619	2945
MSTRG.7452	8019	893	10052	109	1019	8422	455	5139	49	1019	2290	776	9059	524	418
MSTRG.7453	11122	2	655	192	1101	11431	3	211	619	1000	2999	1	396	475	798
MSTRG.7454	0	1444	226	3297	250	0	729	23	4915	176	0	1216	87	3733	260
MSTRG.7455	446	1	2253	0	238	473	71	1357	0	161	216	4	1689	0	626
MSTRG.7456	5801	0	1823	0	87	8387	0	1405	0	86	3358	0	1135	0	5
MSTRG.7457	938	70	223	686	0	418	155	104	1149	0	552	107	0	401	0
MSTRG.7458	959	122	1542	61	0	803	53	1374	480	0	460	126	2031	33	0
MSTRG.7459	1961	0	142	2618	872	1962	0	34	3302	511	1051	0	23	1952	687
MSTRG.746	510	23	4299	986	133	721	121	2970	1183	87	358	39	919	1150	119
MSTRG.7460	2732	9	2342	463	124	1727	409	1857	356	439	1649	26	2238	367	401
MSTRG.7461	584	5179	158	4113	1228	329	4674	58	27708	3012	372	5612	39	2509	1563
MSTRG.7462	5178	0	429	428	207	4431	0	369	160	19	3953	0	375	129	23
MSTRG.7463	35	571	14756	1735	13273	101	490	14784	2972	16288	26	577	16638	1656	5787
MSTRG.7464	130	716	907	172	634	95	1003	753	251	943	111	969	931	96	993
MSTRG.7465	3696	29	6467	116	1631	6979	46	6904	101	2540	1830	10	6316	57	1877
MSTRG.7466	21	10361	1369	1082	3522	45	16291	19520	1053	1241	14	11431	2389	404	4515
MSTRG.7467	318	314	1650	2266	9637	421	1271	1734	2282	3703	238	517	1739	1524	4320
MSTRG.7468	440	1062	2468	81	13	836	581	1123	86	38	346	848	4124	86	34
MSTRG.7469	607	3683	125	2410	4389	189	5448	45	1605	5563	346	87	106	3249	2322
MSTRG.747	152	3584	1881	1029	2987	200	23145	1177	1197	2173	135	6989	456	1144	2673
MSTRG.7470	290	64	4278	1049	518	55	89	839	112	1297	160	3	4982	1062	757
MSTRG.7471	4630	558	866	168	488	5233	845	369	191	478	11837	174	937	94	709
MSTRG.7472	1346	198	150	208	293	618	277	228	241	33	1640	475	119	245	237
MSTRG.7473	149	860	2493	1613	4857	73	783	2177	948	2090	70	1231	1828	1327	6274
MSTRG.7474	335	355	1817	3319	1870	313	433	2651	6546	4047	265	221	1741	4335	1832
MSTRG.7475	694	143	482	56166	88	223	103	182	38704	765	63	62	1188	9506	595
MSTRG.7476	5571	212	46	604	0	2763	782	24	959	0	3269	319	39	407	96
MSTRG.7477	1405	1322	1419	541	1369	9	3690	1949	1261	1804	139	792	1114	1261	1371
MSTRG.7478	74	677	18	184	22220	98	918	49	150	3306	230	814	15	368	2796
MSTRG.7479	0	3533	2999	32114	57407	0	4151	511	9893	6638	0	2128	1527	16062	10928
MSTRG.748	250	5479	1951	5	179	109	36457	1089	2	7	90	9681	450	15	101
MSTRG.7480	536	154	123	4804	340	366	47	393	4799	434	394	19	412	2245	580
MSTRG.7481	1718	578	435	9	159	1537	497	92	15	197	1401	387	620	37	285
MSTRG.7482	1378	18296	116	178	824	1058	18543	204	47	913	988	17920	170	30	1173
MSTRG.7483	6467	6628	443	544	2359	7591	8101	513	1936	2240	4738	5370	1074	2673	2274
MSTRG.7484	651	3307	889	360	1408	166	37662	202	659	2898	434	7268	1046	427	2362
MSTRG.7485	19	774	3211	16208	348	17	1030	1457	2804	444	5	971	2699	41407	556
MSTRG.7486	6758	1580	334	1060	1496	2020	1679	390	1341	498	2758	1463	503	1137	940
MSTRG.7487	149	2541	10032	30	130	92	1457	1388	208	11	58	3075	8619	771	97
MSTRG.7488	19034	84	1	34	110	15911	59	32	529	267	8330	147	84	290	129
MSTRG.7489	149	781	309	0	9547	110	537	103	0	9817	186	672	448	0	3710
MSTRG.749	13603	14	1653	366	163	13819	148	1183	490	472	4471	43	324	464	275
MSTRG.7490	13	41	2268	0	518	11	60	1696	0	576	18	36	1895	0	495
MSTRG.7491	247	1591	12194	147	40	88	1806	7094	96	23	154	1726	11482	312	0
MSTRG.7492	17254	1738	514	154	15	36779	2202	938	34	26	1010	1911	466	9	11
MSTRG.7493	878	369	167	3	29	609	203	319	68	12	391	1079	266	2	18
MSTRG.7494	128	1082	5272	295	14	136	1948	2326	238	5	53	1514	1063	45	65
MSTRG.7495	18556	4918	0	8692	1146	7708	727	0	4769	1157	9120	2101	0	6088	1352
MSTRG.7496	4	5457	28887	13211	1500	140	4630	19702	7545	1644	68	3777	6009	5407	1218
MSTRG.7497	1742	20903	0	475	6373	1520	8783	0	494	5180	943	12544	0	588	5616
MSTRG.7498	1737	65	3056	826	165	1167	817	1909	850	118	1044	306	565	692	106
MSTRG.7499	232	388	196	283	238	111	221	137	181	263	169	530	354	126	552
MSTRG.75	43477	1485	0	823	2496	43813	806	0	627	2453	11475	3788	0	8528	2112
MSTRG.750	3422	1150	0	1408	6294	3554	7217	0	1777	5297	821	2224	0	1676	5542
MSTRG.7500	2061	120	1479	223	3812	2013	202	397	158	6105	880	117	2213	232	5900
MSTRG.7501	1182	460	60	44	438	1331	725	206	112	328	531	969	143	85	889
MSTRG.7502	136	3339	0	0	460	83	2528	0	0	480	38	3961	0	0	1012
MSTRG.7503	1578	274	172	3995	987	164	405	616	4374	649	618	354	72	3146	712
MSTRG.7504	8629	374	11973	599	316	5208	212	1727	569	330	9185	211	6130	476	561
MSTRG.7505	41	2256	76	3596	79	43	1076	96	5550	89	40	2010	145	4732	359
MSTRG.7506	102	271	844	87	718	88	161	1210	190	512	92	222	1125	65	369
MSTRG.7507	24	445	0	92	450	11	945	446	89	152	31	750	17	0	131
MSTRG.7508	3597	561	21775	0	3922	2496	795	19299	0	2065	3343	333	18347	58	1429
MSTRG.7509	5093	1923	12345	1	63	7411	9718	7964	0	112	2207	2650	11847	142	66
MSTRG.751	50	784	6219	172	1160	45	5754	3950	658	1201	16	1503	1359	307	1842
MSTRG.7510	14	0	687	0	292	21	0	1313	0	522	2	0	615	0	328
MSTRG.7511	228	1199	9	381	1754	211	7883	16	689	2645	0	2278	11	419	3524
MSTRG.7512	59	17444	1153	883	1710	14	128638	1997	956	3131	49	32294	1312	627	1519
MSTRG.7513	0	799	5889	7174	2111	37	5166	8311	15211	3004	0	1617	6487	12890	1765
MSTRG.7514	3960	0	672	449	19	3112	0	522	1068	80	2648	0	713	643	15
MSTRG.7515	136	1891	317	6658	232	42	13192	194	2795	354	2	3409	230	5482	359
MSTRG.7516	164	19277	1070	2755	445	17	19386	2593	3402	2714	20	19149	2175	1984	547
MSTRG.7517	1496	10429	1010	67	0	1455	11200	1384	2	0	849	9258	1382	22	0
MSTRG.7518	1850	640	497	4	3796	2146	780	1015	250	10872	1170	618	514	126	6660
MSTRG.7519	300	10	6194	2910	1413	232	10	3793	2060	1154	213	3	10878	837	1101
MSTRG.752	77	2401	292	4163	35	55	4134	298	8703	121	64	2514	211	3492	83
MSTRG.7520	108	1822	23	0	192	44	1746	56	0	347	54	1580	55	0	227
MSTRG.7521	3822	8405	9208	1	220	1367	9480	9598	70	150	3378	8060	9910	0	280
MSTRG.7522	420	679	1951	11	69	313	671	2886	80	17	344	954	2641	0	3
MSTRG.7523	91307	282	0	690	146	39356	256	4	665	335	7018	218	0	513	486
MSTRG.7524	553	3124	4200	3034	7043	749	2884	2971	1403	7386	455	1949	5146	1333	6778
MSTRG.7525	764	2314	493	23	4178	1383	1717	238	95	5319	3490	1296	452	25	4504
MSTRG.7526	9725	532	167	100	4	6057	348	101	30	13	2927	624	132	101	3
MSTRG.7527	844	203	27	1419	1499	218	295	53	528	1287	522	143	45	941	841
MSTRG.7528	257	1693	49	1310	1646	21	791	10	1739	2177	135	2510	4	1566	1419
MSTRG.7529	1512	323	1634	0	42	1392	144	590	0	87	565	82	1074	0	12
MSTRG.753	1376	6700	2384	4452	418	1247	16762	7205	1847	435	1030	7783	3600	3286	366
MSTRG.7530	2079	0	263	139	48	1738	0	329	276	84	1208	0	4	232	60
MSTRG.7531	159	234	376	3	2000	80	413	654	241	3024	0	201	10	21	2067
MSTRG.7532	1897	9478	0	0	8	1456	4356	0	0	18	1536	3501	0	0	0
MSTRG.7533	129	1198	2626	2786	1236	24	930	11708	3886	1259	19	1928	547	3357	1453
MSTRG.7534	2248	2	0	562	1980	1545	111	0	1514	1512	1588	75	0	2455	610
MSTRG.7535	341	1563	769	1767	958	303	701	1245	4669	872	615	1565	1058	2749	678
MSTRG.7536	90	206	6713	67	73	212	324	3713	4	1012	60	212	5826	0	116
MSTRG.7537	247	7700	412	3742	1952	350	11189	307	4874	3820	328	14365	518	3350	2398
MSTRG.7538	444	165	494	348	43	157	346	1452	290	49	186	269	865	222	21
MSTRG.7539	98	2052	0	0	81	2	2408	0	0	41	0	2539	0	0	55
MSTRG.754	46	9	896	57	5383	45	1	1126	5	4647	11	14	1086	74	4311
MSTRG.7540	0	2873	1167	2943	1727	0	2016	218	4655	1741	0	2101	281	4000	1799
MSTRG.7541	161	654	4646	98	29	151	636	3687	4338	30	37	748	4487	412	27
MSTRG.7542	717	9	3005	0	1296	1546	82	3718	0	3404	360	33	1843	0	1293
MSTRG.7543	9159	1160	2271	128	420	4123	1137	1562	4936	777	2222	600	2034	71	478
MSTRG.7544	2224	343	5071	397	314	1873	372	2164	588	417	1498	0	4043	425	254
MSTRG.7545	798	328	1599	131	1567	776	710	643	201	4457	468	48	1166	46	2773
MSTRG.7546	2105	2404	582	7232	1025	2024	2840	717	7840	685	2055	2960	1258	5534	1022
MSTRG.7547	0	9200	153	1469	233	0	5722	147	4380	80	0	7742	42	2009	476
MSTRG.7548	73864	15	232	536	0	22831	7	32	162	0	42424	13	24	84	0
MSTRG.7549	498	303	75	208	71	94	35	0	1280	67	50	279	0	211	48
MSTRG.755	29612	15	79	1	103	30874	0	156	1	1689	8071	0	152	1	37
MSTRG.7550	1554	0	81	191	2417	1462	0	83	20	6932	1005	0	54	0	2144
MSTRG.7551	169	2113	75	295	498	224	9419	22	67	258	71	557	48	375	578
MSTRG.7552	1477	0	259	2058	1045	660	0	124	2903	630	766	0	105	1708	852
MSTRG.7553	3458	18	474	200	0	3187	2	970	533	0	2083	4	653	396	0
MSTRG.7554	426	148	1050	1941	0	195	419	727	2879	20	374	303	902	1736	1
MSTRG.7555	110	5741	3	1209	435	79	6299	5	569	277	34	5769	1	270	211
MSTRG.7556	273	575	26	1018	324	813	1091	5	1257	435	115	812	37	569	488
MSTRG.7557	0	291	51	300	113	0	331	161	333	141	0	291	239	581	157
MSTRG.7558	71	417	25	395	667	119	1646	61	260	451	59	591	86	868	539
MSTRG.7559	237	0	487	943	3445	74	0	219	355	1623	159	0	189	539	1965
MSTRG.756	3574	1	49	18	1033	3670	93	7	2	999	836	6	0	229	841
MSTRG.7560	0	614	1819	1323	124	0	336	2055	1521	45	0	94	847	874	174
MSTRG.7561	0	4912	4177	1586	255	0	3254	4243	3417	278	0	4202	2893	1915	329
MSTRG.7562	6744	67	583	2115	1607	4438	82	658	1135	4749	4746	121	330	6492	2712
MSTRG.7563	563	2051	9247	489	262	373	4184	2345	1486	98	631	1494	9039	689	157
MSTRG.7564	5	2098	787	2556	6	63	1801	461	52884	17	30	2254	483	3701	20
MSTRG.7565	890	3841	3026	356	2313	689	3190	886	144	3280	833	2410	3771	271	1932
MSTRG.7566	35	1475	732	1001	450	69	905	560	324	296	8	902	593	740	669
MSTRG.7567	11447	1073	187	0	1099	15885	998	394	0	1308	9248	911	209	0	520
MSTRG.7568	473	77	2236	16978	1903	988	556	151	2942	1660	318	168	3892	1523	2091
MSTRG.7569	831	838	2721	1138	1	674	4865	2454	642	9	595	1570	4060	935	16
MSTRG.757	2705	109	205	1	2212	2658	267	243	1	2763	733	123	268	3	2029
MSTRG.7570	4759	159	2	3310	1609	5615	94	30	6235	1193	61	116	1	2112	1124
MSTRG.7571	31	178	0	690	6526	86	121	13	1187	6282	4	81	2	505	4029
MSTRG.7572	719	553	2124	1783	104	918	1063	2175	781	52	139	696	1761	452	330
MSTRG.7573	248	959	2362	324	186	201	627	279	98	650	411	1003	947	199	322
MSTRG.7574	1235	1	647	0	1998	634	1	437	1142	4338	959	1	563	11	1950
MSTRG.7575	516	2	108	0	0	230	10	128	2	0	139	36	545	17	0
MSTRG.7576	212	80	1885	0	0	121	186	102	0	0	87	272	288	0	0
MSTRG.7577	254	19	1578	32	413	723	238	806	194	866	178	67	934	23	278
MSTRG.7578	1056	369	9189	3808	56	1570	216	1296	982	433	508	77	5225	624	23
MSTRG.7579	698	37	8017	6222	1051	1314	15	4477	9333	2142	515	19	5212	5401	2587
MSTRG.758	2829	5	6980	1757	133	4465	54	109985	2929	244	1584	0	7040	1626	142
MSTRG.7580	4555	998	125	1353	460	4376	1868	16	752	323	1582	818	77	1492	354
MSTRG.7581	172	2088	829	527	4266	50	8649	535	2473	4828	21	731	1546	1093	3962
MSTRG.7582	483	419	341	960	294	399	731	126	3083	127	206	301	338	1162	113
MSTRG.7583	14820	10125	926	1364	945	11656	2817	761	2749	2908	6092	11870	1973	3326	1405
MSTRG.7584	962	1471	2240	825	131	698	1799	1879	168	188	674	1593	3117	261	109
MSTRG.7585	6339	539	6	414	181	7978	504	0	580	162	2578	270	2	374	77
MSTRG.7586	4198	326	863	312	1301	21467	134	753	258	928	2283	341	861	304	363
MSTRG.7587	855	2623	921	591	1560	981	1382	463	602	1627	342	3986	1931	492	955
MSTRG.7588	2042	742	0	1096	15	1802	717	0	826	2	1173	561	0	1054	2
MSTRG.7589	3045	68	3568	281	158	1248	223	1608	160	109	2210	319	3689	52	110
MSTRG.759	179	68	875	3248	303	101	322	812	2816	805	152	87	1023	2145	222
MSTRG.7590	109	1872	427	2249	1851	26	765	3137	2628	1034	94	1970	323	1406	2523
MSTRG.7591	3784	2899	452	478	990	2200	3385	1537	282	157	2981	4243	1255	419	1069
MSTRG.7592	925	4	2826	175	78	470	15	1204	1093	248	410	3	3717	176	124
MSTRG.7593	222	1618	2363	44048	191	297	1908	4412	4704	178	109	1299	2858	20912	189
MSTRG.7594	1634	2448	860	1437	1234	1386	720	677	1888	981	787	3821	704	1097	830
MSTRG.7595	2664	610	1374	282	2395	2212	431	832	190	5197	1472	553	1100	76	3168
MSTRG.7596	491	96	298	1473	2209	154	180	157	1266	2890	936	628	373	1045	1613
MSTRG.7597	63	641	12	79	1077	27	536	375	114	4986	22	283	475	82	823
MSTRG.7598	2033	1424	0	2726	514	1786	930	0	2054	682	1409	728	0	1697	450
MSTRG.7599	3836	8835	0	37	26	1538	4182	0	5	66	1132	5764	0	53	59
MSTRG.76	7455	0	2265	0	9273	7787	0	1992	0	6960	1819	0	2654	0	72762
MSTRG.760	49	3328	1150	13087	11272	13	3457	626	10408	17587	44	4640	1860	9435	10191
MSTRG.7600	104	6077	0	35	551	88	3801	0	146	1808	182	4499	0	60	1736
MSTRG.7601	4222	327	1438	0	180	2693	115	507	0	272	2105	168	984	0	393
MSTRG.7602	12709	1075	146	0	62102	5875	673	86	0	44944	5317	1631	289	0	40663
MSTRG.7603	748	316	689	284	631	300	168	3566	385	551	786	342	582	317	536
MSTRG.7604	80	1388	1325	947	3356	441	791	1229	3204	3231	131	1556	753	781	3062
MSTRG.7605	492	298	15876	540	593	242	66	14065	1017	1520	499	181	9633	1005	757
MSTRG.7606	114	2630	851	3513	346	123	2288	1153	5052	539	52	3230	1400	2738	284
MSTRG.7607	444	918	3063	895	17136	631	575	1541	540	6497	966	841	3159	1013	27344
MSTRG.7608	5570	816	4840	5204	943	2398	660	315	3996	1651	4552	961	5710	2504	955
MSTRG.7609	404	60	329	3713	36	447	71	296	831	318	264	29	926	1931	125
MSTRG.761	562	432	1038	6	1112	271	44	674	129	1602	415	877	1594	21	1014
MSTRG.7610	9821	0	156	0	43	2239	0	57	0	456	4570	0	66	0	74
MSTRG.7611	3215	2625	13744	4757	0	1172	2447	1119	11191	0	1828	2754	4381	3524	0
MSTRG.7612	1055	426	87	23680	0	65	1506	14	13656	0	215	425	39	16084	0
MSTRG.7613	5	555	42	125	65	15	961	59	423	64	50	1076	25	145	200
MSTRG.7614	0	3954	978	20	170	0	2382	750	71	11	60	3234	1179	133	5
MSTRG.7615	1209	2468	4154	116	5	1281	4497	5153	43	29	940	3508	3950	58	2
MSTRG.7616	210	616	342	204	479	484	809	82	133	194	161	351	260	259	33
MSTRG.7617	5934	1209	6094	341	5912	4405	1093	990	139	4553	1218	1123	6401	7	6787
MSTRG.7618	0	407	2027	795	7511	0	363	3364	2197	6376	0	341	2121	260	5994
MSTRG.7619	4041	134	41	196	11	3731	167	1465	298	1	1085	472	1411	145	4
MSTRG.762	64	5274	16118	1177	2132	63	4722	17222	6	1851	41	4268	21164	427	2815
MSTRG.7620	60716	0	0	118	743	65659	0	0	180	697	16779	0	0	48	390
MSTRG.7621	6237	0	1454	228	1	6430	0	1026	604	1	1746	0	1810	349	1
MSTRG.7622	24611	0	46851	1514	135	20808	0	436	1539	215	14616	0	22106	717	37
MSTRG.7623	11902	1510	6875	1055	113	9782	739	21	1806	114	6885	1100	2297	503	100
MSTRG.7624	945	340	300	2848	4	927	275	295	3894	8	443	318	175	1924	44
MSTRG.7625	2120	1741	979	11706	66	1860	2482	899	9571	63	1161	1421	1094	6055	22
MSTRG.7626	11597	1303	3523	347	0	11140	1276	4401	99	0	8619	816	5155	17	0
MSTRG.7627	795	11150	564	2544	3920	561	15736	523	1457	3986	946	6898	464	1013	3265
MSTRG.7628	432	651	1820	27242	301	155	1203	1596	12904	420	193	1092	1111	3330	290
MSTRG.7629	2504	3225	377	799	2542	3569	1983	281	642	6104	1873	3916	350	722	3027
MSTRG.763	81	793	0	42	709	196	472	0	195	1021	22	724	0	42	1500
MSTRG.7630	2187	4750	60	0	68	2409	1663	319	0	85	1213	6991	192	112	42
MSTRG.7631	713	670	1961	0	68	375	740	2558	0	77	509	1033	1779	0	0
MSTRG.7632	257	21861	14928	957	46	155	3313	5693	1340	33	305	8055	11189	857	10
MSTRG.7633	3	130	24	194	2	11	16	3	825	0	18	41	22	135	107
MSTRG.7634	1554	52	1	676	0	666	26	1	608	0	1755	38	1	848	0
MSTRG.7635	742	2377	703	150	975	11	2690	418	477	311	118	1858	790	397	3304
MSTRG.7636	0	2938	2057	101	311	0	2896	1525	192	177	0	2609	2080	195	1173
MSTRG.7637	307	238	7394	3535	14613	20	169	4385	2203	5460	319	311	8019	3409	89577
MSTRG.7638	4	6875	168	179	1361	1	3198	153	2586	487	12	7957	122	251	5048
MSTRG.7639	511	1667	136	1251	4133	370	2704	205	4863	3680	148	2442	237	2182	3923
MSTRG.764	0	357	78	339	45	0	311	94	421	120	0	474	115	695	128
MSTRG.7640	9953	218	6896	1810	2119	4780	880	5757	1630	3122	925	1601	7756	948	1881
MSTRG.7641	1559	0	655	44	15	1374	0	222	38	7	1525	0	981	47	1
MSTRG.7642	378	952	582	93	7	217	1323	1152	9	88	84	1348	1593	9	6
MSTRG.7643	1966	7593	1635	35	1779	396	2502	234	83	1591	1688	707	1717	25	966
MSTRG.7644	320	1640	693	67	0	293	1669	462	24	0	166	135	948	28	0
MSTRG.7645	5516	115	100	9575	1	3597	62	25	12637	64	11106	110	244	13584	1
MSTRG.7646	1647	164	814	1183	8	2118	425	353	193	79	958	158	480	1605	0
MSTRG.7647	283	925	491	1	744	268	1000	163	1	416	168	1013	242	2	667
MSTRG.7648	2031	2165	5305	2952	1711	2536	3623	1647	3529	1025	1592	3104	1886	1775	748
MSTRG.7649	3120	742	101	2920	1686	2415	678	157	1925	929	1997	622	114	1846	1824
MSTRG.765	128	32	193	1	64	314	112	126	1	284	41	77	181	2	95
MSTRG.7650	589	1440	507	7	37	328	1901	1429	124	67	536	879	619	3	95
MSTRG.7651	187	372	2031	4105	650	280	402	6655	8613	1007	100	343	4452	4641	775
MSTRG.7652	63	77	1702	14	1507	50	361	3326	77	1169	44	168	2036	76	11778
MSTRG.7653	1419	16887	2853	138	0	910	11618	1652	49	0	297	9426	3060	45	0
MSTRG.7654	332	1053	31	3102	158	461	1143	152	7679	179	5	1116	22	4533	1730
MSTRG.7655	436	39	284	1567	50	648	85	420	343	181	11	0	591	1286	15
MSTRG.7656	9147	1	605	591	0	8717	3	4810	1282	0	3014	4	831	1143	0
MSTRG.7657	5371	28	0	1075	3419	4975	14	0	1136	2589	3997	42	0	904	26810
MSTRG.7658	61	50	5230	376	1371	88	58	15493	384	1667	21	14	6602	158	2210
MSTRG.7659	13710	2560	1457	2931	3109	13746	1756	790	8076	5446	7550	347	1947	6731	4860
MSTRG.766	23330	27	3491	29064	1421	21652	234	1570	5879	3529	6165	28	3753	6717	2929
MSTRG.7660	5	7237	262	1521	3	9	4440	673	933	46	32	8777	323	961	1
MSTRG.7661	38	149	360	1307	2140	63	70	253	2196	4859	150	100	333	322	1800
MSTRG.7662	36	148	25	197	259	2	2	119	430	362	0	8	13	242	210
MSTRG.7663	0	19	189	0	0	0	34	21	0	0	0	53	25	0	0
MSTRG.7664	4948	395	411	565	1866	9037	254	305	3229	3930	375	461	682	561	1120
MSTRG.7665	0	5766	8136	334	222	0	4039	4181	775	4824	0	4130	4125	56	348
MSTRG.7666	925	612	2624	199	0	1145	376	2441	816	0	722	835	1967	7	0
MSTRG.7667	5047	494	1404	121	131	4840	1107	2962	84	4655	5398	1212	1547	72	28
MSTRG.7668	375	767	6	8	407	283	898	24	466	491	203	479	6	0	410
MSTRG.7669	468	799	1777	256	65	1579	606	437	91	152	573	1096	1192	131	73
MSTRG.767	4038	0	6324	24980	4691	3890	0	2996	31430	5322	1000	0	9317	17087	5139
MSTRG.7670	0	57	2096	26	123	0	16	2460	21	135	0	153	1719	26	0
MSTRG.7671	792	837	36	44	5549	359	531	2	47	7119	27	512	40	1716	4603
MSTRG.7672	5301	455	60	5996	1017	3523	386	130	45774	2786	2945	237	35	3020	1778
MSTRG.7673	141	4327	159	1031	201	67	2258	250	730	1216	139	1617	44	438	296
MSTRG.7674	2368	112	2028	416	158	2851	215	4215	932	64	787	101	2967	323	390
MSTRG.7675	2655	600	1235	0	1371	1875	616	1252	0	2836	1917	832	1393	0	1764
MSTRG.7676	4796	3344	2516	2052	213	3275	3785	1047	369	431	1627	3760	1018	1795	367
MSTRG.7677	1567	3294	1201	7114	2041	815	4056	774	15048	2052	670	2725	763	12783	1634
MSTRG.7678	1041	13	69	6703	1031	899	3	1859	8492	394	671	3	107	3306	740
MSTRG.7679	301	2757	2434	171	1152	209	1323	7062	276	730	100	2750	3660	147	973
MSTRG.768	13055	6981	896	261	375	13092	42394	694	66	228	3517	12843	1508	149	438
MSTRG.7680	2574	29	212	1963	95	1986	197	169	542	274	879	37	188	2038	104
MSTRG.7681	100	322	3908	1136	319	59	565	4141	465	300	76	435	4146	729	261
MSTRG.7682	246	569	512	496	397	88	1733	802	251	310	83	855	808	590	437
MSTRG.7683	666	0	451	3005	811	1023	0	526	1790	235	540	0	379	3120	586
MSTRG.7684	1167	6400	15	184	917	642	10904	48	55	1915	828	8227	1	27	1039
MSTRG.7685	41	64	2189	38	1279	53	5	5188	44	3919	39	24	4334	13	1906
MSTRG.7686	108	1514	1470	194	1203	180	908	1004	347	2814	208	1674	1215	195	3049
MSTRG.7687	65	281	260	278	487	167	718	47	141	1131	44	335	297	328	597
MSTRG.7688	14	540	0	581	1504	110	129	0	944	44849	74	380	0	1006	2039
MSTRG.7689	151	617	2294	387	604	80	430	8546	615	468	34	785	3583	1787	656
MSTRG.769	3827	1212	51	2	36	3890	7185	169	2	70	908	2233	169	20	143
MSTRG.7690	1625	9167	511	550	0	1511	4845	349	241	0	371	4938	367	1038	0
MSTRG.7691	2679	1507	993	156	12315	6410	3150	821	88	4162	186	1601	986	238	2611
MSTRG.7692	601	1055	0	1535	769	552	963	0	517	605	351	1106	0	2711	1004
MSTRG.7693	16271	59	230	171	3104	3850	44	236	2448	6257	18612	50	193	127	2154
MSTRG.7694	757	1284	60	225	500	686	964	29	582	539	275	725	1	231	440
MSTRG.7695	272	1898	497	0	1314	140	1949	155	0	1218	139	1561	619	0	953
MSTRG.7696	3061	299	1430	669	0	1610	173	794	460	0	3693	209	1185	539	104
MSTRG.7697	946	2099	892	1853	4	676	3424	455	1102	105	462	2785	728	469	4
MSTRG.7698	228	15	4987	268	3016	322	9	957	329	569	291	16	3716	125	458
MSTRG.7699	2291	1004	233	1390	5326	883	1280	18	2140	8864	2108	929	134	840	6560
MSTRG.77	33702	2545	16007	3560	4663	33635	2434	10326	2740	3341	9030	2669	3358	3005	35130
MSTRG.770	3934	4056	420	1701	73	3776	26496	746	1119	61	1100	7317	451	1180	22
MSTRG.7700	3361	2317	370	1318	1154	2682	2377	415	15833	823	3245	1281	548	721	937
MSTRG.7701	20	88	537	2338	1610	7	995	513	1400	3782	0	160	653	1343	1422
MSTRG.7702	3044	2242	294	1636	2264	1688	4013	135	1894	2911	1987	3167	201	1643	2444
MSTRG.7703	3820	183	51	4969	673	690	224	68	5399	224	4752	205	37	6284	260
MSTRG.7704	659	1877	1621	2527	299	351	2903	3752	3534	324	399	1885	3457	2106	238
MSTRG.7705	140	1973	2423	1639	268	127	3068	2439	561	251	1076	1760	2825	758	517
MSTRG.7706	731	1118	577	815	439	318	1369	296	50	666	20	1060	1008	413	375
MSTRG.7707	1493	3227	1358	0	1310	860	4497	1504	0	860	528	4986	732	0	1206
MSTRG.7708	1	1340	1944	1049	196	1	1063	1516	13	275	0	1341	2107	103	89
MSTRG.7709	7687	301	0	838	1553	2442	102	1	1218	2675	2800	384	8	339	914
MSTRG.771	21	1256	5902	7297	0	27	7641	9736	6397	0	34	2276	6792	3342	0
MSTRG.7710	6414	0	1855	678	40	4222	0	1030	319	66	3443	0	2183	505	39
MSTRG.7711	312	3330	7721	715	399	66	6471	7466	1028	193	90	4082	5429	110	277
MSTRG.7712	1361	563	243	58	184	750	585	158	40	627	1780	468	1000	48	178
MSTRG.7713	338	823	237	953	30684	181	888	884	2160	9270	259	787	419	1375	37488
MSTRG.7714	4417	0	2668	2068	1173	3358	0	2854	2344	995	4717	0	3339	2976	931
MSTRG.7715	2	212	0	3	0	1	252	0	10	86	1	218	0	5	30
MSTRG.7716	701	3860	0	235	233	604	1249	0	110	144	480	2829	0	110	103
MSTRG.7717	830	211	541	1412	1418	711	147	1295	2476	1487	484	182	370	1052	1205
MSTRG.7718	67	4858	80	813	90	93	1443	699	1617	173	23	4154	24	2791	119
MSTRG.7719	0	252	3095	8404	1765	0	44	2542	2487	2310	0	227	2536	6895	1311
MSTRG.772	3558	1236	44	101	0	3588	7811	5207	34	9	943	2292	23	117	104
MSTRG.7720	3387	632	509	1149	19	1872	718	215	1198	15	2024	639	417	2336	54
MSTRG.7721	845	541	3896	0	15	1898	585	4835	0	109	371	528	4161	0	64
MSTRG.7722	736	1042	461	118	0	1022	6091	394	598	0	936	2380	130	702	0
MSTRG.7723	2422	2941	208	3577	0	4235	2119	302	1128	0	1572	2897	155	55990	0
MSTRG.7724	4672	700	841	10	262	1729	301	2730	185	253	1975	1104	736	90	179
MSTRG.7725	434	1401	335	1234	1104	850	1708	320	4913	1369	430	798	119	733	873
MSTRG.7726	1587	2590	1508	5034	711	1085	1247	1521	1745	585	795	2545	437	2882	965
MSTRG.7727	207	2	2085	14462	3904	189	1	1496	23758	4229	154	12	1766	9589	2296
MSTRG.7728	197	1470	21	1514	385	305	1060	10	482	84	493	1795	14	804	1194
MSTRG.7729	0	7565	60	4190	4742	0	7315	64	4443	3381	0	4799	222	2729	2919
MSTRG.773	1018	10	1148	192	61	1168	37	594	31	109	453	58	782	34	22
MSTRG.7730	0	249	2432	503	1804	0	125	735	394	820	0	912	4906	389	1728
MSTRG.7731	0	262	892	295	4369	0	733	39	421	5362	0	587	1349	229	3153
MSTRG.7732	1437	4193	146	0	18401	677	2523	232	58	10772	881	4692	95	0	18980
MSTRG.7733	1771	0	1661	5445	105	365	0	884	4873	243	533	0	1481	5263	202
MSTRG.7734	995	0	2840	6485	311	1912	0	5770	10261	536	334	0	5218	6166	556
MSTRG.7735	1339	769	9103	6	195	1000	1017	7047	3	125	629	594	3963	10	232
MSTRG.7736	11197	12	534	19	144	13745	0	771	21	369	4125	31	483	26	162
MSTRG.7737	871	75	61	141	284	1046	603	90	92	701	1108	41	69	110	215
MSTRG.7738	3912	2350	498	5	905	2008	3023	757	8	1337	3308	2548	2088	98	568
MSTRG.7739	7228	640	221	6	954	1327	256	152	10	1627	9232	356	628	15	556
MSTRG.774	12327	1104	0	2207	389	12480	7469	113	1213	493	3290	1964	1	2037	432
MSTRG.7740	101	1952	2	2528	1759	68	5595	13	2492	3214	231	1849	27	2220	1619
MSTRG.7741	598	449	67409	1481	7157	666	447	13437	4037	9053	794	126	40981	1404	4232
MSTRG.7742	112	249	4265	808	136	58	343	2817	200	117	63	155	4628	65	103
MSTRG.7743	16128	1041	218	4049	2299	3041	1937	27	4224	1150	5505	836	47	3759	1239
MSTRG.7744	118	567	1762	117	11196	16	332	2809	22	11504	100	202	2431	1	6706
MSTRG.7745	1124	126	355	1704	579	988	122	461	849	655	625	90	374	924	682
MSTRG.7746	4054	933	24487	5503	1	4063	1175	4023	5022	26	2382	373	26955	2480	24
MSTRG.7747	291	2040	1079	8378	952	140	1421	1289	10918	1134	247	1598	1410	2888	703
MSTRG.7748	8768	177	97	8	63	2920	189	724	24	642	9491	246	654	16	85
MSTRG.7749	2460	3003	90	130	570	2505	1156	964	65	445	1168	5020	49	29	777
MSTRG.775	460	383	2806	4013	3289	254	2108	2800	2833	2286	240	896	3044	4430	23726
MSTRG.7750	203	603	0	511	8	1023	166	0	245	62	2031	1463	0	278	21
MSTRG.7751	14	173	0	932	64	10	275	0	731	135	59	102	0	414	151
MSTRG.7752	0	1535	113	202	216	0	810	258	400	177	0	1757	365	232	278
MSTRG.7753	3	3613	179	126	2751	0	5767	6	799	2864	24	4668	9	514	4312
MSTRG.7754	1094	22420	7	213	254	1206	17774	53	1168	1057	1061	5746	2	194	402
MSTRG.7755	1710	522	365	2749	1015	463	907	228	3154	4134	3	390	40	1521	1916
MSTRG.7756	4586	99	14558	5113	1339	649	183	9886	12032	1504	3	81	8299	2477	867
MSTRG.7757	5785	475	609	171	1	271	1076	1008	506	1	2	1534	729	121	1
MSTRG.7758	673	246	48	1305	41	367	351	41	5523	6	504	502	0	1296	13
MSTRG.7759	231	34326	67	251	23	292	23573	6	1215	51	135	34428	30	473	6
MSTRG.776	1537	3710	121	5699	1164	4516	24257	444	20293	817	278	6911	86	7442	8418
MSTRG.7760	963	2672	39	2809	54	863	3178	12	12304	73	1101	2639	38	2134	51
MSTRG.7761	2930	458	184	904	7442	3487	101	175	2383	12853	2122	58	340	683	12167
MSTRG.7762	927	5596	0	1	864	492	5447	0	2	465	702	3724	0	0	321
MSTRG.7763	1731	482	5746	61	1	1562	755	5129	119	1	572	440	5952	7	1
MSTRG.7764	261	28876	322	683	5842	46	7846	180	2311	7863	214	41869	297	611	4198
MSTRG.7765	138	418	4079	316	3159	290	190	4745	752	2433	105	378	7881	635	2340
MSTRG.7766	2988	1153	289	8	6	2710	1676	254	15	69	3364	1531	844	13	2
MSTRG.7767	10409	223	105	55	3383	8143	798	87	323	6739	6394	929	67	73	2811
MSTRG.7768	16	83	0	639	72	4	831	0	1601	16	3	245	0	834	57
MSTRG.7769	254	0	1	2388	10	23	0	1	1204	20	165	0	257	1058	24
MSTRG.777	893	329	409	672	1256	1288	249	729	323	855	574	232	272	295	9740
MSTRG.7770	2354	0	0	1188	74	2184	0	0	1044	9	1849	0	0	738	11
MSTRG.7771	8116	45	1009	509	4224	4728	166	255	893	5124	7490	284	261	639	6768
MSTRG.7772	140	135	1020	45	1076	136	21	940	201	1136	74	11	1300	28	1513
MSTRG.7773	100	37	39998	22	446	0	124	14385	267	660	4	21	13827	121	614
MSTRG.7774	14	333	5339	1395	349	11	361	1062	3445	494	35	77	887	1720	179
MSTRG.7775	1106	8833	5481	5345	2970	160	6234	1338	8904	5471	247	8376	8081	3484	9008
MSTRG.7776	9334	9283	2615	61	1604	3014	8294	2855	28	944	3489	9361	2768	86	2050
MSTRG.7777	1004	407	56	23	1174	448	97	41	62	1767	1681	117	6	154	762
MSTRG.7778	1399	193	36	452	236	562	347	759	559	357	1778	161	16	623	345
MSTRG.7779	33	187	1902	170	0	9	322	856	223	0	6	95	1196	213	0
MSTRG.778	981	3031	230	0	575	650	8886	155	0	438	1232	3333	316	0	4216
MSTRG.7780	2739	2	0	0	672	747	4	0	0	1867	185	3	0	0	389
MSTRG.7781	680	211	1	956	300	511	105	83	396	1222	482	318	2	574	205
MSTRG.7782	137	124	263	288	225	71	120	353	486	500	241	73	1666	282	54
MSTRG.7783	981	0	446	604	117	536	0	0	279	85	456	0	0	324	77
MSTRG.7784	125	4524	2837	506	13	57	4663	897	242	331	80	4144	1148	671	0
MSTRG.7785	105	1229	2314	0	277	23	710	847	1	159	52	839	1847	1	192
MSTRG.7786	5652	5574	831	1508	22	2033	3424	477	1745	42	1082	7674	854	1161	7
MSTRG.7787	64	22	5279	73	16	140	101	3540	34	118	55	99	1285	86	94
MSTRG.7788	651	81	0	1491	5352	356	133	0	1390	44709	520	0	0	1454	4072
MSTRG.7789	4276	1	593	252	790	5106	1	535	263	519	2982	0	286	159	439
MSTRG.779	304	870	3260	322	567	273	427	2646	125	332	257	880	3992	193	4284
MSTRG.7790	4589	0	35	96	0	3972	0	97	212	0	2455	0	64	172	0
MSTRG.7791	3622	35	0	199	1735	1899	22	0	440	642	2499	363	0	217	1916
MSTRG.7792	122	1255	12525	470	832	271	2006	8247	806	197	36	1353	2753	517	3636
MSTRG.7793	623	1337	1515	588	215	498	6375	3859	446	147	457	2869	3530	232	707
MSTRG.7794	845	769	3064	806	817	2192	1512	6303	7704	649	371	1240	5821	1390	3264
MSTRG.7795	0	25189	1	2151	75	0	87358	0	2149	75	0	37939	21	550	392
MSTRG.7796	5913	83	9	346	14490	9401	197	0	669	5420	3000	148	55	820	88803
MSTRG.7797	1801	7888	0	1365	2372	881	3023	48	1679	1050	1333	9384	0	1522	8069
MSTRG.7798	344	3027	2243	300	6022	474	3264	2062	130	6474	275	2697	3171	32	4639
MSTRG.7799	1805	322	490	2	253	252	38	581	0	191	462	0	490	0	201
MSTRG.78	1749	9822	4	7645	245	1794	89828	25	10053	183	282	24511	5	9476	1100
MSTRG.780	103	78	959	1189	453	131	124	1327	892	308	51	102	2311	1348	3683
MSTRG.7800	111	287	0	543	1574	49	114	0	828	1115	25	162	0	324	1897
MSTRG.7801	331	1476	1742	83	936	26	889	5530	50	525	65	858	1703	22	1950
MSTRG.7802	527	0	155	517	413	554	0	8594	39	395	844	0	574	81	455
MSTRG.7803	9377	2	0	49	2531	5657	79	0	26	2073	3552	1	0	24	2105
MSTRG.7804	1825	173	72	107	215	2984	271	5320	68	55	1347	0	26	69	61
MSTRG.7805	656	1115	376	142	1382	810	792	902	3582	2240	575	969	575	472	1351
MSTRG.7806	9	3422	122	334	429	23	1330	64	280	419	9	1723	109	91	1252
MSTRG.7807	466	1953	155	2690	520	131	1817	168	2701	450	99	2373	185	2137	924
MSTRG.7808	1110	83	5676	528	0	608	69	7133	763	0	402	49	6636	713	117
MSTRG.7809	2702	1054	1224	1345	73	2110	517	3600	1278	124	1523	849	1607	997	20
MSTRG.781	48	237	109	255	1728	4	401	257	2735	1262	5	286	164	925	12825
MSTRG.7810	597	32	230	5656	1596	173	45	601	6497	1454	154	56	588	3963	3191
MSTRG.7811	2523	1529	11	144	2	2818	10092	1	350	669	2348	2907	1	34	33
MSTRG.7812	1137	1805	368	1176	211	1180	11555	89	1665	523	776	3676	538	1223	206
MSTRG.7813	3382	0	1651	0	955	2366	0	1665	0	2269	1097	0	1930	0	955
MSTRG.7814	302	347	32	351	28	825	2136	11	158	24	138	1020	47	237	2
MSTRG.7815	3458	16	2	1174	0	4289	134	9	474	1222	2227	25	23	705	201
MSTRG.7816	231	0	272	13579	43	152	0	484	5604	3	175	0	455	3153	5
MSTRG.7817	4179	6126	1994	0	292	5743	40041	2500	0	231	2559	10605	1993	0	132
MSTRG.7818	1233	1716	938	0	231	1184	11150	64	0	150	873	3348	601	0	261
MSTRG.7819	7	2174	1113	256	1365	14	3754	184	366	1857	5	2591	2217	369	873
MSTRG.782	176	9720	1910	4240	330	362	64556	2868	12425	465	148	11425	2869	7630	1224
MSTRG.7820	3862	4032	65	806	950	5696	6067	298	274	13714	3927	5376	185	1368	439
MSTRG.7821	1766	15	589	570	1212	887	1	478	516	1338	778	104	798	587	1154
MSTRG.7822	324	2099	30	188	1841	122	1900	37	138	1938	535	3076	432	211	2060
MSTRG.7823	0	550	23	8011	4231	0	660	34	9022	4850	0	561	35	4271	6078
MSTRG.7824	4014	0	1169	256	51	7606	0	378	116	22	3739	0	626	279	11
MSTRG.7825	641	2788	19617	122	3217	391	3134	13665	433	4110	382	2208	19581	350	2592
MSTRG.7826	1217	182	8533	6962	482	687	6526	5979	9228	42	622	686	7337	7335	537
MSTRG.7827	179	0	4	4594	0	47	0	89	2054	0	75	0	0	1545	0
MSTRG.7828	130	65	191	662	788	249	5629	54	398	16	121	129	248	484	140
MSTRG.7829	19	440	779	0	592	32	758	113	0	1070	2	550	701	0	207
MSTRG.783	11432	1179	15	7452	5601	66174	867	2	9820	10820	9037	1168	3	9268	2552
MSTRG.7830	556	71	0	1627	647	249	187	9	1345	301	391	109	36	2067	556
MSTRG.7831	1746	205	168	749	724	996	177	218	941	850	2082	219	153	643	94
MSTRG.7832	1088	6267	885	445	49	664	7172	1492	791	45	443	5921	1344	640	35
MSTRG.7833	4683	1428	3004	5258	22	1273	2254	6458	1459	26	3670	2357	3249	3475	24
MSTRG.7834	189	318	1096	151	1172	64	567	962	112	1910	212	361	5103	174	1956
MSTRG.7835	496	10	848	0	1762	328	2	1460	0	1417	430	1	1247	0	3227
MSTRG.7836	2541	271	1477	236	214	5468	19	26807	25	79	1659	18	1530	53	177
MSTRG.7837	22	72	286	9825	1469	12	42	129	2844	2243	5	297	137	5034	1224
MSTRG.7838	3879	1452	591	7129	876	2898	2372	190	11506	1693	2829	1877	625	4953	1408
MSTRG.7839	1714	195	0	5507	0	374	500	0	4273	0	1624	437	0	2779	0
MSTRG.784	0	2035	17445	2085	2550	0	945	13327	1283	2013	0	2011	15541	1388	3258
MSTRG.7840	1999	2065	12138	1261	5011	1521	2333	18	1020	2389	733	1674	5591	486	4148
MSTRG.7841	3246	489	877	1569	697	1659	510	430	1189	1379	2628	142	1085	925	926
MSTRG.7842	962	769	3135	492	0	662	1047	5055	183	0	1245	480	3405	360	0
MSTRG.7843	607	785	658	1043	119	453	654	714	691	300	444	1523	627	1233	455
MSTRG.7844	9415	1155	1022	0	3639	6790	221	479	0	2254	3661	722	842	0	18170
MSTRG.7845	854	965	13	146	4	107	1745	3673	75	253	1102	1090	7	201	14
MSTRG.7846	333	3345	0	342	913	723	6196	0	345	5753	415	3791	112	145	193
MSTRG.7847	4147	2544	12	600	3766	3769	2461	603	1027	2613	4258	6716	28	69	2165
MSTRG.7848	0	58	3280	211	11824	0	139	24	301	14066	0	143	3121	119	5439
MSTRG.7849	0	4054	7154	1282	1233	0	31788	8234	1722	540	0	5438	8487	1224	1172
MSTRG.785	4	1769	4665	43	15	1	902	1506	150	14	1	1690	3488	120	14
MSTRG.7850	744	92	1145	0	4250	790	10	533	88	3417	349	24	1612	2	3297
MSTRG.7851	52	408	1582	3322	465	0	184	4784	2632	363	48	445	1936	2547	393
MSTRG.7852	126	0	2261	1	49	514	0	2509	1	35	26	0	4609	1	44
MSTRG.7853	1948	4356	769	462	215	1594	2359	201	344	254	1878	251	234	412	169
MSTRG.7854	422	607	446	14	0	222	460	421	76	62	276	1018	273	65	0
MSTRG.7855	3999	21	268	6446	3121	4512	83	268	12880	3079	2219	44	670	6502	3628
MSTRG.7856	386	0	521	50	5699	195	15	641	139	14752	91	0	679	110	5946
MSTRG.7857	1993	2588	1159	166	1	2026	6493	706	139	1	525	2537	1547	331	0
MSTRG.7858	174	39	179	676	2	255	121	91	139	0	117	29	97	274	5
MSTRG.7859	55	1377	1729	1000	16	72	1207	1588	2099	5	10	979	1749	892	161
MSTRG.786	311	15361	68	1	1	124	20483	1	5	2	132	18707	557	1	1
MSTRG.7860	611	0	360	1979	0	516	0	135	2019	0	221	5	248	1747	0
MSTRG.7861	1536	0	1269	1140	1806	994	0	1704	179	1764	274	60	1264	602	1799
MSTRG.7862	2020	0	394	1774	1198	1358	0	252	2898	1981	1209	0	259	2209	1057
MSTRG.7863	64	1113	177	769	502	39	395	483	2204	318	123	129	731	835	230
MSTRG.7864	3621	8220	37088	5492	6673	1330	9451	3040	3462	7866	6227	8011	38441	4585	4112
MSTRG.7865	862	1175	1435	4718	0	150	543	722	5285	0	1306	1268	1159	5013	0
MSTRG.7866	79	2047	5	209	11594	116	4154	47	335	14387	93	1902	50	329	7020
MSTRG.7867	1826	2875	209	1196	58	1137	2865	104	828	24	1596	5242	86	1045	131
MSTRG.7868	4293	582	1510	2093	3	6773	280	1466	596	11	4071	176	1432	1449	77
MSTRG.7869	2259	508	63	7546	33	4104	560	134	11499	11	1482	417	131	3161	30
MSTRG.787	109	0	188	3673	1929	41	0	32	5837	2714	12	0	75	2372	2040
MSTRG.7870	590	193	2287	93	318	783	370	1983	17	137	317	441	1935	32	263
MSTRG.7871	752	645	81	15324	867	1240	632	50	21478	622	1497	699	95	10959	602
MSTRG.7872	557	827	28	842	174	390	1000	88	1026	335	495	920	143	641	289
MSTRG.7873	41	165	0	461	145	15	114	0	364	629	27	54	0	239	686
MSTRG.7874	67289	801	0	409	129	29221	475	0	768	1070	32580	816	0	463	135
MSTRG.7875	5666	1199	955	5898	1775	2289	1356	764	3983	3113	2481	1076	1153	6792	1770
MSTRG.7876	2809	377	3509	2608	3452	6496	161	4578	1956	11777	3458	353	2973	1865	2875
MSTRG.7877	569	275	1040	104	151	487	894	291	9	467	368	293	1466	74	144
MSTRG.7878	21716	46167	5014	207	871	6766	11904	1584	461	5116	33470	44105	4149	112	868
MSTRG.7879	1377	917	3356	1250	180	1659	1106	651	2511	1056	1257	1081	1905	1453	612
MSTRG.788	1383	55	122	19497	2860	978	96	59	7257	2372	1197	90	223	6084	2091
MSTRG.7880	284	0	197	517	3779	750	16	34	1305	11058	1014	49	152	348	2913
MSTRG.7881	95	143	593	53	127	613	69	779	56	239	106	62	488	76	116
MSTRG.7882	0	1564	1359	179	0	0	1395	1191	72	2	0	1344	748	345	0
MSTRG.7883	0	77	947	1735	473	0	208	1408	3314	999	0	118	735	1063	386
MSTRG.7884	85	2869	2051	18	361	263	3017	2473	951	806	369	1513	2249	78	672
MSTRG.7885	173	133	10035	20	81	12	38	6076	195	247	11	86	7439	155	124
MSTRG.7886	0	21	256	3554	63	0	78	25	4254	243	0	102	108	2084	43
MSTRG.7887	346	0	309	713	403	260	0	220	283	1627	78	0	53	728	1256
MSTRG.7888	11603	0	2388	33	1758	5440	0	1177	26	1696	11403	0	1099	27	909
MSTRG.7889	8537	405	12856	1139	640	4560	276	1467	445	690	6877	285	6022	582	711
MSTRG.789	1994	208	60	123	9221	924	232	15	86	10831	1962	248	15	2	7438
MSTRG.7890	2164	482	955	77	618	1821	1490	779	69	1207	1380	570	1030	109	905
MSTRG.7891	104	480	33	3256	45	189	1127	0	2261	130	105	794	176	2852	14
MSTRG.7892	155	6858	1014	199	60	124	7833	1382	465	269	93	5410	671	146	180
MSTRG.7893	223	719	149	4325	747	241	430	894	6228	3083	74	955	107	4003	1386
MSTRG.7894	168	3053	768	2132	1083	176	1660	788	2596	3557	92	2068	817	2627	417
MSTRG.7895	274	0	158	3859	2282	142	0	336	31460	2821	310	0	386	11233	1526
MSTRG.7896	174	4050	279	67	32	69	7202	337	160	6	30	4188	303	196	26
MSTRG.7897	0	14209	17	479	61	0	11735	146	603	12	0	16777	12	284	69
MSTRG.7898	5537	216	2765	0	4	3899	314	1898	0	70	3255	524	3384	0	48
MSTRG.7899	850	267	85	4811	347	582	379	64	1667	504	479	726	110	4546	289
MSTRG.79	119	2200	16648	3541	35	94	14424	10688	4818	70	17	4380	3521	4611	36
MSTRG.790	1818	3283	26	44	19	1152	2219	27	2	166	1855	3294	100	0	88
MSTRG.7900	4887	229	275	16	188	4441	171	1044	25	289	6774	45	352	16	525
MSTRG.7901	113	373	1350	66	0	84	918	2872	35	0	46	364	3525	48	0
MSTRG.7902	106	266	1543	461	1049	164	498	1387	443	804	0	287	1198	348	843
MSTRG.7903	0	822	70	452	420	0	1216	27	771	367	0	864	29	572	610
MSTRG.7904	19	1369	17	1940	408	0	1524	401	1381	415	333	874	30	1777	271
MSTRG.7905	841	829	5834	1853	1090	511	1589	8447	2206	612	507	585	15914	1632	1069
MSTRG.7906	4568	2550	2358	72	93	2940	2483	3092	121	58	2431	2170	1950	158	58
MSTRG.7907	6181	3	14	70	1999	4865	4	3	74	1661	2115	5	6	107	1388
MSTRG.7908	136	6660	8000	51	264	119	5809	8840	50	181	80	6973	6164	34	232
MSTRG.7909	164	594	146	613	100	56	106	236	436	245	52	265	111	1043	261
MSTRG.791	20062	3955	0	29	27	20148	5924	1	46	696	14935	4764	4	93	806
MSTRG.7910	76880	463	15	90	140	47351	79	47	264	500	26692	110	25	141	194
MSTRG.7911	247	3684	4362	254	413	166	2038	4770	179	556	108	1959	4713	141	405
MSTRG.7912	11763	5768	76	210	345	5719	2348	27	19	313	4886	2600	35	176	87
MSTRG.7913	9491	1158	14	82	114	4212	685	4	74	8	10920	1189	29	313	0
MSTRG.7914	1925	88	184	2133	923	1523	12	43	3077	5255	1077	129	36	1731	1008
MSTRG.7915	2710	1130	5616	3	1349	1848	905	6917	5	2215	1269	793	6800	8	720
MSTRG.7916	669	116	340	2988	298	267	603	398	4460	390	25	182	706	2534	634
MSTRG.7917	1898	828	1421	584	1352	1118	675	943	6646	1062	592	806	2135	790	1531
MSTRG.7918	0	36	352	21	219	0	157	261	41	87	0	24	131	70	49
MSTRG.7919	0	72	3573	926	493	45	268	3875	1214	1016	0	146	8769	124	224
MSTRG.792	0	685	1789	28	703	0	1786	3245	12	0	0	1593	2385	21	454
MSTRG.7920	153	156	1491	3932	85	291	345	258	2445	37	0	306	2019	834	41
MSTRG.7921	645	11	1511	1300	508	545	170	2461	1980	99	480	13	698	1684	62
MSTRG.7922	2991	49	138	1088	0	2164	26	448	826	0	2135	8	476	1296	0
MSTRG.7923	2615	2927	0	303	0	1531	2630	0	301	1	1954	3827	0	431	22
MSTRG.7924	94	172	679	6846	1	80	199	3326	3584	3	72	193	657	6843	12
MSTRG.7925	197	155	185	796	111	101	487	795	1235	68	262	151	161	844	152
MSTRG.7926	634	1068	491	701	129	535	3342	1352	1525	1343	608	2308	46	877	86
MSTRG.7927	10741	1617	152	94	351	10933	1393	41	73	247	2772	1158	196	199	103
MSTRG.7928	0	103	3	0	2458	0	53	526	0	1966	0	62	4	0	1948
MSTRG.7929	1288	397	241	2841	510	1236	424	203	2445	621	421	284	128	2163	735
MSTRG.793	88	70	3118	391	26	123	142	2122	823	143	87	182	2125	535	28
MSTRG.7930	30	49	57	75	1351	96	12	48	27	903	6	22	33	91	1120
MSTRG.7931	0	66	33	161	3077	0	315	123	457	4864	0	28	31	775	2625
MSTRG.7932	25115	9120	4807	2271	121	26009	10141	41020	1439	240	6678	14386	4655	2175	79
MSTRG.7933	2143	12109	1310	494	833	3019	8947	775	743	1556	1468	6152	385	836	1099
MSTRG.7934	4619	6013	0	243	66	6113	7960	0	382	4	1307	5471	0	396	3
MSTRG.7935	7	150	2195	109	270	2	285	608	115	189	93	108	1945	289	323
MSTRG.7936	68	10	602	68	928	2	92	278	180	656	0	11	208	244	720
MSTRG.7937	19	5258	180	0	9882	0	5547	74	0	6329	23	6081	220	0	5648
MSTRG.7938	2341	13	39631	0	0	2562	87	14250	0	0	2795	10	13700	0	0
MSTRG.7939	757	259	2455	27	0	592	65	678	2	0	561	36	707	2	0
MSTRG.794	142	650	22	9588	297	114	497	1	11583	468	159	489	2	4605	642
MSTRG.7940	0	5497	6340	0	285	0	6793	1267	2	290	0	7714	1001	15	500
MSTRG.7941	2649	644	4527	185	739	3504	458	4747	40	424	663	1186	4509	357	895
MSTRG.7942	328	1159	165	1181	398	6133	1021	343	3415	406	349	1046	206	1295	561
MSTRG.7943	0	203	3225	870	179	0	359	759	1910	140	0	144	2887	897	121
MSTRG.7944	92	3250	976	847	7116	3409	2808	656	4692	7022	41	9805	2815	1921	2917
MSTRG.7945	568	684	451	1782	179	694	689	384	1455	134	477	723	636	1392	144
MSTRG.7946	113	1020	2960	3631	131	156	1752	3037	5609	396	63	597	2095	3151	224
MSTRG.7947	167	88	251	56	3092	199	462	142	112	6032	180	253	54	55	2869
MSTRG.7948	7802	0	387	245	940	7379	0	545	166	1457	4827	0	431	224	1056
MSTRG.7949	1562	567	1308	214	4417	2642	2388	2520	71	3013	2448	466	1276	111	2739
MSTRG.795	4174	5179	194	3449	39211	1886	7475	2	494	12382	2637	6201	244	2149	17715
MSTRG.7950	80	216	414	949	0	34	504	373	1022	0	3	190	1719	751	0
MSTRG.7951	392	164	478	277	918	1205	698	265	509	1378	241	24	963	105	1770
MSTRG.7952	0	160	167	6744	0	0	150	89	3741	53	0	147	162	4540	38
MSTRG.7953	1918	15	2545	188	654	2333	519	931	109	1083	1636	0	3836	141	675
MSTRG.7954	26	226	0	100	4791	21	279	2525	98	2983	24	143	34	0	5974
MSTRG.7955	15	130	295	28811	87	15	69	483	3359	102	22	68	299	22047	145
MSTRG.7956	276	180	2849	2833	0	349	92	2838	13829	0	366	75	1655	3436	0
MSTRG.7957	2582	6212	478	519	215	2283	40347	501	822	12	1594	5306	266	438	56
MSTRG.7958	454	0	170	106	8772	248	0	168	143	5836	7	0	309	60	11752
MSTRG.7959	778	2104	1295	901	6394	693	874	3367	880	9329	406	2171	1020	1553	3454
MSTRG.796	14	105	98	7	12882	0	606	253	0	29858	45	72	41	58	9494
MSTRG.7960	83	0	488	261	4605	119	0	7154	100	3994	46	0	502	161	3065
MSTRG.7961	64	155	70	763	802	62	258	133	1372	634	190	275	94	567	804
MSTRG.7962	839	264	642	301	0	640	695	414	635	0	930	389	689	152	0
MSTRG.7963	1442	2182	1670	6288	890	280	5638	1144	2277	905	582	4540	1098	13590	505
MSTRG.7964	1485	3133	1465	697	364	1527	4075	1214	1242	288	941	4526	2223	795	455
MSTRG.7965	5835	29778	4546	143	1055	9549	102745	3415	136	543	5095	46167	5262	131	876
MSTRG.7966	2942	7490	3990	891	0	2475	6395	2363	581	0	6750	6452	3526	810	0
MSTRG.7967	499	203	553	228	190	1031	288	52	333	134	395	177	469	163	194
MSTRG.7968	5617	4024	0	30	248	35076	908	0	113	308	3283	2324	0	13	183
MSTRG.7969	50	877	1108	0	534	27	738	18	0	729	33	2050	94	0	8
MSTRG.797	4471	815	332	7	206	4764	730	781	1	91	2279	903	813	1	151
MSTRG.7970	438	444	771	0	218	194	364	799	0	273	488	453	444	0	62
MSTRG.7971	0	2366	981	855	962	0	2403	416	1248	1333	0	1733	676	1133	1234
MSTRG.7972	5407	222	905	918	0	1760	100	734	1299	19	5	71	181	948	1
MSTRG.7973	764	520	58	154	1525	323	489	24	250	1596	730	499	38	188	1186
MSTRG.7974	22	704	211	0	590	40	2418	126	0	908	41	972	438	0	700
MSTRG.7975	3448	544	17	555	2172	6246	601	20	806	5243	2219	1761	36	778	2800
MSTRG.7976	1977	645	1395	56	0	1796	518	1860	21	0	1156	1272	1890	6	0
MSTRG.7977	17	426	2622	127	5129	90	125	1822	49	9983	4	344	4478	65	2462
MSTRG.7978	0	1637	374	5053	58	9	1334	20	5373	152	100	2890	407	4001	110
MSTRG.7979	0	0	1571	2351	152	0	2390	6629	52	183	0	58	1630	3746	323
MSTRG.798	991	2696	14	752	6	1320	3001	38	926	1	2506	2642	6	670	1
MSTRG.7980	2522	364	1	698	599	183	648	1	841	73	144	337	1	508	417
MSTRG.7981	9838	2794	2108	534	1191	9113	2299	1533	343	1266	6676	2036	3303	750	959
MSTRG.7982	1234	465	0	935	1115	568	602	0	1151	256	1056	262	0	1070	974
MSTRG.7983	2680	203	7249	1595	153	4507	224	1788	877	272	1571	163	8512	673	205
MSTRG.7984	3862	1176	1484	0	1541	3023	1783	1821	0	2756	4853	1146	2146	0	1632
MSTRG.7985	913	1454	0	94	512	301	3107	0	62	1410	283	1592	0	35	847
MSTRG.7986	720	1597	89	35	3710	593	922	518	71	3689	371	1434	359	56	2708
MSTRG.7987	257	1679	5140	3446	2899	300	1502	1415	3305	3443	237	1917	6551	1674	2921
MSTRG.7988	884	3797	29	27710	2288	910	4438	674	18739	2709	626	5372	45	9279	2186
MSTRG.7989	1025	3905	1607	40	959	515	2667	9827	35	1088	746	3626	479	48	727
MSTRG.799	82	90	1579	4767	3	169	375	1198	4958	11	166	141	2354	2875	110
MSTRG.7990	223	694	4538	2387	1957	107	81	2421	1264	443	40	680	2594	900	1626
MSTRG.7991	941	0	14405	3121	7918	635	0	11569	1818	9931	841	0	7939	1486	3480
MSTRG.7992	1378	881	1531	34	56	1677	4	343	12	30	939	117	1589	0	58
MSTRG.7993	464	967	3769	59	11571	246	728	2664	5	14723	463	412	3270	31	7937
MSTRG.7994	593	994	625	7920	1042	862	548	382	12254	1011	166	695	669	2368	788
MSTRG.7995	69812	570	47	1242	344	10182	575	44	1944	291	52397	141	33	892	214
MSTRG.7996	1054	2	4109	163	518	1127	21	10021	585	619	1063	4	3832	821	532
MSTRG.7997	0	41	22416	339	5464	33	41	10847	796	2063	27	44	28858	148	10891
MSTRG.7998	222	1079	124	5079	1369	76	2398	409	6493	1226	68	1617	489	4942	1078
MSTRG.7999	1999	2301	196	1285	143	1218	2382	104	932	340	923	3403	191	902	75
MSTRG.8	0	2669	0	3704	2325	0	4648	0	6837	6840	0	3624	0	3004	1915
MSTRG.80	65	10115	2	118	21	76	67891	28	340	21	53	18210	9	110	24
MSTRG.800	735	376	12314	11429	3482	619	647	8188	4334	5763	404	367	10874	2154	6221
MSTRG.8000	119	15	39	584	982	151	7	81	647	2630	84	15	46	584	1293
MSTRG.8001	12365	165	323	2859	110	2731	41	146	3559	83	2887	103	2	3209	103
MSTRG.8002	32	594	423	0	24	60	125	924	0	0	60	279	414	0	0
MSTRG.8003	0	961	233	115	748	0	540	461	131	1019	0	811	195	335	760
MSTRG.8004	0	1	13	0	1705	0	1	1	0	2605	0	1	5	0	922
MSTRG.8005	449	39	0	316	88	325	8	0	434	91	172	37	0	422	80
MSTRG.8006	1502	3322	2495	14830	22	1177	2058	2012	15141	196	422	3073	2610	10547	179
MSTRG.8007	813	0	1424	19400	3192	759	0	2342	23199	4186	560	0	1258	11648	2318
MSTRG.8008	3537	6350	702	3	693	3914	3478	143	0	362	1364	7034	229	4	675
MSTRG.8009	862	2435	4273	9272	720	488	1723	3467	5667	1196	756	2895	2669	4263	474
MSTRG.801	432	1602	26787	163	6502	14	1237	19660	52	5241	7	1468	24614	111	3166
MSTRG.8010	8024	0	0	1254	61	2941	0	0	1168	79	2813	0	0	1064	66
MSTRG.8011	2203	109	10732	0	187	1178	331	9465	0	435	973	436	9376	0	215
MSTRG.8012	0	12642	63	496	3694	0	1990	14	907	5724	0	14941	70	397	3609
MSTRG.8013	12094	27	624	21114	2037	8906	303	71	22923	2191	7688	201	315	16361	2019
MSTRG.8014	181	2282	866	95	147	105	8309	472	150	110	61	828	650	282	187
MSTRG.8015	1588	4000	319	7186	4279	973	2779	511	22707	27007	976	3743	324	1903	4468
MSTRG.8016	95	13354	315	1695	62	32	12753	688	1687	136	0	7220	509	992	216
MSTRG.8017	85	1155	136	117	360	3	901	1422	40	590	60	1111	250	170	470
MSTRG.8018	1017	2869	1896	509	0	1434	3309	2526	1697	0	620	2733	2336	729	4
MSTRG.8019	2486	570	3915	39	0	1944	457	7756	239	0	770	613	3294	64	0
MSTRG.802	7337	1419	236	4604	182	6470	1783	94	5098	55	4524	2328	173	5952	30
MSTRG.8020	716	88	215	242	3669	1044	94	433	212	2186	297	120	231	257	5639
MSTRG.8021	2566	0	1392	12901	54	2791	0	5072	8080	23	1527	9	1461	2435	20
MSTRG.8022	8207	258	214	318	302	6582	143	960	175	447	4357	290	922	367	352
MSTRG.8023	409	0	2856	256	610	218	93	7322	701	804	188	0	2304	250	527
MSTRG.8024	2856	4091	830	628	1701	921	2783	1832	1643	1484	937	4015	737	411	2096
MSTRG.8025	7616	4367	153	56	1806	2515	14280	175	147	1772	583	5454	201	313	2104
MSTRG.8026	17	8	19	84	105	6	8	45	165	95	6	10	5	177	141
MSTRG.8027	1307	51	720	103	89	828	11	915	1148	109	1017	51	496	545	134
MSTRG.8028	106	17	495	2906	182	37	18	916	3917	332	258	23	808	2975	196
MSTRG.8029	6810	15	5	489	53	7	9	18	968	124	68	170	4	669	39
MSTRG.803	133	1072	17	19	195	1589	1380	20	85	288	69	2232	51	15	383
MSTRG.8030	937	0	114	0	140	872	0	422	0	157	364	0	99	0	146
MSTRG.8031	360	2920	2718	1399	64	724	2121	1659	1763	15	231	2706	2868	2423	53
MSTRG.8032	806	1298	1004	74	71	556	1673	692	202	79	692	1608	959	217	176
MSTRG.8033	913	326	799	0	1289	790	344	866	0	3124	1063	186	784	0	1198
MSTRG.8034	41	3902	59	157	4	65	3689	166	570	6	84	2862	59	56	20
MSTRG.8035	264	0	34	461	2327	359	0	395	770	6833	359	0	197	599	1812
MSTRG.8036	25	7311	1410	3054	109	115	9161	3532	2838	694	1	6942	1768	2501	46
MSTRG.8037	3502	292	4536	2330	34	2518	99	10248	4880	57	4674	222	2693	5082	87
MSTRG.8038	157	45	75	583	20	153	44	17	26	21	176	23	25	69	76
MSTRG.8039	111	4059	113	13638	1276	532	146	43	22601	1077	46	784	116	8293	90
MSTRG.804	1321	123	9	1698	8283	843	300	5	1093	9822	958	184	8	1337	4894
MSTRG.8040	1280	968	7	87	2589	3162	745	0	435	1929	1296	466	27	140	832
MSTRG.8041	2078	406	4	133	1336	1515	553	56	78	1526	1158	330	77	179	1911
MSTRG.8042	49	220	471	36	865	39	848	537	32	1083	32	598	372	10	842
MSTRG.8043	10	142	232	550	5417	17	1207	331	722	6252	3	217	244	393	6506
MSTRG.8044	259	2785	0	2306	501	164	2929	0	143	583	78	2507	0	668	576
MSTRG.8045	8873	3135	883	3106	1065	10423	4689	188	5788	1769	11154	3066	846	2378	996
MSTRG.8046	1108	210	194	1305	90	207	494	407	2371	68	576	212	287	1588	290
MSTRG.8047	3865	1463	2	2	0	2849	4240	39	207	0	2669	1608	21	5	0
MSTRG.8048	2872	230	463	64	2646	1991	1000	232	79	2295	1759	777	674	600	2233
MSTRG.8049	5	2311	522	135	87	71	5729	813	727	31	5	2210	501	335	151
MSTRG.805	3563	121	275	235	1533	3183	190	69	100	1726	2525	141	66	145	1744
MSTRG.8050	5168	881	1401	3071	184	5558	2276	1238	7397	514	5288	556	1443	4481	1105
MSTRG.8051	19	3	49	756	4	43	1	103	1939	34	27	0	62	1473	93
MSTRG.8052	4916	562	2347	348	1635	7407	643	2095	70	1499	3104	376	2231	24	2068
MSTRG.8053	16014	278	264	450	613	6092	774	255	191	669	9959	780	289	145	577
MSTRG.8054	253	7	193	86	159	314	7	522	57	251	198	7	213	112	349
MSTRG.8055	237	48	277	55	56	62	408	647	12	137	0	40	264	67	78
MSTRG.8056	525	375	526	86	36	573	1221	672	3	131	157	614	492	68	100
MSTRG.8057	2586	2734	547	12360	192	3060	1452	293	13666	75	1727	1842	141	3860	332
MSTRG.8058	213	511	1308	0	671	44	798	11564	0	6902	64	862	1217	0	798
MSTRG.8059	6923	635	1117	108	802	5737	938	955	0	1443	6606	727	814	0	884
MSTRG.806	145	1913	10876	0	18	397	1923	5896	119	2	138	3863	9654	2	0
MSTRG.8060	366	77	477	839	877	356	146	802	2278	5370	505	54	816	1433	1294
MSTRG.8061	1674	60	1676	0	4413	1074	480	1687	0	3326	1117	150	2149	0	5206
MSTRG.8062	180	1414	514	1167	3209	331	2339	131	1120	3690	14	1907	93	486	3357
MSTRG.8063	4119	1421	215	6230	37	3357	3830	340	5046	102	6141	712	177	11195	41
MSTRG.8064	4	2979	227	317	230	113	3474	16	313	340	80	2375	50	222	228
MSTRG.8065	960	119	298	155	180	649	14	39	252	63	310	111	16	121	148
MSTRG.8066	2182	15	158	261	902	1943	0	4418	379	983	592	62	99	213	800
MSTRG.8067	109	380	444	342	461	307	108	365	38	218	170	577	165	69	114
MSTRG.8068	0	383	2437	796	3431	0	784	1891	1868	4650	0	429	2893	814	2667
MSTRG.8069	617	380	641	596	155	2295	406	757	503	73	169	321	920	277	177
MSTRG.807	325	3806	1765	40	1414	756	7546	1553	105	1575	321	1839	1721	270	1729
MSTRG.8070	315	0	1480	477	97	525	0	753	707	116	83	0	1241	356	0
MSTRG.8071	578	899	3855	1240	22134	521	687	2789	1181	9135	46	833	4127	1496	32913
MSTRG.8072	161	1	233	0	3303	57	0	406	0	7900	83	32	106	0	2161
MSTRG.8073	26	453	1071	142	43	566	424	2103	129	114	0	701	1530	63	20
MSTRG.8074	217	375	132	140	511	153	648	3	99	630	69	351	4	108	618
MSTRG.8075	129	884	335	2982	45	60	924	176	2694	37	23	1050	330	2323	131
MSTRG.8076	144	257	852	29	24	109	130	436	0	71	126	243	956	2	46
MSTRG.8077	6038	1471	10787	346	0	44695	2003	2172	495	0	1688	1896	7837	290	0
MSTRG.8078	1233	0	0	864	227	763	0	0	592	96	356	0	0	464	144
MSTRG.8079	0	87	0	1562	681	0	597	0	393	1274	0	194	0	290	477
MSTRG.808	17	8430	53	54	2107	77	1267	31	2932	4632	3	4053	17	125	3791
MSTRG.8080	92	70	238	736	205	25	54	222	2485	719	427	100	392	945	240
MSTRG.8081	2636	409	1109	9673	3851	827	744	594	8033	4911	1891	251	1037	5505	9376
MSTRG.8082	756	727	450	50	448	382	675	503	60	1083	293	723	736	228	622
MSTRG.8083	9941	675	163	5229	75	3728	201	179	2979	141	4262	186	158	3437	67
MSTRG.8084	90	1268	7554	31	694	72	10171	4914	62	520	23	1499	5222	14	303
MSTRG.8085	7404	751	397	3419	198	3556	978	110	1227	284	3560	570	509	1322	185
MSTRG.8086	81896	433	167	1855	0	49814	700	497	1499	0	28907	795	282	1062	0
MSTRG.8087	13886	1297	3681	7077	0	6909	1466	3965	2860	0	5655	1585	5219	1477	0
MSTRG.8088	300	703	1282	397	1199	132	225	1423	700	863	270	103	1275	104	9230
MSTRG.8089	2779	0	4788	1214	1019	1312	1	1891	3700	837	3371	1	2592	1100	7810
MSTRG.809	0	1	35	44	5142	5640	1	174	156	15690	0	1	8	65	5556
MSTRG.8090	6	536	0	153	191	1238	1448	0	211	204	27	371	0	151	1634
MSTRG.8091	322	1377	1012	16375	0	537	1165	814	18720	0	273	1010	1259	12611	0
MSTRG.8092	2067	33	543	15612	779	1607	5	273	18105	586	582	4	1257	11377	5905
MSTRG.8093	496	87	749	338	36	666	63	945	0	16	670	11	974	0	2
MSTRG.8094	632	114	444	69	123	399	88	1771	40	101	177	159	456	41	126
MSTRG.8095	1444	157	5706	3903	3064	1902	493	1316	8676	5600	747	204	5289	8447	1405
MSTRG.8096	1705	156	0	4	1993	4068	377	0	109	34	420	157	0	4	10513
MSTRG.8097	8279	2466	311	57	250	8970	1760	15	79	473	4268	2532	79	64	147
MSTRG.8098	175	870	11233	31	645	160	980	3921	213	544	145	1118	10439	15	331
