gene_id	B100	B105	B110	B135	B175	B200	B205	B210	B235	B275	B300	B305	B310	B335	B375
MSTRG.8099	2611	3810	7737	179	101	1286	2571	9648	77	37	1452	4259	5601	27	345
MSTRG.81	1518	0	16452	56	2111	639	0	10477	34	1572	1126	61	3528	51	2266
MSTRG.810	1653	1	22	9902	564	1396	1	76	5884	254	1427	1	0	18764	386
MSTRG.8100	3028	303	5572	36	1072	1335	451	3273	1	974	3256	93	3662	7	1124
MSTRG.8101	2209	1191	1202	25	1390	1835	1722	1345	23	878	1096	1458	844	40	739
MSTRG.8102	216	89	2809	5	0	76	4	2808	2	0	14	7	2324	2	0
MSTRG.8103	76	330	494	315	64	39	141	282	149	62	13	306	450	459	18
MSTRG.8104	625	1004	2422	5	768	275	492	412	195	1982	474	771	1182	142	893
MSTRG.8105	865	6202	0	4	1833	2724	4407	0	53	1358	963	2738	0	103	835
MSTRG.8106	1076	0	218	49	186	422	715	122	56	171	1687	229	170	126	152
MSTRG.8107	756	0	437	35	5260	431	0	219	9	5898	1199	0	222	58	3002
MSTRG.8108	23	233	932	37	141	23	581	1212	10	102	100	404	41	0	9
MSTRG.8109	1398	1497	202	216	49	868	575	164	38	13	899	1018	44	109	28
MSTRG.811	1211	77	1	3590	0	1186	110	2	3854	0	1489	82	1	4166	0
MSTRG.8110	1949	271	925	19	2201	1526	461	834	2417	1636	1621	568	1721	98	1031
MSTRG.8111	5624	159	2371	37	14749	4919	199	1944	1	15545	4665	277	2846	51	7740
MSTRG.8112	4571	6218	2477	35	3291	3122	4943	2347	7739	4194	3077	3600	3385	139	2149
MSTRG.8113	945	201	8	183	20	46	154	123	94	7	701	330	91	188	0
MSTRG.8114	0	187	5101	1	29	0	528	7149	1	3	0	402	6079	1	10
MSTRG.8115	1313	5783	85	31	4779	30	3547	133	1	8288	75	7139	141	271	2232
MSTRG.8116	1196	1195	295	5	900	931	1210	334	0	1488	388	1213	478	140	968
MSTRG.8117	857	2945	0	38	142	268	1872	7	9	949	513	1988	23	31	140
MSTRG.8118	578	598	904	10550	7	384	644	484	6233	52	143	502	669	5342	0
MSTRG.8119	46	0	1259	14039	248	38	0	1281	8868	645	40	0	1157	11158	114
MSTRG.812	1143	0	3259	57	939	1295	26	2618	162	605	1968	0	3481	89	1307
MSTRG.8120	135	1720	1232	1480	3569	99	1340	69	2073	4721	127	3599	1054	461	3411
MSTRG.8121	1323	28	1583	117	965	1809	12	2658	4	1007	1381	42	2773	5	996
MSTRG.8122	2856	954	619	0	554	1981	1016	1037	0	452	2570	1038	979	0	4396
MSTRG.8123	15	4494	4126	228	2600	10	3399	3279	1723	1765	4	6860	4606	208	19629
MSTRG.8124	284	299	4581	0	124	104	112	5316	0	112	217	239	4375	0	180
MSTRG.8125	2407	0	399	810	243	2445	0	486	436	131	2064	0	736	751	1766
MSTRG.8126	0	258	3324	2677	114	0	39	2140	2870	158	0	75	2608	1882	713
MSTRG.8127	8699	158	894	0	1209	3246	102	794	0	854	7012	141	880	0	9094
MSTRG.8128	2957	10927	2534	488	5784	2060	10562	466	51	5861	3123	11110	1993	113	5772
MSTRG.8129	0	6551	8621	689	10677	0	11225	9048	2015	21852	0	4143	4003	1290	9893
MSTRG.813	107	13	6482	1	248	230	11	24294	1	1143	84	51	6935	1	562
MSTRG.8130	2311	4191	62	491	519	2039	4259	43	71	370	1437	3058	48	605	138
MSTRG.8131	1	959	13471	888	3	1	1278	11308	892	0	1	671	13666	584	3
MSTRG.8132	217	1504	984	1155	7087	292	2144	1427	525	6973	542	1136	812	1172	4118
MSTRG.8133	8461	364	453	0	1038	2305	427	318	0	1317	6888	485	153	0	1099
MSTRG.8134	220	4857	36	1411	0	406	1266	9	845	0	339	2011	8	1058	0
MSTRG.8135	2752	0	42	3	334	7646	0	76	150	1029	612	0	121	113	485
MSTRG.8136	7449	325	465	1948	17219	2521	197	907	2131	27763	3897	237	584	2246	20747
MSTRG.8137	13579	662	7651	1412	80	12249	274	1667	851	182	4618	218	12804	1051	327
MSTRG.8138	1129	1067	2868	75	9442	535	917	1442	8	10513	800	198	2720	29	2068
MSTRG.8139	3432	152	290	3	3	2583	163	471	1	17	2222	86	234	0	0
MSTRG.814	13	14	0	12	5029	16	71	110	8	9263	0	0	0	0	5974
MSTRG.8140	625	1196	1147	1589	1580	425	884	3152	2066	1788	543	2037	1039	1811	1365
MSTRG.8141	38	2388	127	44	136	25	1845	129	59	5	37	2848	137	17	232
MSTRG.8142	0	0	210	1121	374	0	4	251	208	739	0	62	398	1033	628
MSTRG.8143	3101	540	1744	5358	26	2030	3184	3751	4079	89	2115	998	1158	2088	41
MSTRG.8144	1850	0	125	1288	7893	2485	0	88	532	6242	1042	68	130	778	3166
MSTRG.8145	541	7673	600	116	31	248	6897	103	98	66	57	6992	262	0	33
MSTRG.8146	5284	58	42	1460	270	3664	136	1321	30	197	2560	130	51	7	295
MSTRG.8147	0	277	27	0	92	0	269	246	540	439	0	439	384	59	69
MSTRG.8148	8562	413	2741	0	504	10636	157	2433	0	1173	4781	325	3420	0	184
MSTRG.8149	387	1208	744	0	38	99	1483	188	0	110	375	1186	1013	0	253
MSTRG.815	193	1865	28	49	5239	185	3734	26	68	4576	67	2088	4	57	3933
MSTRG.8150	1	2100	63	1672	100	6	1878	26	2708	401	6	2061	98	2065	33
MSTRG.8151	209	925	1373	96	70	148	396	204	372	1102	555	775	800	84	494
MSTRG.8152	881	266	101	406	1235	550	385	147	955	3071	353	266	173	850	1152
MSTRG.8153	463	904	162	260	679	521	1666	483	137	591	328	1823	253	73	600
MSTRG.8154	281	557	4145	1975	0	729	894	4991	870	0	551	725	5423	446	0
MSTRG.8155	0	31	2609	4	751	0	0	2477	75	1574	0	165	3158	13	678
MSTRG.8156	0	5017	248	493	373	0	3374	169	373	603	0	4843	235	355	596
MSTRG.8157	0	4250	5376	757	2270	0	2888	36218	1373	2091	0	4741	4139	1045	2551
MSTRG.8158	0	612	92	7068	2329	0	613	276	3453	4187	0	677	169	2675	2509
MSTRG.8159	221	4392	609	1582	275	1291	2571	749	2777	7	201	3844	540	1057	114
MSTRG.816	4635	2505	530	239	9100	2360	2548	131	167	4622	2253	2091	494	117	6085
MSTRG.8160	2667	1115	0	0	8153	2996	812	0	0	21399	2194	922	25	0	5646
MSTRG.8161	5605	1759	0	101	98	6430	516	0	69	442	2096	1541	0	93	147
MSTRG.8162	1496	9078	4497	2364	60	408	11140	1169	1924	40	186	3292	6193	2019	178
MSTRG.8163	1506	74	10	335	27	4435	46	54	133	30	854	62	20	202	5
MSTRG.8164	611	10969	91	0	652	1076	10996	29	0	800	695	9588	41	0	609
MSTRG.8165	3861	1184	561	226	1672	5534	1529	705	29	358	1548	874	562	12	670
MSTRG.8166	1021	0	958	108	1886	1778	0	1325	24	4468	509	42	748	3	1474
MSTRG.8167	466	277	1441	0	89	568	268	438	0	157	198	212	2056	0	119
MSTRG.8168	609	453	1719	1921	533	1101	1310	1263	2906	953	678	687	3006	1448	431
MSTRG.8169	58	7122	122	61	1	307	4004	73	28	33	45	13586	184	20	1
MSTRG.817	4230	11836	0	374	68	4376	7002	0	306	89	1687	7679	0	609	5
MSTRG.8170	289	3691	111	109	24	1147	1817	250	17	0	380	3086	139	4	0
MSTRG.8171	3318	312	499	73	36	1727	479	387	18	67	1567	224	455	19	164
MSTRG.8172	719	935	66	644	36	713	2495	210	2926	35	550	1289	42	1261	75
MSTRG.8173	839	142	235	938	43	880	119	234	216	90	714	147	271	381	21
MSTRG.8174	82	655	268	832	206	152	1135	45	849	198	29	823	148	1133	22
MSTRG.8175	13	1414	1775	6999	2169	224	3984	2896	2438	4554	75	698	2110	6874	4358
MSTRG.8176	1656	1321	19	3969	743	3438	276	8	1901	2602	1062	610	26	2217	3571
MSTRG.8177	2127	86	2777	5	49	3179	326	6882	0	65	323	124	2814	4	100
MSTRG.8178	2851	18	151	169	364	2419	291	1043	3263	254	933	182	126	942	99
MSTRG.8179	26	2386	61	1281	509	0	2978	19	315	69	34	2366	124	1085	230
MSTRG.818	5058	6	1019	9585	50	1924	32	761	13758	0	1686	51	1200	6260	0
MSTRG.8180	33	791	21	5190	80	13	553	9	3289	57	22	1084	59	4013	72
MSTRG.8181	58	1545	1523	40	51	79	550	1779	11	13	31	945	184	7	99
MSTRG.8182	672	148	3675	51	96	717	153	1647	68	5	332	215	1299	34	108
MSTRG.8183	244	1	4946	4317	10774	294	64	4932	23983	12997	390	5	6666	1820	6174
MSTRG.8184	0	168	5655	328	0	0	693	2960	260	0	0	184	8010	240	0
MSTRG.8185	797	4167	1022	607	92	254	5502	1142	1188	0	401	5879	1002	883	0
MSTRG.8186	216	2289	685	1375	663	388	2614	743	718	1216	255	2946	1493	318	961
MSTRG.8187	391	164	77	4314	0	204	156	90	2527	0	411	203	354	1313	0
MSTRG.8188	492	7181	0	6461	404	357	27300	0	6840	849	692	7482	0	5295	306
MSTRG.8189	740	126	37	600	3555	692	336	119	224	5527	255	198	485	445	5519
MSTRG.819	0	89	251	2362	58	2	0	1047	8852	45	1	6	653	3829	45
MSTRG.8190	1075	606	73	41	519	772	664	61	18	339	938	664	165	6	329
MSTRG.8191	206	0	248	303	0	98	0	498	17	0	140	0	1352	34	0
MSTRG.8192	1360	3941	5	1800	0	1525	2065	32	1107	0	1002	6549	56	662	0
MSTRG.8193	494	10	1760	133	139	2	61	1396	49	172	7	9	2400	149	103
MSTRG.8194	0	748	567	435	206	0	809	530	760	232	0	701	1043	494	156
MSTRG.8195	186	719	183	26	633	411	1461	313	152	1069	232	821	689	52	614
MSTRG.8196	408	527	144	1743	534	703	397	237	1770	451	204	746	245	1652	27
MSTRG.8197	657	1630	1	3971	442	583	1631	1	1528	472	360	1963	6	610	308
MSTRG.8198	681	105	93	0	1374	331	44	112	0	1218	196	187	204	0	1186
MSTRG.8199	2023	187	282	78	0	7166	243	66	34	0	964	280	423	194	0
MSTRG.82	0	269	0	4879	3525	0	3493	0	676	1943	0	453	0	353	3417
MSTRG.820	190	70	5668	6406	460	11	18	10793	10692	759	38	74	10272	7094	531
MSTRG.8200	1193	1288	1424	3384	3	1133	788	4901	370	27	412	1656	1006	2552	26
MSTRG.8201	465	154	900	0	108	828	334	1307	0	132	612	153	1135	0	42
MSTRG.8202	1919	363	1107	0	2113	1231	318	6738	0	2846	1779	261	1892	0	1904
MSTRG.8203	165	46	4567	133	20	156	116	2348	1074	2	43	15	4809	40	4
MSTRG.8204	238	72	4347	14	278	16	27	3920	287	419	6	110	3956	9	189
MSTRG.8205	604	309	104	1722	465	836	344	146	393	720	178	494	89	2904	659
MSTRG.8206	873	72	181	293	12	115	70	186	1282	26	77	5	266	544	39
MSTRG.8207	15	2253	235	1835	939	24	2489	100	2312	824	5	2009	240	2254	434
MSTRG.8208	4	3774	1091	1441	999	5	5505	1166	1657	2359	52	3021	1046	334	1137
MSTRG.8209	57	285	364	64	7472	15	889	560	36	8818	255	144	95	114	5159
MSTRG.821	0	296	10900	26	6824	1	1255	7073	25	9433	3	1168	6314	148	4036
MSTRG.8210	180	112	4698	0	55	75	56	2449	0	48	134	85	4098	0	305
MSTRG.8211	334	46	239	449	4406	519	56	221	1064	4839	72	58	205	442	4221
MSTRG.8212	389	1011	116	191	13	232	2012	117	63	52	95	141	0	102	8
MSTRG.8213	2845	3634	23204	248	2259	1711	2225	2249	539	1837	2220	1190	47920	223	1864
MSTRG.8214	994	1621	4036	0	1893	860	2412	8891	0	1656	770	2348	4849	0	1246
MSTRG.8215	890	1146	719	660	4863	706	562	1116	521	2704	798	1300	638	338	1699
MSTRG.8216	4687	217	34	1785	534	3448	163	21	3042	1223	3520	226	30	1722	290
MSTRG.8217	481	7593	57	603	862	376	6298	27	1222	1723	59	8403	21	397	638
MSTRG.8218	1478	710	1673	761	18	1854	686	481	1427	258	1447	639	2994	645	48
MSTRG.8219	233	497	54	1648	8	12	738	2	1247	254	15	804	116	1290	70
MSTRG.822	2159	112	1769	841	3277	2893	454	441	2640	3823	1510	76	1031	2483	2872
MSTRG.8220	468	78	261	3333	101	133	115	87	2304	68	334	45	160	2492	20
MSTRG.8221	1007	86	857	20	19109	511	158	1114	36	31554	757	261	649	61	14083
MSTRG.8222	6785	0	234	136	25230	4108	0	2158	161	29346	1515	0	222	109	18455
MSTRG.8223	0	1836	6828	1247	14	0	1959	4078	1169	21	0	2484	16702	662	18
MSTRG.8224	0	302	748	299	0	0	891	1075	123	1	0	1622	969	268	1
MSTRG.8225	242	1608	906	122	115	384	1229	162	143	8	200	2461	1205	168	114
MSTRG.8226	2081	720	185	8	410	668	654	171	132	701	818	774	337	66	601
MSTRG.8227	397	353	7	0	82	357	385	33	0	33	465	537	30	0	122
MSTRG.8228	143	235	34	0	285	91	218	82	0	72	131	335	22	0	102
MSTRG.8229	8100	346	49	746	2	5669	199	57	368	47	2603	143	8	356	30
MSTRG.823	3327	386	5098	9212	467	2685	698	4343	17721	871	1936	710	3313	3256	398
MSTRG.8230	249	19246	0	779	6	133	37247	0	615	11	330	15725	0	580	98
MSTRG.8231	225	30574	0	4420	79	473	25659	0	4650	80	310	24621	0	3403	36
MSTRG.8232	8143	341	4165	219	2	6815	89	2833	98	1	7912	478	854	57	1
MSTRG.8233	4336	0	3599	337	0	1868	1	2410	427	29	1203	3	843	194	343
MSTRG.8234	737	222	847	737	48	695	153	444	5610	58	412	352	319	1508	47
MSTRG.8235	0	14	0	435	34	0	46	0	798	31	0	14	0	373	49
MSTRG.8236	4149	217	2982	13505	306	3428	73	1769	6615	268	4430	232	561	5103	404
MSTRG.8237	1020	183	86	709	0	1072	77	91	422	1	821	195	10	425	3
MSTRG.8238	6624	1	115	31	48	2842	1	77	3	1	7127	1	101	54	5
MSTRG.8239	326	6	4676	180	39	136	5	2995	64	80	311	5	3367	88	64
MSTRG.824	12787	44111	12358	414	2665	8577	8095	1467	854	4954	4953	11565	8964	415	2339
MSTRG.8240	0	3	3637	81	65	0	33	469	73	255	0	19	8163	31	240
MSTRG.8241	326	20	300	2159	1	12	21	190	1575	1	74	109	265	1893	2
MSTRG.8242	104	64	149	723	267	113	164	103	634	314	155	67	392	368	284
MSTRG.8243	12760	0	1543	284	2309	6161	156	1342	430	17875	12639	950	1120	78	7633
MSTRG.8244	8230	158	1736	7955	24	9904	160	1537	3734	75	3087	24	676	5012	20
MSTRG.8245	4977	239	0	105	2376	3766	94	0	64	2277	2247	158	0	63	1460
MSTRG.8246	1205	0	767	444	0	980	28	2064	31	32	723	0	1131	158	0
MSTRG.8247	838	100	2049	1799	0	858	59	999	688	2025	494	51	984	1125	0
MSTRG.8248	591	496	234	1712	147	219	321	97	996	127	298	476	185	1045	309
MSTRG.8249	1843	1	5602	883	1298	917	1	5669	734	467	832	1	3695	852	377
MSTRG.825	55	21987	73	531	12568	240	16866	165	1243	4429	117	23337	6	706	2379
MSTRG.8250	0	1	328	119	7615	0	2	204	89	5402	0	3	62	192	5412
MSTRG.8251	234	96	82	66	9397	131	9	5	50	7802	266	8	34	93	13357
MSTRG.8252	394	90	1828	2213	8	249	226	596	3610	18	310	163	1298	806	132
MSTRG.8253	1220	1	3881	10352	1858	931	2	930	6490	1717	149	2	1672	8477	392
MSTRG.8254	184	375	13508	208	250	199	672	4001	530	1022	86	491	10389	235	903
MSTRG.8255	205	14230	39	613	74	816	28818	23	503	3	1078	19941	0	793	0
MSTRG.8256	2604	120	5470	0	0	2049	49	7703	0	0	2652	35	2414	17	0
MSTRG.8257	1339	1309	1453	397	225	1352	1402	2235	13	1641	2319	783	1495	588	153
MSTRG.8258	3293	495	635	12230	0	2448	627	444	10176	0	2186	0	507	6516	0
MSTRG.8259	8012	0	54	150	64	10320	95	12	400	103	7240	0	5	146	122
MSTRG.826	10	229	70	22	108	3	93	0	120	112	2	223	0	18	90
MSTRG.8260	79	0	311	3567	1753	106	1984	830	3811	2301	84	0	232	1565	1248
MSTRG.8261	357	10	3914	978	0	179	144	4476	150	0	375	11	3067	1607	0
MSTRG.8262	2	48	1175	649	0	4	113	770	465	0	24	192	872	752	0
MSTRG.8263	1023	206	2050	604	526	444	150	1275	166	1728	414	249	461	368	1045
MSTRG.8264	897	1071	42	14804	342	243	264	51	44486	186	674	291	14	5665	338
MSTRG.8265	2031	1	8956	531	803	1943	1	5695	623	878	1613	41	1902	593	892
MSTRG.8266	547	294	111	1079	404	983	109	181	995	492	578	466	387	1082	666
MSTRG.8267	8565	158	852	39	947	4331	81	385	10219	569	4887	72	224	27	1721
MSTRG.8268	9277	1750	583	196	0	7026	10026	302	1450	0	7228	1926	83	332	0
MSTRG.8269	381	9	2830	3063	1062	417	19	1731	3348	779	323	2	606	4024	1134
MSTRG.827	612	5009	96	3168	4883	1232	4552	60	2383	6662	620	2946	49	1828	4889
MSTRG.8270	1025	3880	1594	458	1665	937	2063	967	370	1934	786	4605	341	1075	2348
MSTRG.8271	2560	183	245	415	1033	451	194	204	586	834	1470	192	321	311	1177
MSTRG.8272	123	124	0	1430	1402	28	215	89	2457	2250	0	1	9	1156	1666
MSTRG.8273	10196	22738	2921	391	0	10038	11480	2079	570	0	2061	57389	4082	179	1
MSTRG.8274	100	4098	6077	2181	39	46	10115	15549	1964	50	26	3462	4411	0	24
MSTRG.8275	14436	574	7	99	760	12855	1322	3	1501	541	10874	549	11	758	953
MSTRG.8276	1422	528	16	4	2	1165	137	8	194	10	926	129	156	23	7
MSTRG.8277	0	16	6	0	3263	0	2	2	0	4316	52	5	12	0	1715
MSTRG.8278	257	0	39	40	103	249	0	54	339	119	106	0	20	16	0
MSTRG.8279	13025	239	14	1924	98	4816	106	4	1298	696	15423	211	7	686	174
MSTRG.828	52	5233	399	7	1223	247	9912	669	14	1368	121	8108	714	64	1288
MSTRG.8280	1629	690	5	195	0	1194	715	7	282	0	1643	513	37	160	0
MSTRG.8281	351	222	22	3389	0	425	238	13	4603	0	223	139	141	3024	0
MSTRG.8282	748	196	9329	82	88	1336	780	5157	116	346	337	247	6101	238	1
MSTRG.8283	803	11458	0	4176	1038	913	6928	0	3802	3109	733	20792	0	4668	1342
MSTRG.8284	86	951	558	89	24	77	891	1623	235	338	78	954	603	74	135
MSTRG.8285	164	739	23589	843	590	215	386	28467	420	503	334	943	33338	1306	1185
MSTRG.8286	1497	252	213	946	96	3024	211	147	1071	91	487	230	542	810	294
MSTRG.8287	1241	100	8904	3194	758	146	59	2134	2581	513	811	6	8601	2049	1226
MSTRG.8288	51	24	1	553	519	447	72	1	316	275	68	16	2	331	497
MSTRG.8289	26	0	1482	96	777	200	0	1196	27	1565	167	0	1568	48	1328
MSTRG.829	1198	1992	549	49	0	3	2694	608	471	63	767	2426	651	37	0
MSTRG.8290	2867	0	227	249	3581	2840	0	30	227	3711	1722	0	559	430	2683
MSTRG.8291	1448	2701	583	0	1293	492	18169	918	0	2585	1063	4806	762	0	1476
MSTRG.8292	802	2089	56	0	0	582	13859	304	0	0	543	4314	53	0	0
MSTRG.8293	178	4	7399	0	0	187	206	1626	0	0	273	0	4555	0	0
MSTRG.8294	3	13	92	15	0	59	32	90	40	0	2	4	89	32	0
MSTRG.8295	213	318	284	1	17	526	2229	406	49	113	157	1065	399	7	79
MSTRG.8296	5034	0	24	3	1313	5315	0	13	108	1054	4827	0	8	24	1261
MSTRG.8297	3373	2	194	1014	257	2596	37	496	1325	174	2498	15	90	1232	293
MSTRG.8298	237	1728	476	303	0	155	11992	974	517	0	306	3169	320	490	0
MSTRG.8299	8259	188	132	703	239	24786	64	303	982	35	4606	7	411	965	15
MSTRG.83	4036	74	797	24	309	2525	98	375	205	284	2868	72	93	414	312
MSTRG.830	174	59	3814	12	41	326	196	4797	59	50	56	151	3300	6	442
MSTRG.8300	166	68	78	92	109	236	126	1906	539	14	194	84	733	62	16
MSTRG.8301	644	872	1083	7537	0	671	1602	1883	2077	0	803	916	1814	1808	0
MSTRG.8302	0	1429	153	5562	1775	0	8722	68	5108	2166	0	2576	186	4499	1646
MSTRG.8303	5574	3235	0	30	18	1793	5088	0	45	43	8118	3723	0	30	28
MSTRG.8304	2	27	1429	96	175	14	19	1132	18	16	2	25	1734	20	33
MSTRG.8305	113	3189	0	543	40	36	1926	0	678	14	18	3448	0	616	6
MSTRG.8306	814	62	104	53	510	419	160	1008	2427	1186	559	97	52	1622	934
MSTRG.8307	1117	209	109	0	717	702	315	84	0	285	537	159	213	0	400
MSTRG.8308	1041	659	2828	68	69	401	503	2235	163	414	542	763	3169	79	514
MSTRG.8309	2067	190	51	983	537	1738	121	282	765	406	1460	128	80	598	263
MSTRG.831	483	31	14746	47	73	574	62	4039	328	2835	716	0	1957	143	79
MSTRG.8310	161	908	2632	1847	6058	180	1096	6653	1650	4533	180	1036	2618	1128	5739
MSTRG.8311	256	218	272	2590	2423	209	485	26	1442	1784	209	78	79	884	957
MSTRG.8312	1886	2814	7298	583	1	486	2330	6049	205	2	897	3579	7373	577	11
MSTRG.8313	127	2912	60	32	213	265	953	366	15	2744	116	11427	106	30	773
MSTRG.8314	260	367	186	0	855	301	241	114	0	276	140	377	325	0	1026
MSTRG.8315	641	112	27	81	5621	408	94	27	509	3963	745	472	4	12	5781
MSTRG.8316	3	550	991	0	111	13	882	868	0	73	3	790	496	0	61
MSTRG.8317	2508	1746	1848	7708	2842	3235	1442	144	5299	3074	1755	889	481	5374	2359
MSTRG.8318	4713	0	3335	23	665	5985	0	9131	50	310	2625	0	1920	96	219
MSTRG.8319	254	115	84	9	239	520	68	126	55	275	75	44	107	108	221
MSTRG.832	4	1	181	2719	68	0	4	82	2660	72	0	2	128	1171	84
MSTRG.8320	27	547	802	2076	1976	11	648	1732	2436	2055	54	563	569	1582	1316
MSTRG.8321	36	29	70	24	3892	31	96	3	100	2717	16	77	1	51	1356
MSTRG.8322	1176	630	164	4437	5103	1327	2080	4	8972	6500	99	881	0	4882	4839
MSTRG.8323	4594	360	80	561	11	1843	457	39	774	38	762	614	527	568	13
MSTRG.8324	2098	228	29	1278	563	1850	124	27	668	316	1748	176	65	992	409
MSTRG.8325	707	4808	278	375	7	541	4895	270	320	52	914	3144	92	175	25
MSTRG.8326	59	276	5111	4	104	101	537	5237	1	4	251	134	5729	2	0
MSTRG.8327	249	859	439	291	2172	161	782	265	482	871	227	642	2393	388	487
MSTRG.8328	8617	4950	234	0	84	5805	2635	6	0	24	7542	3325	243	0	3
MSTRG.8329	707	4458	75	0	68	560	4455	162	0	52	564	3216	75	0	44
MSTRG.833	497	1818	23	82	6756	37	983	50	169	6482	43	2552	7	214	11311
MSTRG.8330	734	29	56	1156	399	822	8	23	1634	425	548	0	114	1150	290
MSTRG.8331	46	61	66	365	36	82	8	4	73	19	24	32	81	98	34
MSTRG.8332	80	1350	13021	505	1498	93	3553	7471	125	1607	178	1644	12324	206	1973
MSTRG.8333	0	968	0	1561	3224	0	1278	0	2556	912	0	1419	0	2433	941
MSTRG.8334	2566	1337	96	12	0	2271	1062	2	45	0	1864	1221	0	50	0
MSTRG.8335	84	64	1095	411	0	57	26	2078	374	0	125	10	1345	257	0
MSTRG.8336	462	284	0	3183	2321	760	486	0	3090	464	1486	167	0	3611	4067
MSTRG.8337	105	91	1116	0	0	17	296	1160	0	0	32	55	663	4	0
MSTRG.8338	1775	3284	4826	1377	0	1238	3834	6700	615	0	1646	3047	4384	173	0
MSTRG.8339	642	1115	299	1310	2	822	1152	426	1290	0	741	1078	289	938	22
MSTRG.834	2482	2713	7064	131	2851	1597	2425	5848	890	3392	2735	3363	8482	21	4381
MSTRG.8340	299	1277	194	1585	153	377	8621	213	574	948	482	2544	194	424	25
MSTRG.8341	47	20	253	55	14	43	114	366	71	348	35	20	211	179	9
MSTRG.8342	210	1652	379	391	1022	189	11910	94	1197	354	171	2890	146	1043	2308
MSTRG.8343	188	0	908	2591	74	232	0	1193	3207	208	163	0	848	1370	299
MSTRG.8344	0	54	953	8	118	0	59	10	1	604	0	197	347	71	119
MSTRG.8345	0	70	695	138	1625	0	129	699	1123	1835	0	168	274	84	1567
MSTRG.8346	14	305	1433	5	20	2	2185	1097	696	16	18	1047	1812	20	12
MSTRG.8347	228	0	0	21554	30	103	0	0	23005	35	447	0	0	17072	19
MSTRG.8348	0	2787	159	0	1133	0	1898	51	0	1521	0	2950	109	0	354
MSTRG.8349	111	3922	133	51	2	96	2773	77	7	3	60	1508	146	54	1
MSTRG.835	34924	4767	61	23	65	12001	12911	66	25	64	7021	5131	27	28	121
MSTRG.8350	1113	972	65	584	853	1270	1609	91	505	3083	825	1031	16	483	1359
MSTRG.8351	2046	0	2573	815	0	8579	67	1954	868	0	1541	2	2868	1212	0
MSTRG.8352	5530	0	0	73	716	4998	0	0	6481	480	2890	0	0	39	380
MSTRG.8353	17	713	380	504	1959	34	2015	640	385	2730	21	797	293	468	1746
MSTRG.8354	151	18932	587	0	521	119	32255	500	0	889	106	47867	651	0	390
MSTRG.8355	1841	179	43	3079	631	1601	315	19	2948	1363	1530	464	9	2533	700
MSTRG.8356	74	8784	1502	446	1142	106	12018	335	1172	1279	35	1738	529	598	735
MSTRG.8357	185	1230	1356	1287	2086	201	1167	3791	1009	1492	52	1121	1274	1227	2630
MSTRG.8358	757	1121	7913	27	17	509	76	5417	4	37	702	882	7460	115	46
MSTRG.8359	33	0	24	23679	58	10	772	81	7860	140	6	83	328	4392	73
MSTRG.836	18799	0	1487	1100	269	18517	122	1304	1883	398	14595	1	1830	18	398
MSTRG.8360	296	31	4480	268	1010	77	146	3641	280	1040	226	71	4835	280	733
MSTRG.8361	1012	1747	62	525	1	887	964	96	458	3	758	1406	12	871	32
MSTRG.8362	317	21	3809	21	321	312	1407	676	25	187	43	179	1631	36	288
MSTRG.8363	6028	319	24	81	80	3105	209	0	84	130	4783	346	17	133	131
MSTRG.8364	235	66	1760	894	6	163	126	1559	637	268	188	56	2100	841	34
MSTRG.8365	157	55	5209	485	0	137	95	1716	465	0	0	81	3693	484	0
MSTRG.8366	35624	498	488	86	0	8024	509	566	4	0	92203	302	562	1	0
MSTRG.8367	4915	59	1075	852	491	9577	110	1493	3823	392	2547	298	732	696	701
MSTRG.8368	740	79	127	0	550	958	103	58	0	414	339	109	94	0	421
MSTRG.8369	240	73	6497	9	3979	248	1895	9321	42	3766	75	653	11241	25	4543
MSTRG.837	279	381	0	158	1747	145	62	57	178	2324	187	75	0	70	5763
MSTRG.8370	0	2908	10748	36	42	0	2105	12459	9	63	0	3632	13360	31	93
MSTRG.8371	222	170	206	7269	49	77	330	72	9933	47	96	59	66	5962	20
MSTRG.8372	1139	0	0	72	250	1156	0	0	177	190	414	0	17	241	122
MSTRG.8373	712	1700	52	306	459	747	858	60	332	4237	240	1766	34	316	603
MSTRG.8374	11942	59	106	2657	282	6756	89	5	7822	868	20083	160	44	4347	353
MSTRG.8375	873	0	8001	27	7596	928	0	2323	130	7058	749	0	5687	5	4455
MSTRG.8376	76	123	11915	1083	42	70	558	5187	1154	423	90	89	16649	685	468
MSTRG.8377	878	66	49	14889	37	234	82	52	13188	7	500	25	7	7488	10
MSTRG.8378	217	246	2363	174	177	100	593	3742	49	130	197	606	472	190	124
MSTRG.8379	16	1953	377	2	44	33	1956	1065	96	29	24	1920	859	15	69
MSTRG.838	1	380	83	6021	82	2	193	4097	1775	9572	4	330	130	1725	2
MSTRG.8380	90	2670	0	1565	2029	63	4935	0	4115	1764	4	2960	0	1036	1708
MSTRG.8381	0	6541	218	49	550	0	6015	3262	18	2030	0	6138	230	0	893
MSTRG.8382	0	101	0	400	121	0	300	0	1521	699	0	139	0	344	21
MSTRG.8383	8977	70	3	69	22	8926	61	7	4	66	2350	277	2	27	40
MSTRG.8384	7034	74	1746	0	7725	6990	35	941	230	4880	1769	19	1358	0	5803
MSTRG.8385	5	957	0	0	107	212	1014	0	504	67	3	471	0	0	27
MSTRG.8386	108	2111	568	412	124	21	551	0	661	44	11	789	0	787	197
MSTRG.8387	1260	3797	641	358	1335	849	6223	1340	1919	768	306	3064	1519	575	1488
MSTRG.8388	0	1160	514	165	1478	0	1282	73	1	941	0	822	765	53	1433
MSTRG.8389	5957	218	1262	98	787	5834	127	415	1208	903	1640	588	1492	36	1387
MSTRG.839	53	0	64	407	936	88	0	170	111	1067	10	0	133	116	961
MSTRG.8390	171	77	537	1831	38	62	71	715	2112	30	3	103	799	1738	65
MSTRG.8391	79	119	1320	1104	17	107	179	462	972	15	70	43	1678	929	105
MSTRG.8392	3434	150	1	112	2213	3485	174	91	158	3057	3089	66	13	244	2025
MSTRG.8393	4456	40	0	8	73	839	28	0	6	53	14041	7	0	81	109
MSTRG.8394	387	4269	1301	154	7454	210	4206	1010	70	6736	357	5061	1299	1263	5993
MSTRG.8395	182	252	9	7	191	74	1005	146	4	382	443	748	85	25	179
MSTRG.8396	1348	321	1711	77	453	1062	255	1880	117	304	1088	208	3142	74	693
MSTRG.8397	2106	491	1161	7	367	1407	342	826	3	28	786	241	1509	1	557
MSTRG.8398	0	163	43	1327	7204	0	31	11	1376	9274	0	162	32	907	4424
MSTRG.8399	49	64	1434	41	3725	85	28	1706	145	2135	18	89	1647	86	2385
MSTRG.84	427	1261	101	819	2405	483	1112	169	472	4017	282	1742	76	745	1693
MSTRG.840	6642	1146	9471	69769	2380	6885	710	4577	3601	6928	3610	1748	9135	22747	3257
MSTRG.8400	157	128	59	2846	1	36	8	70	3242	124	65	150	37	1748	377
MSTRG.8401	19	7981	1129	237	700	54	11425	563	816	556	117	5566	1279	404	813
MSTRG.8402	3340	0	5	770	1863	2996	0	5	52	30348	1613	0	37	208	2300
MSTRG.8403	410	139	184	0	15	149	0	302	0	2	311	0	103	0	0
MSTRG.8404	261	1618	1834	2622	1846	161	1961	1141	4030	1339	215	1774	2034	2703	1904
MSTRG.8405	16270	0	341	704	25	11150	0	45	594	5860	6052	0	299	478	47
MSTRG.8406	427	1299	246	2276	436	371	1113	84	1822	927	172	801	237	1775	565
MSTRG.8407	978	9942	130	57	3660	519	5369	118	33	5609	330	5175	0	69	4356
MSTRG.8408	1341	761	0	635	781	804	564	1520	17	527	535	485	39	359	1037
MSTRG.8409	51	0	0	14	21	6	0	0	47	0	0	0	0	23	7
MSTRG.841	501	291	3224	45	2288	102	852	3318	159	3752	71	894	3857	58	2126
MSTRG.8410	74	0	0	921	431	9	0	0	1308	338	34	0	0	1094	538
MSTRG.8411	4452	440	56	13524	1076	5231	535	89	15146	2681	1094	449	0	9685	957
MSTRG.8412	1877	846	160	1312	368	1689	1305	503	984	628	1562	1058	1	724	264
MSTRG.8413	1169	43	1545	2601	1736	1190	30	1401	2288	2930	1523	131	1873	1924	2022
MSTRG.8414	127	388	128	3178	137	48	225	336	2749	1547	36	122	42	1886	454
MSTRG.8415	443	628	770	1663	4	911	707	494	8458	21	114	399	1315	3140	189
MSTRG.8416	3796	1219	223	2220	0	3275	1336	7	927	0	2120	1425	175	1209	0
MSTRG.8417	1009	0	1783	693	35	1149	0	74	940	378	790	0	1253	651	26
MSTRG.8418	4286	63	734	276	951	4314	68	225	343	1212	1042	55	450	126	760
MSTRG.8419	18392	94	1006	20	129	18562	80	1526	37	95	4920	9	1640	17	55
MSTRG.842	12337	6515	85	43	50	9661	13572	386	36	37	6026	8536	84	85	162
MSTRG.8420	216	2893	5081	213	2442	158	2235	1726	251	3226	114	2490	3478	137	2317
MSTRG.8421	1060	142	1706	735	139	1160	148	2772	980	103	571	113	1515	460	300
MSTRG.8422	832	413	0	12	3455	917	594	0	46	3881	186	252	0	6	4957
MSTRG.8423	5611	1026	0	96	174	5679	714	0	72	218	1351	731	0	145	46
MSTRG.8424	3054	5929	0	191	1255	3118	4127	0	51	192	851	3249	0	97	1426
MSTRG.8425	8650	1175	180	515	787	7264	5410	34	94	1472	6736	1052	101	557	599
MSTRG.8426	18366	5666	2007	607	3528	17032	5528	1425	786	2224	8855	5854	1412	989	1874
MSTRG.8427	1	27	407	0	515	1	133	133	0	391	1	364	322	0	289
MSTRG.8428	8836	3380	0	370	54	5761	3773	0	378	145	3858	4421	0	256	33
MSTRG.8429	1333	302	277	1403	205	1152	219	27	736	579	738	31	12	293	719
MSTRG.843	2028	3392	53	1	2645	1494	4387	50	7	5896	1081	2852	86	1	644
MSTRG.8430	0	1748	108	1	0	17	1745	17	1	0	0	1106	0	0	0
MSTRG.8431	0	4981	0	3123	0	0	2913	0	128	0	0	1831	0	9	0
MSTRG.8432	943	446	1925	101	0	1849	869	1924	38	0	524	331	2518	81	0
MSTRG.8433	32221	906	108	1932	22	28049	1667	31	3125	22	41085	965	0	1819	221
MSTRG.8434	140	159	95	399	13	243	62	20	193	83	405	161	30	312	18
MSTRG.8435	8890	6871	575	4345	1586	9859	5563	1865	3988	1149	487	9923	1329	3471	11633
MSTRG.8436	1302	12871	989	201	916	1019	10553	320	148	589	710	9658	402	241	7599
MSTRG.8437	185	344	555	101	95	27	219	599	45	360	72	111	520	169	1
MSTRG.8438	432	198	759	129	1	670	96	524	298	731	177	69	555	370	166
MSTRG.8439	131	1	7421	49	7886	128	2	2581	162	5746	37	2	5839	132	3800
MSTRG.844	95	10263	6	41	7905	69	2018	5	54	19921	0	4884	6	25	2478
MSTRG.8440	61	1	3276	787	2545	149	0	1693	525	4892	41	17	1749	674	2779
MSTRG.8441	2657	12189	198	433	302	1555	3895	4407	707	57	425	6604	1287	586	144
MSTRG.8442	25	17101	842	1731	609	687	9330	249	1902	451	88	18486	1131	505	4280
MSTRG.8443	476	30	5445	52	0	77	386	3849	31	0	46	74	8609	18	0
MSTRG.8444	165	3070	11	10	67	258	3124	3	24	1994	94	481	15	19	1124
MSTRG.8445	648	480	91	1207	80	647	1328	99	248	144	253	792	13	655	36
MSTRG.8446	88	142	2728	19	592	162	1	3146	95	809	322	1	2619	98	501
MSTRG.8447	99	0	940	31419	901	1478	0	487	6085	1685	423	0	218	4475	674
MSTRG.8448	7584	195	49	3981	2245	5880	1466	22	4948	1987	7919	308	92	2561	1589
MSTRG.8449	593	0	66	14259	502	356	0	39	10023	267	682	0	71	8961	274
MSTRG.845	1	28	269	88	419	3	6	128	108	569	1	1	74	83	259
MSTRG.8450	0	248	1872	866	121	0	233	2105	645	135	0	173	1642	800	234
MSTRG.8451	2001	1202	4743	44	0	1706	947	2094	38	0	1908	1160	2234	25	0
MSTRG.8452	0	0	6848	246	53	0	0	5573	0	416	0	0	4522	0	13
MSTRG.8453	239	0	34	128	0	773	0	71	135	0	46	0	44	139	0
MSTRG.8454	375	554	482	3006	7271	583	1628	289	1014	5239	661	1603	377	1688	3936
MSTRG.8455	3212	614	127	51	17	2047	222	31	144	74	2931	841	35	100	49
MSTRG.8456	77	631	79	369	1466	144	1261	2	478	2127	60	551	6	157	1098
MSTRG.8457	2750	389	1737	2490	6347	4748	851	393	3545	7452	2109	724	988	2556	5808
MSTRG.8458	331	1853	505	13	211	9	1015	277	6	328	80	2430	315	31	341
MSTRG.8459	7362	0	59	672	645	8407	0	23	670	863	4381	0	5	439	752
MSTRG.846	4043	125	458	2129	281	3113	94	261	1224	212	2970	4	406	1892	508
MSTRG.8460	90	1115	259	210	307	391	1029	774	126	370	174	1273	448	102	194
MSTRG.8461	127	1724	1636	296	232	84	1922	1071	180	252	94	2690	1491	279	210
MSTRG.8462	837	1136	3880	208	229	252	787	851	382	381	192	1674	1112	228	301
MSTRG.8463	2284	3	0	78	29	395	0	0	73	46	421	0	0	3	11
MSTRG.8464	3137	1234	0	951	0	7777	1818	0	2198	0	1895	1664	2	6125	0
MSTRG.8465	1737	70	0	1758	0	1515	59	42	2420	0	852	38	7	916	0
MSTRG.8466	77	1323	185	368	675	75	515	84	558	1572	28	1407	222	378	777
MSTRG.8467	477	5071	3220	413	479	0	2722	170	567	47	0	3363	4230	424	8
MSTRG.8468	101	139	0	932	459	117	220	0	1008	309	291	1	0	1118	252
MSTRG.8469	29	223	0	541	1291	7	1341	0	1374	1933	125	455	0	1172	1646
MSTRG.847	6320	54	2618	1135	183	15048	10	1649	297	176	4951	0	3083	1002	242
MSTRG.8470	127	0	224	0	88	178	0	1710	0	40	115	0	33	0	102
MSTRG.8471	237	0	27	2666	322	131	0	546	4954	372	37	0	9	2283	552
MSTRG.8472	39	208	1447	334	2593	10	462	329	422	3753	0	3	3614	370	3448
MSTRG.8473	4019	2517	228	110	0	3504	2268	367	117	0	2304	3209	692	48	1
MSTRG.8474	276	7	0	4739	1132	806	124	0	2626	580	263	84	0	3620	423
MSTRG.8475	360	492	52	8909	1318	258	820	202	7066	1383	279	1368	59	6893	1030
MSTRG.8476	379	601	2647	279	1646	269	45	2978	142	338	22	455	3116	188	370
MSTRG.8477	646	5361	25	55	4	191	474	98	182	1	2	2835	7	78	42
MSTRG.8478	10	398	1362	190	8	6	489	1361	46	165	38	460	509	231	52
MSTRG.8479	129	988	314	598	614	92	1723	978	465	881	92	1474	643	686	1082
MSTRG.848	365	1	1354	0	11	97	12	5890	164	77	11	1	4209	0	10
MSTRG.8480	74	9764	97	2	1746	29	3370	15	25	2692	69	4696	1	5	1891
MSTRG.8481	154	46	28	2371	144	5	104	22	2564	229	144	17	7	1493	8
MSTRG.8482	9703	1271	215	1	0	9844	3074	484	0	2	2060	1634	296	0	28
MSTRG.8483	110	0	0	479	105	373	0	0	932	1317	235	0	0	591	45
MSTRG.8484	0	0	658	256	5	0	0	345	654	389	0	0	477	460	6
MSTRG.8485	0	103	2031	7026	0	0	89	1788	7018	43	0	51	2108	4864	0
MSTRG.8486	1542	127	602	79	16156	1920	103	515	169	18504	1213	118	406	135	11018
MSTRG.8487	0	1885	795	2847	1	0	1791	1761	2736	1	0	1408	454	2893	0
MSTRG.8488	1689	2054	1314	89	564	1159	150	973	59	652	485	681	1151	13	626
MSTRG.8489	7050	0	2839	1178	739	7271	0	791	847	1337	3989	0	4827	1367	399
MSTRG.849	296	202	1000	634	2268	187	181	935	936	2126	211	186	1273	579	1552
MSTRG.8490	391	139	32	2011	64	461	67	24	1709	7558	316	17	72	608	38
MSTRG.8491	0	63	150	949	488	0	24	156	1507	350	0	0	106	789	300
MSTRG.8492	184	0	1250	175	178	184	0	555	336	230	142	0	1259	73	25
MSTRG.8493	336	1740	535	3770	3020	393	1995	180	3713	2391	215	2192	394	2821	1756
MSTRG.8494	402	488	30	0	393	38	143	3	0	674	147	169	6	0	564
MSTRG.8495	1124	364	3	0	880	1207	64	201	0	1024	746	68	45	0	908
MSTRG.8496	578	639	0	1007	16378	274	1367	0	3227	9214	104	1088	0	579	8110
MSTRG.8497	620	725	0	69	255	773	339	0	84	236	462	293	0	211	401
MSTRG.8498	1475	765	560	530	416	980	170	494	250	508	1395	1156	444	474	747
MSTRG.8499	0	14993	790	255	19	0	8674	328	540	15	0	11325	560	228	31
MSTRG.85	2780	21	2750	1140	1	1719	14	879	1847	10	2196	17	2239	2156	104
MSTRG.850	0	256	2824	257	8	0	769	8074	279	54	0	570	4814	523	29
MSTRG.8500	121	178	4333	150	103	67	5144	3126	12	79	47	989	4515	21	170
MSTRG.8501	113	895	145	615	579	87	409	62	846	640	14	1378	141	719	811
MSTRG.8502	27	4000	200	3212	486	18	4567	489	3309	585	38	5600	221	2253	440
MSTRG.8503	3271	45	768	173	72	2387	21	6284	141	3	2299	5	815	73	1
MSTRG.8504	59	87	579	4736	603	2	156	1204	1593	1976	1	46	791	3685	390
MSTRG.8505	455	1342	8494	39	0	619	3425	3500	17	0	225	1041	7856	380	0
MSTRG.8506	1249	1116	45	288	0	690	386	266	71	54	886	224	50	1021	111
MSTRG.8507	45	279	803	226	6	76	266	527	176	46	5	70	507	146	41
MSTRG.8508	2374	722	90	44	27	1051	1072	140	175	24	734	856	191	55	100
MSTRG.8509	1227	1502	2355	2128	3935	3503	1032	1719	2050	3945	702	308	2117	1919	4193
MSTRG.851	197	15545	3019	1615	13	112	11061	2595	1124	129	92	7292	2419	1331	19
MSTRG.8510	7440	2842	0	72	266	5557	2271	7	463	192	5447	1960	19	32	315
MSTRG.8511	14	5618	956	1043	619	63	5633	619	1420	918	306	5003	461	1829	469
MSTRG.8512	4328	0	546	1683	1683	1797	260	604	506	3440	1823	349	193	458	2257
MSTRG.8513	71	215	5084	8423	27	71	88	2551	2041	146	7	150	7108	1214	29
MSTRG.8514	5270	245	182	8242	672	2346	31	162	6816	946	2675	77	365	7335	440
MSTRG.8515	1995	947	2637	1550	110	1614	1176	1272	1003	78	1087	603	2379	1141	731
MSTRG.8516	4451	427	344	17976	9241	3368	400	63	16737	15480	1452	313	305	10946	8295
MSTRG.8517	302	257	2001	8	961	723	74	867	78	2024	74	103	1529	7	1101
MSTRG.8518	1461	662	1182	0	27	2090	952	1211	0	97	596	312	1896	0	2
MSTRG.8519	166	2055	935	788	197	269	984	718	840	1019	140	1564	1564	1013	185
MSTRG.852	1000	2911	3952	99	96	911	1611	4820	100	10	1151	1661	4460	11	23
MSTRG.8520	274	3652	82	400	20	66	1086	60	1149	3	70	723	163	382	58
MSTRG.8521	204	0	77	900	0	184	0	70	337	304	60	0	156	323	2
MSTRG.8522	284	212	2030	0	3	221	117	3132	0	430	252	191	2643	0	0
MSTRG.8523	0	2478	129	45	718	109	905	79	7	2548	0	7521	172	0	1617
MSTRG.8524	4060	0	9176	1963	161	11256	0	5066	2248	4	3230	0	9602	1274	115
MSTRG.8525	4196	0	175	1443	96	2401	0	505	1763	1186	3268	0	283	661	94
MSTRG.8526	10	1	792	540	2040	8	0	150	391	1689	11	23	1152	645	2171
MSTRG.8527	0	218	0	1016	22	0	1103	0	983	6	8	31	34	779	16
MSTRG.8528	35	23	509	0	1133	21	469	56	0	789	14	12	893	0	1050
MSTRG.8529	13	2438	8818	0	298	6	484	6004	0	304	33	4319	7042	0	502
MSTRG.853	379	654	87	32	94	1339	609	156	40	134	659	713	90	22	10
MSTRG.8530	11	353	260	0	57	11	511	596	0	107	106	878	107	0	16
MSTRG.8531	72	65	3511	274	22	3	0	1392	602	2	13	185	3913	236	89
MSTRG.8532	10568	2135	986	1338	152	3608	1956	689	727	203	4157	3084	2308	1749	256
MSTRG.8533	15681	958	865	6644	843	5879	1252	781	6578	1485	14276	473	1054	4202	906
MSTRG.8534	57	0	14426	148	117	178	0	60234	490	294	29	0	8466	409	108
MSTRG.8535	3001	48	13	362	2577	2351	155	0	36	2584	269	83	0	41	1399
MSTRG.8536	451	239	1176	3937	823	1215	299	1132	2486	520	705	398	1383	7620	582
MSTRG.8537	0	227	83	2429	426	0	652	27743	2280	136	0	315	113	2035	118
MSTRG.8538	461	0	3148	24140	786	1823	0	2244	11764	1220	172	0	4143	6334	805
MSTRG.8539	0	183	838	43351	2802	0	466	283	3345	3655	0	246	1578	4623	1988
MSTRG.854	6548	4400	7588	625	2467	11371	5140	7673	1874	2252	4416	3707	3872	1267	1074
MSTRG.8540	207	1147	721	244	611	265	1810	676	14	617	142	1323	520	33	632
MSTRG.8541	1300	366	387	2092	1812	1291	524	200	1474	2231	669	354	257	1386	1567
MSTRG.8542	676	629	963	1090	1098	383	1406	1824	1776	1229	373	572	1017	676	791
MSTRG.8543	92	1123	329	87	395	88	919	310	123	385	66	1168	149	48	236
MSTRG.8544	772	1671	1973	3826	14050	1799	1070	672	2966	12166	1363	3751	2102	699	11715
MSTRG.8545	2026	179	109	823	957	1131	112	1819	743	873	194	103	190	495	441
MSTRG.8546	823	134	51	2136	2271	553	285	531	1078	1792	722	74	57	1471	1067
MSTRG.8547	2141	1068	44	848	2478	805	680	962	291	3009	2890	841	397	387	1716
MSTRG.8548	0	325	0	23	1662	0	264	0	16	3446	0	420	0	58	1396
MSTRG.8549	1882	536	57	9	1122	940	269	617	4	498	1366	777	19	168	897
MSTRG.855	7225	10727	599	620	98	5882	6602	1309	1214	117	3789	4170	244	486	86
MSTRG.8550	4	7	885	0	648	90	171	879	0	1017	56	76	926	0	563
MSTRG.8551	1902	0	229	363	3	1740	0	497	7	9	2217	0	128	374	3
MSTRG.8552	1441	0	161	2586	972	831	0	47	1973	706	1457	0	60	2541	503
MSTRG.8553	1514	338	2750	158	23	1722	774	3300	258	22	1594	399	3234	591	33
MSTRG.8554	142	14	153	5	256	86	12	87	85	429	109	30	199	12	191
MSTRG.8555	1859	789	5419	101	748	650	341	4874	126	710	2226	533	5923	60	575
MSTRG.8556	4210	3085	552	995	41	2948	4113	190	1160	49	2422	3637	121	1153	190
MSTRG.8557	961	117	1064	642	196	300	133	441	743	84	721	6	1839	438	196
MSTRG.8558	165	250	793	6389	321	142	437	1832	5760	267	0	254	943	6446	786
MSTRG.8559	303	1195	0	474	498	5	3895	0	532	715	16	1467	0	802	881
MSTRG.856	11381	165	464	1152	110	2171	89	289	4938	553	9402	98	554	1911	28
MSTRG.8560	169	836	4482	906	0	1642	1410	3534	1279	0	104	927	2290	710	0
MSTRG.8561	0	8783	573	3448	438	0	3071	334	9720	427	0	6626	524	2069	275
MSTRG.8562	0	100	103	1659	1259	0	134	35	21582	694	0	89	80	963	461
MSTRG.8563	78	166	340	698	1	115	134	418	1240	1	1	190	652	83	0
MSTRG.8564	2557	35	65	4608	2590	2771	9	0	8223	43	1812	13	0	4361	0
MSTRG.8565	3959	1601	0	1239	1539	4806	2577	0	1237	2721	1511	1935	0	1460	1208
MSTRG.8566	724	237	0	68	366	608	372	0	81	390	1896	285	0	47	300
MSTRG.8567	181	491	87	353	2341	57	692	93	97	3477	407	256	28	109	2346
MSTRG.8568	1475	5724	8	0	154	372	4071	167	0	180	2489	6213	19	0	141
MSTRG.8569	763	44	4358	1022	65	378	9	2544	1223	152	556	97	977	467	177
MSTRG.857	100	8902	181	1869	1346	58	9677	134	5418	1701	8	13811	391	3399	12
MSTRG.8570	1050	198	1517	0	103	1629	139	830	0	365	1255	228	307	0	275
MSTRG.8571	7406	1109	3177	3178	38	3474	600	2315	4837	166	2663	1438	703	1428	157
MSTRG.8572	1962	1078	58	751	794	2578	1323	90	96	458	1215	1239	0	585	762
MSTRG.8573	0	928	173	1002	261	0	926	536	678	387	0	1289	1	1053	194
MSTRG.8574	0	173	0	699	1641	0	100	1538	178	2225	0	176	126	381	677
MSTRG.8575	87	2314	4924	10816	90	89	3404	2119	9062	200	48	1993	4178	4615	144
MSTRG.8576	387	123	5610	174	36	242	84	7471	2	15	302	182	7628	6	14
MSTRG.8577	3919	7366	43	1204	721	2357	6066	18	1155	141	729	8754	41	595	1001
MSTRG.8578	1542	211	1179	8293	208	284	483	611	6889	81	620	282	254	7803	157
MSTRG.8579	0	1992	756	522	22789	0	542	613	428	4591	0	1358	253	491	23472
MSTRG.858	72	111	60	6	139	1	125	14	23	381	0	51	31	15	103
MSTRG.8580	252	0	8	138	4222	29	0	62	22	3641	3	54	7	125	4053
MSTRG.8581	68	511	0	590	16	12	18	0	555	7	0	941	0	925	27
MSTRG.8582	0	10953	73	1188	10922	0	6372	3466	682	9672	0	6962	1019	1511	9321
MSTRG.8583	2266	1190	57	106	724	2180	2187	278	577	656	1890	1437	32	406	613
MSTRG.8584	269	1027	1443	6682	215	168	892	1486	8647	5	240	2042	1867	7150	30
MSTRG.8585	432	597	2365	28	146	67	998	1282	64	141	37	764	1312	15	81
MSTRG.8586	123	5242	1958	89	2010	13	8112	1416	183	852	24	4110	2031	31	821
MSTRG.8587	881	1613	12	5784	281	1387	19479	65	3776	354	533	2036	37	3926	326
MSTRG.8588	980	5688	0	873	2020	278	4732	0	1221	2681	374	7233	0	389	2175
MSTRG.8589	1464	536	104	556	11	417	680	798	2621	0	1427	1376	15	833	24
MSTRG.859	5	1650	102	4254	625	14	2122	112	3476	1288	12	1887	20	7640	687
MSTRG.8590	691	414	0	1438	423	438	740	0	532	588	245	436	0	813	397
MSTRG.8591	4342	380	7486	920	135	4879	190	3142	236	106	5912	248	6754	533	97
MSTRG.8592	656	602	238	1479	351	168	1876	142	1094	169	467	833	167	624	291
MSTRG.8593	4	248	2533	2939	207	0	464	3418	2640	352	0	251	2178	1190	117
MSTRG.8594	158	1414	33	1345	86	3168	1196	22	941	33	410	1410	30	1348	13
MSTRG.8595	1036	119	6390	287	433	297	1864	10420	283	1504	1172	598	6010	496	547
MSTRG.8596	6669	22	243	20	1447	3772	1098	516	12	1861	5460	209	404	35	672
MSTRG.8597	1909	0	763	2041	295	1627	0	586	988	412	588	0	1069	1607	330
MSTRG.8598	102	46	358	10637	385	81	471	381	8692	229	19	17	322	5664	428
MSTRG.8599	4126	1307	262	4619	912	2409	1491	453	2832	960	1409	1164	167	1441	1196
MSTRG.86	1026	3619	1589	1347	705	573	2759	1717	3382	454	764	3624	2649	1834	586
MSTRG.860	83	0	2873	1429	8035	29	105	1715	1581	2876	46	0	1850	1357	2939
MSTRG.8600	158	3007	207	449	438	181	4331	229	482	1332	138	3707	438	680	1032
MSTRG.8601	2543	122	0	2772	0	2065	159	0	2280	0	510	212	0	1211	0
MSTRG.8602	2476	5657	0	463	2507	1048	6121	0	463	2929	621	6576	0	220	2681
MSTRG.8603	7948	283	831	67	121	6082	31	1298	29	324	3973	46	873	45	339
MSTRG.8604	695	251	613	1525	104	143	271	275	1961	107	409	262	41	1188	35
MSTRG.8605	210	2415	398	3344	1762	25	4175	212	1223	2304	69	3573	242	1442	1978
MSTRG.8606	1241	973	1587	1145	6339	957	1110	1857	1174	4809	414	1023	2743	897	6348
MSTRG.8607	64	3695	73	17679	287	64	4136	90	6666	98	24	1795	159	2709	275
MSTRG.8608	807	838	332	717	34	881	616	264	100	173	362	460	485	1047	56
MSTRG.8609	2122	346	5202	0	152	1493	123	4931	0	55	1662	170	4579	0	188
MSTRG.861	285	94	14	2640	109	530	3659	68	3444	12	423	120	70	4721	10
MSTRG.8610	3941	613	1584	2123	724	670	880	122	673	555	590	1096	513	101	676
MSTRG.8611	0	0	1375	39	11	0	0	1419	190	9	0	0	1164	27	13
MSTRG.8612	111	0	1813	25	2559	0	0	358	280	2228	1	0	454	129	2030
MSTRG.8613	133	0	555	1117	472	152	0	1626	1147	1028	217	0	620	1170	371
MSTRG.8614	3753	81	2822	12	181	776	370	2865	9	457	10085	152	2186	74	368
MSTRG.8615	0	5	93	7825	4358	0	49	184	15996	6601	0	2	74	16985	2294
MSTRG.8616	0	10	5	23	223	0	133	8	26	446	0	20	162	201	372
MSTRG.8617	304	1231	159	16	2463	952	7486	1993	31	1907	24	2335	116	230	2806
MSTRG.8618	34	1452	11	1789	82	403	8769	782	1115	7	10	2611	43	1003	38
MSTRG.8619	2240	984	21485	4567	830	346	5997	22942	3289	795	3777	1749	19379	4482	1681
MSTRG.862	6050	66	11	240	62031	6380	120	104	280	4542	3684	87	43	194	34785
MSTRG.8620	438	2216	0	297	1498	635	14413	0	76	1428	838	4029	0	175	561
MSTRG.8621	27	223	533	5	553	360	478	521	7	682	107	4	825	43	702
MSTRG.8622	2833	215	1298	379	33	2377	1345	1349	6	34	1756	481	717	5	24
MSTRG.8623	296	3828	159	24	97	542	2838	14718	0	215	74	2601	87	32	73
MSTRG.8624	988	6493	461	13	207	1255	10503	320	0	281	344	7767	853	111	193
MSTRG.8625	1260	96	0	27	2958	924	31	0	42	2896	648	38	0	60	3217
MSTRG.8626	12	734	3800	384	140	1	4372	2507	412	106	65	1296	2827	391	28
MSTRG.8627	19	581	548	43	0	62	3819	824	77	0	67	1164	921	102	0
MSTRG.8628	289	0	1178	386	0	963	0	1238	698	0	285	0	1483	421	0
MSTRG.8629	0	67	18568	7198	707	0	2871	1853	15282	4309	0	1531	9781	12953	529
MSTRG.863	11654	11924	109	168	94	9011	7730	3	95	204	2179	9361	22	82	154
MSTRG.8630	455	54	267	0	107	290	260	300	0	181	475	43	377	0	65
MSTRG.8631	1493	922	525	4731	389	1566	441	389	6757	301	858	736	1335	3539	453
MSTRG.8632	513	862	28	12111	78	597	700	0	21945	78	202	1160	54	10856	66
MSTRG.8633	862	1322	147	1383	106	1163	1643	106	2390	360	339	1082	200	835	236
MSTRG.8634	1352	2588	1235	1689	173	821	1090	713	1496	89	989	2145	1002	1437	53
MSTRG.8635	3266	74	612	1850	454	1147	10	480	1161	781	1949	54	605	626	1010
MSTRG.8636	30	0	98	2715	2758	53	0	4	1819	3071	53	0	3	5333	2037
MSTRG.8637	121	112	0	58	170	99	402	0	82	70	56	18	0	38	122
MSTRG.8638	1194	0	839	1809	4119	720	0	4182	3930	2192	669	0	976	571	3960
MSTRG.8639	0	5915	0	1284	38	0	4322	0	656	265	2	3801	0	824	99
MSTRG.864	7	4379	371	5940	70	0	3600	835	4462	75	0	6668	540	2896	53
MSTRG.8640	399	355	24	0	199	177	260	24	0	927	402	248	50	0	321
MSTRG.8641	49	1832	49	16590	263	21	2590	27	12449	153	6	1722	65	3890	128
MSTRG.8642	18	74	8187	4862	1556	216	118	10732	2921	2137	62	179	7206	19172	1479
MSTRG.8643	0	5024	286	329	1	0	14376	403	183	1	0	4371	332	222	0
MSTRG.8644	0	528	3172	90	39	0	900	6803	331	260	0	690	3790	224	25
MSTRG.8645	424	1065	46	0	1	318	556	294	0	156	315	1027	26	1	1
MSTRG.8646	813	366	1071	8505	1090	402	321	862	9155	1210	494	261	672	1923	2827
MSTRG.8647	0	425	144	524	1111	0	272	49	1512	427	0	364	589	1163	606
MSTRG.8648	4669	291	10437	10868	5945	3403	213	12627	13276	1839	3113	514	11079	6054	1428
MSTRG.8649	119	0	1101	1	493	130	0	1660	24	132	137	0	1232	8	235
MSTRG.865	197	0	2483	1444	307	115	24	2031	1069	259	146	1	1398	807	90
MSTRG.8650	202	0	26	54	7758	220	0	67	1	8964	123	0	1	810	6957
MSTRG.8651	1915	1206	306	0	823	4667	1211	1225	0	624	968	1055	188	0	427
MSTRG.8652	1506	336	76	54	11905	1204	286	6	13	14354	1053	19	44	135	5972
MSTRG.8653	11081	429	0	15	6	3380	248	217	42	38	4660	167	0	79	11
MSTRG.8654	331	1700	0	11	0	177	1946	578	4	0	215	3015	0	93	0
MSTRG.8655	46	29	383	4	660	74	25	657	1	807	95	28	1454	19	760
MSTRG.8656	4310	219	297	0	1264	145	314	2197	0	943	362	241	1138	0	1019
MSTRG.8657	1765	4469	223	0	24	1459	5129	13	0	7	1424	3874	159	0	10
MSTRG.8658	2629	278	3	168	1915	3179	212	1252	1234	1638	1480	108	15	134	1254
MSTRG.8659	517	1398	103	16336	997	958	1671	1304	12420	1877	385	1080	64	11274	681
MSTRG.866	702	19	125	35	2008	754	28	84	11	1496	614	9	376	285	1778
MSTRG.8660	5873	1702	2129	489	540	3758	480	1652	609	517	4794	408	3083	726	761
MSTRG.8661	64	145	41	152	534	58	146	12	20	1022	127	102	40	71	659
MSTRG.8662	319	1387	1374	285	21	79	986	1211	275	73	234	760	1275	346	79
MSTRG.8663	1813	1951	326	1573	34	661	1161	648	3154	54	955	1619	447	2509	58
MSTRG.8664	1556	90	18	99	0	699	200	12	135	0	870	76	35	41	0
MSTRG.8665	1251	0	135	764	143	807	0	155	872	0	1407	0	255	897	0
MSTRG.8666	75	213	1162	234	0	61	1419	997	918	0	59	109	1149	137	0
MSTRG.8667	170	13	37	378	619	90	697	371	210	235	188	43	143	313	1432
MSTRG.8668	1678	20123	2638	910	1197	3402	35924	2331	970	944	1632	19908	2272	729	1380
MSTRG.8669	151	3	271	1094	3698	50	1	2168	795	5847	122	1	310	244	3323
MSTRG.867	21902	119	213	3409	898	7933	103	652	1382	334	4174	112	26	5422	1732
MSTRG.8670	12837	37	548	4367	30	7725	4	26	5535	191	7528	59	263	2945	292
MSTRG.8671	199	639	0	552	3972	481	623	0	475	2458	228	859	0	742	5144
MSTRG.8672	0	1750	3039	394	64	0	1892	4079	1788	286	94	1407	2787	235	137
MSTRG.8673	767	839	658	4825	1874	509	4159	598	4703	1756	1642	314	735	2857	1503
MSTRG.8674	364	364	2415	622	121	32	375	2350	534	27	670	511	2258	540	183
MSTRG.8675	11518	0	212	7236	17972	8230	0	102	7875	1164	6285	0	193	4163	7341
MSTRG.8676	2313	2692	899	247	31461	1729	3151	24	316	100	1325	2598	484	61	11889
MSTRG.8677	1005	510	29	1626	116	606	944	210	1453	0	1367	663	10	1308	46
MSTRG.8678	895	1512	1130	932	1524	775	1252	1183	393	1363	717	1885	1603	701	1704
MSTRG.8679	403	12441	16606	955	749	153	5990	13560	365	1231	296	5245	15074	691	702
MSTRG.868	3756	45	69	7297	0	420	62	18	9047	42	1446	67	29	5421	0
MSTRG.8680	3620	260	1140	7662	13	33673	423	270	17742	65	2319	402	942	5889	53
MSTRG.8681	0	715	2271	2850	1960	3	453	910	2303	3364	1	1340	1272	1648	799
MSTRG.8682	1202	51	2359	70	723	1164	12	1542	12	917	987	30	1628	117	575
MSTRG.8683	510	64	1063	19	1470	851	138	6356	7	860	385	279	2852	50	1187
MSTRG.8684	356	861	1367	1585	776	946	887	755	1474	891	606	1210	1480	1127	345
MSTRG.8685	6861	508	603	544	35	5098	607	851	409	0	7299	412	712	440	123
MSTRG.8686	800	137	10	979	0	566	12	34	880	0	1194	3	8	686	0
MSTRG.8687	795	872	4074	14	353	577	4427	3595	127	16	454	1495	10652	8	470
MSTRG.8688	472	0	331	3380	1469	237	0	219	2144	2701	219	0	281	1898	1295
MSTRG.8689	1067	42	892	150	304	1863	60	801	200	326	668	31	728	99	534
MSTRG.869	12167	601	98	56	603	6523	293	20	0	781	7019	754	20	184	650
MSTRG.8690	373	33	114	0	1091	378	25	87	0	779	13	56	202	0	8359
MSTRG.8691	1741	7	321	226	476	1799	10	171	121	669	788	3	293	132	629
MSTRG.8692	145	6749	529	2105	6226	673	10122	211	980	6753	95	6973	592	1938	6340
MSTRG.8693	226	295	740	556	445	1480	365	952	91	564	315	345	1407	235	571
MSTRG.8694	0	4257	9	7673	731	0	4980	41	8465	938	0	5505	14	6130	565
MSTRG.8695	66	25	0	358	2519	397	238	0	529	7048	21	94	0	10219	1446
MSTRG.8696	1241	1138	422	2996	1970	941	814	393	4181	15266	719	599	461	2575	1183
MSTRG.8697	468	175	1404	1400	4230	779	339	292	696	6909	176	1117	401	1259	3581
MSTRG.8698	88	10423	1	78	809	69	10144	2	23	775	6	12776	0	65	672
MSTRG.8699	2230	866	2441	506	60	2599	1118	123	315	44	2052	989	29	432	83
MSTRG.87	7634	324	1408	115	1574	4671	502	3229	233	2023	4487	331	2322	70	2065
MSTRG.870	5795	4225	1631	1301	218	2765	2840	3947	440	169	5804	3898	39	1254	479
MSTRG.8700	1192	37	0	792	405	731	7	0	1059	65	983	39	0	905	155
MSTRG.8701	208	0	141	109707	0	136	205	39	33713	0	237	0	66	35311	0
MSTRG.8702	6898	0	1635	37511	1490	5419	259	2396	27448	1030	5916	0	1548	19020	673
MSTRG.8703	31	4	739	0	0	202	18	375	0	0	17	20	867	4	0
MSTRG.8704	586	482	3376	35	1661	229	739	2960	1	2837	557	1017	3569	24	845
MSTRG.8705	181	331	252	1409	371	118	2128	113	783	1443	263	815	158	302	174
MSTRG.8706	1069	192	68	114	680	959	3	149	80	200	591	35	255	238	821
MSTRG.8707	4654	118	98	197	664	2911	1125	104	203	479	1314	196	242	245	842
MSTRG.8708	607	1144	85	1	491	445	1868	42	1	229	308	2237	51	1	326
MSTRG.8709	1007	1020	828	2	9412	198	1406	499	40	9548	276	1417	992	21	6433
MSTRG.871	60	1297	6680	0	954	55	2098	1870	0	775	48	1322	5616	0	1044
MSTRG.8710	1798	325	611	131	156	906	577	894	121	0	1575	587	532	17	1
MSTRG.8711	0	21	1863	10	117	0	61	2700	17	128	0	6	517	62	48
MSTRG.8712	0	25	44	7	7013	0	18	1	53	7430	0	115	0	74	7425
MSTRG.8713	0	48	761	1	524	0	8	82	8	401	0	30	956	4	589
MSTRG.8714	188	35	72	0	150	132	19	110	77	22	68	54	188	607	312
MSTRG.8715	6	238	18937	11	842	123	221	56	506	575	24	418	15962	23	652
MSTRG.8716	9378	1036	4311	45	482	9369	1320	2579	14	596	2440	1115	4112	28	756
MSTRG.8717	6954	85	50	10	107	7173	338	43	16	721	1748	207	26	3	139
MSTRG.8718	79	322	11695	52	6139	115	275	6239	49	7487	1	638	10643	36	6197
MSTRG.8719	164	1416	1009	421	34	1492	1417	877	133	62	0	1025	745	377	35
MSTRG.872	147	529	53726	1807	421	7	763	891	417	410	53	1022	27967	1258	395
MSTRG.8720	4216	1665	36	0	22	2092	907	12	3	80	2579	869	35	8	19
MSTRG.8721	8547	777	281	80	5709	7989	158	23	2	5167	5942	153	35	7	5544
MSTRG.8722	2382	0	171	94	731	2172	0	271	200	1205	637	0	188	136	504
MSTRG.8723	1659	2172	2716	1	18	1805	3252	375	1	42	425	2676	2773	2	8
MSTRG.8724	0	467	337	431	436	0	663	407	317	1523	0	661	316	288	608
MSTRG.8725	190	2210	2173	4241	1468	231	2414	2029	29062	663	29	1977	3252	17883	608
MSTRG.8726	174	157	5	3266	729	2801	174	14	3586	275	738	260	39	588	894
MSTRG.8727	476	1130	754	0	1408	468	1097	818	35	1281	287	1062	592	0	753
MSTRG.8728	515	13562	218	0	2923	479	19133	92	2556	2080	319	12489	157	0	1202
MSTRG.8729	457	834	451	35	707	399	921	232	101	796	483	672	393	169	920
MSTRG.873	9160	3372	156	1039	64	7838	7760	210	677	18	6673	5320	224	925	35
MSTRG.8730	1846	1360	478	31	11	1770	718	283	1	3	784	1068	226	0	16
MSTRG.8731	1037	804	1527	218	18	676	949	1485	95	0	550	1187	3914	183	28
MSTRG.8732	3369	828	1436	921	174	1966	1709	1215	2739	245	2011	2416	1216	1643	228
MSTRG.8733	155	1215	418	0	2186	73	735	519	0	2371	44	1077	348	0	3003
MSTRG.8734	0	1162	431	677	42	0	1247	324	639	129	0	970	493	670	62
MSTRG.8735	166	18	1020	327	1940	459	16	907	731	1737	19	16	1565	297	2759
MSTRG.8736	0	5426	502	975	3738	0	3093	1288	1280	2501	0	11680	1336	555	2427
MSTRG.8737	6055	158	0	370	545	4036	272	0	1132	369	2285	144	0	390	415
MSTRG.8738	36	717	2923	0	74	129	804	4527	0	211	29	499	3605	0	99
MSTRG.8739	35	743	102	1752	1714	133	123	225	1243	2462	65	488	400	1237	822
MSTRG.874	31	65	40	17	448	50	230	108	22	6402	11	105	30	15	479
MSTRG.8740	2639	703	207	118	412	2946	281	132	214	332	1506	592	118	220	390
MSTRG.8741	130	452	4113	1177	1466	82	555	2938	1316	1560	19	997	4166	890	1189
MSTRG.8742	6043	799	7563	51	3016	8993	1189	6663	5	1329	2968	1367	8332	10	1665
MSTRG.8743	320	11	106	1654	1166	518	38	16	1421	927	344	6	66	1467	977
MSTRG.8744	1179	0	332	0	8199	825	18	118	0	5912	1022	0	333	0	4280
MSTRG.8745	90	253	69	2180	626	115	490	91	475	204	8	259	67	897	1209
MSTRG.8746	11	1573	181	4	0	13	438	14	0	0	40	496	341	1	0
MSTRG.8747	70	226	813	10	1194	8	47	354	0	598	5	0	657	31	390
MSTRG.8748	270	2549	11	19972	29	252	67	23	11155	122	313	11	15	11276	15
MSTRG.8749	7	0	2835	993	36	22	0	3287	146	204	8	0	2677	365	166
MSTRG.875	2089	3156	90	146	846	2342	3290	141	93	3676	2910	2717	85	138	1604
MSTRG.8750	0	116	701	584	939	0	45	1563	134	1544	0	80	605	341	814
MSTRG.8751	0	1674	377	217	11937	0	1784	628	58	15747	0	1521	567	12	10359
MSTRG.8752	1157	608	4833	217	1830	1418	440	3239	216	687	844	365	4809	202	1153
MSTRG.8753	630	4609	274	3294	3941	38	2830	656	4082	2984	60	3670	438	3928	3709
MSTRG.8754	510	196	3448	280	273	230	120	3359	440	60	212	159	3376	490	266
MSTRG.8755	2201	122	118	1899	12	2083	231	15	1711	4	2552	227	29	1785	109
MSTRG.8756	48	176	1219	1037	289	25	452	697	1384	2	12	424	1633	1413	2
MSTRG.8757	272	16	2497	6630	13	264	75	1006	10948	2	185	12	1074	6564	70
MSTRG.8758	4867	132	811	300	42	4596	315	1674	582	30	3207	655	663	102	313
MSTRG.8759	594	441	249	900	508	195	247	88	1479	296	33	117	215	775	3107
MSTRG.876	310	52	2255	4253	1892	118	63	1008	3501	4216	166	223	2628	3406	2804
MSTRG.8760	1621	348	164	1199	5	1448	709	167	1951	3	853	494	122	1494	17
MSTRG.8761	1830	1725	3234	6145	37	354	2587	4733	9943	88	248	294	2889	4621	120
MSTRG.8762	1336	21	0	4889	1294	840	1	0	11381	489	823	0	0	3153	4554
MSTRG.8763	2653	34	0	156	717	1309	32	0	129	1023	965	23	0	10	985
MSTRG.8764	133	722	854	587	14673	227	251	2624	87	5481	54	1030	501	10	89999
MSTRG.8765	47	118	116	111	0	0	130	830	26	0	87	126	72	28	0
MSTRG.8766	261	4282	756	514	0	1044	3120	634	502	431	41	1406	683	450	10
MSTRG.8767	21	2266	8	951	930	675	3413	1	1336	520	12	2179	10	1471	379
MSTRG.8768	26834	86	62	264	603	22071	63	2	348	1036	18353	22	76	395	451
MSTRG.8769	752	11130	336	550	2367	1589	7934	13	746	2973	379	9874	42	639	2185
MSTRG.877	0	4546	1141	440	11	54	4583	345	445	17	0	4783	1812	327	13
MSTRG.8770	692	663	551	110	8087	758	1083	869	159	20872	729	930	918	134	9325
MSTRG.8771	4641	269	3276	4283	831	2518	17	3490	5221	3337	3031	43	2555	3689	764
MSTRG.8772	918	146	130	46	1654	16424	268	183	57	1682	169	189	131	9	1380
MSTRG.8773	635	2945	5745	2484	1290	263	1091	3301	853	1304	503	2894	8138	2929	665
MSTRG.8774	0	13	36	243	3294	0	92	24	28	2579	0	179	48	77	6923
MSTRG.8775	3312	371	194	772	72	2285	244	43	58	30	1990	145	104	320	61
MSTRG.8776	635	2266	312	1391	1789	781	2395	117	622	2259	468	2783	239	1963	672
MSTRG.8777	2025	773	36	3474	1006	1390	760	45	3430	796	1763	820	73	3711	742
MSTRG.8778	10991	217	1900	9	0	4897	102	1523	31	0	2284	164	1912	9	0
MSTRG.8779	293	266	28	131	10483	259	370	143	4	11796	296	388	36	28	4149
MSTRG.878	195	3929	9	303	4047	3712	10732	147	470	7645	100	2637	0	736	6818
MSTRG.8780	931	881	1338	809	3651	548	478	543	616	3690	1401	478	559	353	5528
MSTRG.8781	61	2150	6047	849	193	15	2182	1610	911	262	47	3737	1766	1531	113
MSTRG.8782	415	1483	10697	54	5371	125	1387	57261	35	9304	269	1252	12966	37	3041
MSTRG.8783	1342	346	1138	516	301	690	521	1007	425	1353	1013	364	1164	551	1165
MSTRG.8784	652	573	7886	2294	0	523	429	2679	3139	45	262	668	6744	1606	162
MSTRG.8785	81	1027	1	192	6186	8	1146	3	231	9800	1	1309	1	469	4639
MSTRG.8786	1345	667	0	0	100	3293	1549	62	0	282	658	1886	74	0	31
MSTRG.8787	0	0	760	2130	37	0	0	599	2414	31	0	0	1010	1197	154
MSTRG.8788	131	2527	544	782	0	41	4675	528	205	0	161	2893	477	106	0
MSTRG.8789	40	201	506	4504	38	70	248	308	2295	19	98	191	349	1828	116
MSTRG.879	601	513	647	645	2313	330	1993	913	648	2334	497	444	765	596	3214
MSTRG.8790	52	192	0	567	6	11	173	0	423	21	61	92	0	240	78
MSTRG.8791	6149	5216	29	10257	6	6307	2506	2	4892	5	3109	4925	13	4711	39
MSTRG.8792	202	6625	2607	0	0	150	5951	2513	0	0	154	6898	1767	0	0
MSTRG.8793	298	303	1459	224	0	236	112	2484	404	0	228	164	875	324	0
MSTRG.8794	4610	313	706	1853	51	5236	168	295	4202	832	3908	339	910	1955	143
MSTRG.8795	44	62	73	98	74	260	175	7	168	146	11	101	86	220	24
MSTRG.8796	1375	124	985	1278	13628	1146	36	678	978	12577	581	300	810	698	10782
MSTRG.8797	242	877	32	239	536	206	494	90	158	494	1351	717	107	322	550
MSTRG.8798	14058	5	0	0	127	12844	28	0	0	273	11826	9	0	0	216
MSTRG.8799	1043	2039	0	79	968	950	3056	0	312	985	533	2104	0	160	1846
MSTRG.88	2227	2697	135	2527	1387	3248	2337	280	2729	3164	1739	3406	149	2322	1894
MSTRG.880	1537	194	438	118	289	1092	206	460	63	290	808	221	658	136	200
MSTRG.8800	66	614	0	2602	480	18	1674	0	2345	1471	0	620	0	2792	715
MSTRG.8801	58	414	1540	315	41	2	689	1244	227	21	38	640	1429	80	88
MSTRG.8802	0	4931	4443	10492	570	320	3183	5025	9073	841	0	4136	4276	10831	762
MSTRG.8803	3	263	282	1211	30	708	1131	1059	768	106	0	530	428	921	0
MSTRG.8804	2	3101	138	2869	119	69	2431	6	113	319	0	3029	24	737	43
MSTRG.8805	570	163	4552	101	322	638	31	2224	191	316	898	47	4335	143	169
MSTRG.8806	422	1169	2911	202	753	2342	1184	2933	60	725	711	1884	2546	272	775
MSTRG.8807	232	1090	32019	61	100	1	998	646	61	52	28	441	19170	265	90
MSTRG.8808	138	867	45397	1035	509	103	942	22	1407	606	8	838	15961	1355	170
MSTRG.8809	164	220	332	2856	85	1024	128	0	4431	77	170	216	43	1587	64
MSTRG.881	306	910	1472	4538	59	5727	477	1455	8415	147	1970	588	2282	3322	93
MSTRG.8810	1665	154	2427	4790	28	1429	142	1523	4211	38	1491	92	1880	5967	84
MSTRG.8811	22	3265	1141	82	5101	6	2235	988	53	4949	15	1741	703	27	2779
MSTRG.8812	1506	0	57	139	441	985	0	33	1	451	1028	0	22	0	743
MSTRG.8813	430	0	2292	1592	290	470	0	689	2501	1170	382	0	1666	682	163
MSTRG.8814	35	612	862	4713	4661	17	1628	453	6489	4489	140	535	1250	5644	2734
MSTRG.8815	30	186	1808	21	540	31	432	766	4	433	51	296	1789	2	637
MSTRG.8816	206	756	944	0	9143	220	693	405	0	6119	273	793	879	1	4591
MSTRG.8817	1185	1	31	116	374	1141	1	26	18	404	733	1	192	29	160
MSTRG.8818	224	249	4	407	499	356	229	3	289	569	310	216	23	226	495
MSTRG.8819	515	28	96	1282	505	293	21	48	4335	713	379	23	59	2236	550
MSTRG.882	1207	139	162	262	5912	892	52	58	121	4886	1196	76	192	334	3571
MSTRG.8820	3065	28	443	8010	135	1698	124	45	1811	55	911	129	508	5667	146
MSTRG.8821	2617	535	1990	0	32	1702	934	1219	0	81	1134	1053	1563	0	23
MSTRG.8822	604	3624	0	41	100	278	3311	0	27	75	318	3013	16	144	150
MSTRG.8823	0	119	0	16	397	0	140	60	323	332	0	125	0	90	302
MSTRG.8824	3120	4381	422	4014	663	2655	2157	486	3855	535	1751	3245	630	3225	1062
MSTRG.8825	808	734	20	349	6111	470	315	108	111	16111	479	231	11	360	4556
MSTRG.8826	2522	310	108	0	2044	2356	167	219	0	1787	1779	170	102	0	1562
MSTRG.8827	577	8	3827	435	119	141	106	2401	262	33	359	58	942	271	70
MSTRG.8828	1364	1945	527	28	871	1202	1265	339	9	1461	682	1880	913	43	643
MSTRG.8829	453	29	7114	3495	363	278	265	6925	6449	432	118	14	6730	2581	290
MSTRG.883	4632	105	151	89	24	7983	197	49	440	0	3882	24	99	833	324
MSTRG.8830	18400	980	433	75	992	18335	1668	393	67	867	9462	2495	774	38	1009
MSTRG.8831	914	1184	820	950	12	681	576	877	1503	0	498	518	813	1264	3
MSTRG.8832	1743	5025	2315	33	3365	890	1524	4484	27	2058	476	1157	2689	66	1884
MSTRG.8833	1243	497	1332	0	2021	987	96	13031	0	1779	807	312	1569	0	1862
MSTRG.8834	1732	6648	5442	1245	324	3083	9438	8392	2094	133	1392	9220	5772	1507	191
MSTRG.8835	966	950	1227	7728	3712	413	541	1013	14462	5124	906	1230	1113	4349	3771
MSTRG.8836	798	12049	57	276	202	1179	12360	76	577	340	665	11841	64	586	189
MSTRG.8837	1489	0	432	3934	2516	3163	0	104	4745	3509	1882	0	160	2361	2115
MSTRG.8838	20	1037	0	0	536	95	518	0	0	471	6	1182	0	0	1086
MSTRG.8839	327	475	1666	0	416	197	792	1063	0	470	144	443	1590	0	296
MSTRG.884	2661	3401	757	862	2900	2937	1861	9558	1218	2184	1798	2303	1105	886	5525
MSTRG.8840	941	464	0	2627	18	528	294	0	1426	40	472	274	0	1134	200
MSTRG.8841	385	206	2640	2679	15	134	30	3402	1984	15	553	15	1269	1614	81
MSTRG.8842	420	2593	646	937	264	175	1550	249	1207	281	560	1751	889	1478	262
MSTRG.8843	760	29	686	106	745	463	0	441	230	545	1555	2	843	157	624
MSTRG.8844	147	0	543	1244	2522	86	2	160	2502	4240	123	4	422	1160	1964
MSTRG.8845	686	1393	9650	20693	2342	983	2112	6398	20932	4486	1351	1070	6999	15331	3345
MSTRG.8846	0	494	235	3280	114	0	663	3	1043	0	0	1049	0	2485	0
MSTRG.8847	349	648	356	2857	0	333	1016	286	4326	0	293	716	222	3441	0
MSTRG.8848	970	155	803	468	684	367	125	953	503	774	172	167	606	176	807
MSTRG.8849	3160	0	7496	395	294	90	0	9402	316	633	3	0	9147	339	568
MSTRG.885	4	15	1941	28	3784	18	129	7649	96	5577	57	234	2907	10	3716
MSTRG.8850	1031	0	830	11440	886	2	0	448	20192	1184	10	0	519	6806	801
MSTRG.8851	2498	0	12	1338	345	2109	0	183	376	1085	1010	0	28	1606	390
MSTRG.8852	819	551	170	2940	0	448	2211	30	4041	0	344	767	342	4052	0
MSTRG.8853	4486	1685	764	2872	1289	3248	1385	695	4160	1699	3613	1212	788	3741	1004
MSTRG.8854	209	4689	111	17	118	138	4147	440	48	322	166	4357	539	66	100
MSTRG.8855	46	189	233	180	984	198	612	352	223	878	160	645	311	31	770
MSTRG.8856	149	0	8170	4663	105	366	0	6897	5804	58	305	0	8477	3933	83
MSTRG.8857	61	4267	4	826	377	62	2411	15	576	641	49	3811	7	595	566
MSTRG.8858	1051	2900	118	101	0	478	2634	301	103	0	714	2671	92	97	0
MSTRG.8859	984	13064	5664	1042	1403	1310	892	4828	1151	588	1070	2672	7032	1133	708
MSTRG.886	4690	19	5859	237	7	6098	202	8399	184	0	3190	241	10961	233	75
MSTRG.8860	1915	25037	701	946	558	2619	111	666	1283	469	305	2916	534	1241	556
MSTRG.8861	36	1890	45	1054	173	39	1615	54	1393	380	43	1684	5	1314	463
MSTRG.8862	61	1011	656	741	5120	44	792	2619	680	6817	22	903	968	354	5867
MSTRG.8863	41	14	1433	176	888	2	34	708	182	339	0	48	659	145	723
MSTRG.8864	21	1200	957	22	696	28	1364	305	82	619	15	847	744	59	585
MSTRG.8865	801	414	1662	355	173	178	599	1571	146	54	527	581	865	441	7
MSTRG.8866	67	2216	3696	665	283	63	1468	3350	273	156	96	2332	1149	98	1272
MSTRG.8867	4499	1160	1194	2244	3625	1324	836	526	1530	2413	6	804	1516	1166	29166
MSTRG.8868	2098	25	28	549	0	2471	34	0	323	0	1357	88	61	393	0
MSTRG.8869	12437	15	267	710	0	7786	37	112	706	0	9741	132	465	413	0
MSTRG.887	5820	8	2	329	46	11921	1	1	157	0	1162	12	0	263	113
MSTRG.8870	999	122	2440	1295	4202	884	50	2813	1781	8928	827	100	2480	1286	3588
MSTRG.8871	62	326	9294	2126	181	35	18	3796	1617	405	44	444	7484	1338	259
MSTRG.8872	265	2932	3261	113	895	0	1344	1310	553	798	26	3083	2418	1547	1054
MSTRG.8873	244	0	607	534	5044	249	154	527	187	7724	96	0	810	375	3338
MSTRG.8874	3756	315	2404	0	6603	1518	571	2804	0	7184	3746	763	1420	0	3343
MSTRG.8875	424	0	560	1349	1666	288	0	499	733	584	263	0	345	171	1984
MSTRG.8876	2610	130	106	164	81	2215	213	78	160	112	2574	87	51	84	33
MSTRG.8877	35	2450	1574	49	670	9	15568	2326	30	53	29	4561	1509	8	9
MSTRG.8878	914	349	3373	1009	42	633	614	1157	1062	17	564	550	3233	1284	28
MSTRG.8879	215	6561	1250	8	51	107	8222	1149	14	62	114	6537	1177	13	42
MSTRG.888	637	26	332	2149	30	1013	51	417	909	0	153	4	536	1501	88
MSTRG.8880	525	737	11020	218	389	213	314	2377	451	498	279	646	4191	71	433
MSTRG.8881	175	621	760	745	1271	316	920	60	882	887	237	687	916	444	11525
MSTRG.8882	56	1484	505	1044	383	47	2401	8	924	243	7	1843	2	1537	2941
MSTRG.8883	1713	1243	1382	404	502	1897	3963	175	1137	670	3233	1462	218	360	4304
MSTRG.8884	2009	4142	41	109	129	1775	8186	99	596	115	1121	5578	44	80	1459
MSTRG.8885	972	1159	43	2767	2484	862	667	397	2132	5426	713	1353	202	1768	3060
MSTRG.8886	1109	83	786	175	44	1075	121	1927	181	39	1167	33	1329	144	14
MSTRG.8887	1	355	9541	1281	7621	10	194	7083	1591	8602	56	160	8068	561	14404
MSTRG.8888	718	0	2181	227	549	1436	0	981	179	81	1315	0	1599	198	207
MSTRG.8889	0	1161	1416	445	1367	0	2577	1629	733	252	0	997	1773	270	1715
MSTRG.889	656	168	3429	1334	74	270	241	3361	170	51	470	178	4198	856	68
MSTRG.8890	2474	0	512	148	991	2691	0	38	13	1140	1095	0	229	86	1180
MSTRG.8891	258	3172	13	176	1970	302	3260	6	55	1860	264	1495	57	422	1822
MSTRG.8892	516	601	397	0	1322	125	301	13	0	2573	102	869	4	0	1250
MSTRG.8893	6281	1021	5	6900	5	3475	630	1	1039	22	5395	1213	40	403	4
MSTRG.8894	8063	528	34	4333	166	4633	107	1	6590	0	6657	337	285	3272	57
MSTRG.8895	287	9362	144	2166	497	61	7806	81	1484	425	88	5928	35	2033	368
MSTRG.8896	335	280	1797	2033	170	179	2	922	1800	213	257	14	263	1720	100
MSTRG.8897	52	1093	54	342	50	115	1223	183	527	93	42	562	135	169	188
MSTRG.8898	188	258	11	586	40	31	297	0	543	13	190	304	22	153	109
MSTRG.8899	967	10923	17	886	738	506	10682	0	1910	735	557	9658	0	615	606
MSTRG.89	199	3075	2191	4785	1610	151	4104	3603	1717	3734	64	2562	2464	1968	1832
MSTRG.890	253	2513	308	753	936	221	1637	257	609	651	446	1427	256	722	1900
MSTRG.8900	3042	678	2941	429	40	2722	574	692	1345	23	1892	783	570	158	79
MSTRG.8901	741	15	953	60	623	1250	200	241	103	496	429	12	250	97	614
MSTRG.8902	286	199	40239	107	1824	615	13	14429	37	3020	434	272	13864	96	2015
MSTRG.8903	5373	758	0	0	129	4187	607	0	27	120	3661	989	0	9	435
MSTRG.8904	250	1087	764	389	0	555	718	231	87	0	366	767	156	167	0
MSTRG.8905	3860	171	1340	5940	1176	2563	358	1209	5802	2220	2581	431	1511	2696	1109
MSTRG.8906	94	9600	2502	155	622	29	9354	4784	164	260	20	9030	3133	204	299
MSTRG.8907	1520	3769	7947	122	2718	1080	5016	14542	186	3232	1474	4825	10567	286	2067
MSTRG.8908	904	625	783	504	509	983	825	816	1966	351	248	503	560	1061	468
MSTRG.8909	1252	1035	1745	9466	8518	1029	1468	1475	9152	5313	664	1371	2244	4238	12915
MSTRG.891	163	168	124	18	1560	57	115	44	13	602	71	196	104	139	1641
MSTRG.8910	106	1451	2323	683	0	149	778	1084	306	0	45	757	926	181	0
MSTRG.8911	364	1437	3312	11	303	424	683	1066	3	303	263	1211	12321	33	210
MSTRG.8912	6110	1571	102	7797	1787	3834	1624	64	6954	3667	1326	895	84	4942	1648
MSTRG.8913	0	3447	1931	105	286	0	3377	2682	310	443	0	1288	874	323	426
MSTRG.8914	0	1768	1173	2173	890	0	851	517	721	645	0	2003	1054	1260	824
MSTRG.8915	1106	2274	0	1279	213	1699	2939	0	1146	179	255	3309	0	776	208
MSTRG.8916	129	66	11958	5870	0	571	231	1745	2602	0	109	63	2478	2151	0
MSTRG.8917	815	2825	3918	4690	76	707	2966	2548	7726	229	758	2987	5320	7272	130
MSTRG.8918	52	3020	597	123	1948	302	1763	661	123	2260	97	1602	462	109	2392
MSTRG.8919	86	482	6526	10366	206	36	505	5753	15378	194	76	686	2661	6686	82
MSTRG.892	4700	29	7111	19	861	2106	256	5204	14	798	2577	12	5201	102	1084
MSTRG.8920	711	2814	506	348	8820	751	2462	722	534	12661	1158	1227	1466	543	8559
MSTRG.8921	1539	438	0	35	914	1303	597	60	52	681	981	368	145	0	952
MSTRG.8922	2341	167	7663	163	1023	1994	53	6232	450	96	1315	40	5311	340	820
MSTRG.8923	179	1362	47	0	110	181	1892	6	0	167	121	1249	36	68	118
MSTRG.8924	4479	1460	0	12943	151	2165	944	0	12337	69	2303	1330	0	6178	217
MSTRG.8925	1085	1124	15	0	54	286	1464	39	0	63	165	969	84	0	153
MSTRG.8926	357	10664	34	20	13144	156	3628	9	48	14556	161	3916	124	86	11529
MSTRG.8927	24	421	0	2339	10891	87	259	0	3609	22069	42	923	0	1664	10099
MSTRG.8928	2055	0	0	95	231	1928	0	0	6	0	1732	0	0	70	0
MSTRG.8929	0	860	74	133	262	59	442	1355	98	0	2	196	7	83	0
MSTRG.893	297	121	2755	146	15	172	42	4138	526	37	138	32	2538	154	19
MSTRG.8930	1591	34	15	157	49	1360	384	297	67	82	2272	201	86	230	122
MSTRG.8931	1707	1423	165	230	113	508	1295	449	752	27	523	1694	48	980	58
MSTRG.8932	6425	9803	13510	395	5138	1371	8734	9941	1014	6597	702	7382	16267	65	6533
MSTRG.8933	673	2011	921	349	0	89	869	871	1461	31	264	1676	1003	1147	0
MSTRG.8934	690	3688	135	9848	23	523	2835	84	9928	37	470	4282	152	5785	73
MSTRG.8935	15598	167	1820	11305	43	14834	89	1693	1451	43	8627	181	3052	788	34
MSTRG.8936	1311	6	25	367	27	609	11	13	662	285	1486	55	83	253	13
MSTRG.8937	10236	218	744	3386	244	7546	1	754	2720	165	10307	3	588	3060	9
MSTRG.8938	0	22	34	709	1	0	0	177	1759	1	0	362	8	617	1
MSTRG.8939	1237	102	189	0	111	654	675	1002	0	165	1010	221	60	0	106
MSTRG.894	2	1781	65	2924	124	5	3810	93	1571	113	6	25	306	1066	88
MSTRG.8940	666	55	335	406	172	514	12	206	22	113	321	1	181	121	375
MSTRG.8941	506	1116	873	253	4	348	6458	662	49	64	243	1651	982	90	117
MSTRG.8942	4791	7	57	2138	8	2174	46	0	547	34	1682	9	42	977	82
MSTRG.8943	1906	31	207	2976	7	2202	144	10	4443	0	1090	139	81	2124	0
MSTRG.8944	572	8	81	56	71	355	1	230	120	6	1083	18	77	54	0
MSTRG.8945	660	1366	434	563	275	842	6582	392	2600	30	390	2950	182	2846	247
MSTRG.8946	63	892	146	9269	0	127	1752	29	7207	0	116	1451	126	5529	28
MSTRG.8947	0	25303	5389	3514	0	0	88145	5437	615	0	0	38092	4537	742	16
MSTRG.8948	0	0	623	134	57	0	0	431	36	898	0	0	1071	13	98
MSTRG.8949	0	0	386	3	147	0	310	569	546	145	0	78	206	311	294
MSTRG.895	105	150	501	1776	3963	314	289	1079	2378	4646	356	113	882	1338	4131
MSTRG.8950	1745	1981	4937	42	29	997	925	3658	69	5	342	845	2847	74	53
MSTRG.8951	1811	56	818	306	63	1217	100	395	189	64	1030	75	732	172	134
MSTRG.8952	5609	74	5744	19	7	4812	66	3719	0	4	4317	6	4593	88	33
MSTRG.8953	39	2942	518	2	1960	215	6062	279	3	973	143	2828	120	562	528
MSTRG.8954	229	7350	1216	0	3246	60	10165	1252	3	3425	16	9217	1842	239	2303
MSTRG.8955	3914	1244	154	353	88	1626	1651	106	53	0	3839	1034	220	439	0
MSTRG.8956	3228	43	796	7514	3	2791	10	505	6872	1	2097	65	737	6756	3
MSTRG.8957	12232	1784	1001	1330	59	1453	2133	400	1061	39	2083	2358	828	1295	38
MSTRG.8958	22002	3107	5148	951	353	592	1615	9970	572	347	964	964	5519	556	77
MSTRG.8959	181	3279	0	0	144	0	1453	0	0	192	70	5111	0	0	253
MSTRG.896	9	3315	1007	808	288	42	5576	755	764	353	94	4692	749	1130	431
MSTRG.8960	1596	63	4366	146	1011	785	75	3209	384	1341	918	29	3642	169	1094
MSTRG.8961	0	1414	82	477	261	0	3067	89	565	1878	0	658	250	242	186
MSTRG.8962	1058	970	997	220	7359	1026	803	729	736	3267	944	1079	1052	438	10737
MSTRG.8963	32	0	672	330	0	67	0	288	338	0	69	0	324	343	0
MSTRG.8964	1456	11990	1451	1207	19	1495	7889	791	941	67	105	3964	1824	1407	114
MSTRG.8965	414	1983	48	768	5696	300	2116	54	2066	7164	432	3552	32	1582	3604
MSTRG.8966	2576	1088	3346	3610	358	1244	3626	1210	12202	181	2107	1820	3029	1002	569
MSTRG.8967	1813	268	2	88	0	815	310	3	809	0	1514	165	2	148	0
MSTRG.8968	14	4864	0	4190	0	2	5827	0	5256	0	14	1964	0	3894	0
MSTRG.8969	4	726	256	3381	1772	17	1531	120	235	1327	352	1819	197	1530	14424
MSTRG.897	14	210	34	215	1134	4	100	8	50	1286	0	138	326	187	918
MSTRG.8970	49	0	1724	0	11618	20	47	995	0	18196	100	139	2183	0	11682
MSTRG.8971	209	8260	301	118	31	52	6153	75	206	43	49	6128	182	381	0
MSTRG.8972	381	0	7600	0	184	18	11	6957	0	373	313	6	6989	0	1797
MSTRG.8973	2953	140	104	1323	0	1733	18	71	2090	0	2163	7	110	2613	85
MSTRG.8974	0	16	3133	11642	15777	143	13	3972	10511	28369	0	13	2771	2754	9993
MSTRG.8975	420	133	1263	20	154	440	92	578	24	32	717	78	2156	18	180
MSTRG.8976	0	0	723	1129	2961	0	0	344	561	5019	0	0	595	580	1486
MSTRG.8977	117	76	981	1970	62	191	10	1263	1186	23	50	199	1437	1795	37
MSTRG.8978	7789	35	3182	651	730	7761	105	7452	118	1579	2065	86	5225	310	1264
MSTRG.8979	402	15	3299	0	48	407	1	4160	0	23	317	1	4936	0	26
MSTRG.898	2	22343	3615	597	330	1	3435	946	1251	401	7	12776	5718	2440	1082
MSTRG.8980	7163	0	101	254	33	6853	0	112	74	35	5404	0	39	205	57
MSTRG.8981	693	0	0	15	0	423	0	1	610	0	548	0	1	132	0
MSTRG.8982	864	76	1	2900	827	817	0	1	2794	1381	619	25	0	2342	1235
MSTRG.8983	3823	76	144	6830	7563	3122	1015	1	2655	12274	1603	90	0	3260	7053
MSTRG.8984	1149	120	0	71	295	5112	216	0	16	590	737	43	0	42	589
MSTRG.8985	6460	14218	505	1860	3349	7527	11667	476	2892	3733	3712	14695	897	2204	1937
MSTRG.8986	2381	678	361	1261	50	1042	586	712	1562	25	1742	1084	668	437	11
MSTRG.8987	45	171	661	393	0	75	132	1110	294	0	21	576	881	475	0
MSTRG.8988	382	1683	459	78	1920	131	2355	1523	20	1007	92	2927	517	1	1445
MSTRG.8989	0	1036	0	4127	2459	0	940	0	7408	1926	0	863	0	2816	2034
MSTRG.899	660	150	4160	5	7	772	303	6706	0	7	246	187	5491	56	2
MSTRG.8990	1245	256	1359	244	877	1617	303	1226	450	1025	555	104	1318	178	1225
MSTRG.8991	0	373	182	442	58	0	520	291	284	97	0	301	127	452	28
MSTRG.8992	3295	874	1360	4225	463	3277	902	1011	1362	795	1418	879	882	1860	385
MSTRG.8993	807	615	24	527	710	284	751	2	603	588	850	503	2	464	5108
MSTRG.8994	1077	157	3034	97	0	590	106	1923	161	0	935	18	2795	68	0
MSTRG.8995	756	125	0	150	568	180	7	0	45	340	400	61	0	46	4175
MSTRG.8996	11925	705	17158	3480	1233	7719	70	5670	2349	833	3397	316	20902	3088	10281
MSTRG.8997	345	3505	605	65634	1315	6	4415	190	55530	890	1	1356	1056	63245	10797
MSTRG.8998	1360	381	612	9479	945	1153	224	118	11558	448	603	629	925	6654	2693
MSTRG.8999	214	232	214	22	113	211	472	82	335	99	210	232	11	153	815
