gene_id	B100	B105	B110	B135	B175	B200	B205	B210	B235	B275	B300	B305	B310	B335	B375
MSTRG.1799	35010	930	226	167	72	22607	338	110	153	118	22126	977	498	161	84
MSTRG.18	1071	664	409	175	142	517	178	95	132	110	647	131	142	109	110
MSTRG.180	758	3680	1097	11	18930	504	3399	777	28	15028	501	3891	3879	147	18948
MSTRG.1800	11785	699	2230	6	61	43193	350	1558	1	49	3444	2131	1887	8	39
MSTRG.1801	11839	741	2	3532	7808	11699	412	84	11484	5922	6179	842	91	1894	4015
MSTRG.1802	749	2424	781	1950	6	1096	1505	694	418	7	1564	1936	585	93	11
MSTRG.1803	525	5615	5680	226	0	766	18801	6283	150	0	651	6618	5623	73	0
MSTRG.1804	931	1824	899	216	2	557	3256	1518	291	41	976	1451	1102	287	76
MSTRG.1805	31	986	5636	2457	184	384	649	8108	1476	1325	6	795	4793	2341	1200
MSTRG.1806	3998	249	12627	5528	140	2552	82	2481	7165	135	202	185	5867	5513	254
MSTRG.1807	61	27	871	2672	19	59	1082	395	2895	62	61	100	595	1341	37
MSTRG.1808	255	84243	360	20	28	277	18746	556	73	0	364	116742	272	38	7
MSTRG.1809	133	788	16	1645	522	173	1137	96	1104	213	51	2235	0	870	305
MSTRG.181	84	155	86	85	175	72	140	194	95	202	35	515	492	85	195
MSTRG.1810	632	1048	445	12265	1864	249	907	961	8058	1007	127	1863	168	3654	947
MSTRG.1811	788	1481	88	679	1920	719	3190	42	2051	4397	573	2136	215	1263	2499
MSTRG.1812	1027	1786	1553	142	1234	280	989	2813	220	1283	435	1272	2944	197	958
MSTRG.1813	628	432	28	342	21	256	487	159	752	26	789	335	5	797	21
MSTRG.1814	1132	1730	428	9082	4062	1278	1752	141	33978	3973	621	2178	131	4672	4846
MSTRG.1815	2485	4592	399	2822	15	1469	5447	266	2827	44	1575	6361	364	1957	231
MSTRG.1816	5294	855	1287	83	1826	88	487	69	64	1729	80	380	1573	96	1623
MSTRG.1817	1023	129	72	325	13	349	156	31	1537	52	723	109	71	578	25
MSTRG.1818	2845	63	0	1188	0	2027	58	0	1378	53	1418	16	0	755	104
MSTRG.1819	7695	5583	15515	677	519	16258	5506	9408	590	760	5042	4406	8266	621	542
MSTRG.182	191	27648	674	5734	391	212	12629	100	5223	643	138	33247	363	2588	197
MSTRG.1820	2799	18	14088	0	4638	2013	23	5103	0	7780	931	7	13690	0	3830
MSTRG.1821	1349	0	1264	613	5897	507	0	1524	319	10315	805	0	1275	1016	4384
MSTRG.1822	311	214	4637	248	11200	34	32	1001	142	5002	252	91	2534	106	3438
MSTRG.1823	14	647	1895	59	624	556	498	628	119	706	51	112	2053	5	902
MSTRG.1824	98589	79	336	1654	261	11019	144	1329	2084	371	110472	73	591	1274	286
MSTRG.1825	1339	29	3865	1568	14	1361	33	1488	3978	45	4780	11	3251	1379	0
MSTRG.1826	1171	516	2712	522	422	775	391	4042	420	1094	1133	303	3690	246	340
MSTRG.1827	1988	4853	414	209	1215	2626	1067	288	172	3858	1608	1788	375	214	2582
MSTRG.1828	1689	143	17762	3475	30	1229	289	110604	4406	6	851	282	12793	1952	52
MSTRG.1829	601	2968	836	5936	52	501	3023	1393	7621	539	219	3817	941	2468	83
MSTRG.183	6046	244	287	588	3	2776	217	204	1112	3	2975	252	176	652	152
MSTRG.1830	2474	7	788	2368	200	1762	4	1822	4158	457	2352	4	1401	2179	5147
MSTRG.1831	5434	1496	1117	1420	141	4342	787	1548	3607	164	4964	1058	1343	4347	211
MSTRG.1832	791	29	7	455	125	381	14	8	390	159	46	23	13	933	151
MSTRG.1833	9	6594	2256	87784	842	70	4256	2369	16264	350	9	5662	3525	59153	1336
MSTRG.1834	130	570	106	370	0	124	239	384	155	0	46	703	85	217	0
MSTRG.1835	55	2117	20312	3020	13140	69	2073	12857	1485	26100	28	1744	17161	1715	5984
MSTRG.1836	5394	0	43	4267	11623	3551	68	176	2735	7052	2218	79	27	4100	12423
MSTRG.1837	0	588	415	7456	1102	0	782	1170	2057	1304	0	690	698	2787	1126
MSTRG.1838	229	5690	252	656	5833	473	6141	192	197	3589	69	5344	0	858	1467
MSTRG.1839	144	7626	113	326	1690	147	9325	0	255	810	30	5623	0	232	1970
MSTRG.184	384	477	524	353	100	219	228	383	163	68	349	474	518	250	633
MSTRG.1840	717	8429	243	173	341	233	4880	335	2	1566	289	3333	904	26	442
MSTRG.1841	4425	889	971	40	3220	1182	730	670	32	6901	1333	420	1119	41	2845
MSTRG.1842	3406	325	264	324	2215	3863	565	643	11	4250	3790	295	509	242	2008
MSTRG.1843	1218	24	749	25128	278	1006	175	441	34956	212	772	0	1001	13399	404
MSTRG.1844	35	516	1375	4607	16122	27	1327	485	6862	82035	23	344	1202	3415	14231
MSTRG.1845	20	1702	475	2773	1439	2	3061	998	16366	3029	4	2946	725	4600	1477
MSTRG.1846	6746	15	1358	70	662	3865	198	292	148	1370	5193	16	690	22	1189
MSTRG.1847	387	702	13	3	1947	191	80	152	10	3900	680	689	88	2	2485
MSTRG.1848	2430	189	4312	18	74	1946	259	4224	141	200	1633	284	4175	52	91
MSTRG.1849	16	95	526	1	17807	10	243	19	1	14011	7	212	696	6	13176
MSTRG.185	33593	187	1	343	2915	12194	1231	1	67	3718	42357	527	11	290	1343
MSTRG.1850	0	1396	93	184	63	73	409	17	0	104	65	2338	153	0	43
MSTRG.1851	739	0	750	107	354	697	0	222	0	1216	627	0	683	0	413
MSTRG.1852	6179	15930	2494	1	343	6467	9127	2044	1	806	4384	10340	4476	2	217
MSTRG.1853	1181	13332	1009	90	316	1272	8559	1831	9	180	995	19356	910	229	2
MSTRG.1854	8461	1110	301	68	90	8148	1372	440	0	2	3584	1041	531	0	0
MSTRG.1855	8397	2174	1	5987	243	3398	2252	0	3911	234	2166	1096	0	3826	832
MSTRG.1856	532	2059	34	18333	1699	630	1113	100	24605	535	356	2337	146	13340	510
MSTRG.1857	409	465	10	6	146	477	1157	12	4	409	265	589	4	24	424
MSTRG.1858	6	4206	3584	97	670	99	1752	12260	158	465	0	3711	1887	11	806
MSTRG.1859	438	2727	1833	1	1077	970	4774	36	142	731	385	2973	364	31	1158
MSTRG.186	255	2583	277	3798	526	139	1971	348	6400	904	196	2401	36	2088	644
MSTRG.1860	1750	295	51	89	402	3189	443	5	79	926	1937	414	46	72	800
MSTRG.1861	155	21186	352	295	1360	232	86516	70	489	715	26	17299	189	418	606
MSTRG.1862	297	1466	185	890	0	256	2959	153	623	135	190	1957	347	811	92
MSTRG.1863	215	537	2701	293	0	213	1555	1216	217	47	189	1291	2536	14	0
MSTRG.1864	91	4	5964	2352	3897	191	1	6568	5926	5579	114	8	9902	2178	2912
MSTRG.1865	1945	2301	986	42	369	298	2763	762	1	44	3072	2659	985	0	1014
MSTRG.1866	0	81	989	0	71	0	550	868	0	57	0	117	608	0	83
MSTRG.1867	11666	12816	1550	432	286	15137	13386	1297	184	203	7485	12547	920	117	403
MSTRG.1868	20043	46	11589	5483	2209	7148	101	4632	4853	4261	19218	75	9205	22548	2665
MSTRG.1869	1431	566	1374	17966	973	1300	932	1326	24203	1278	703	673	1796	16384	373
MSTRG.187	476	738	4656	284	375	397	1274	2872	444	333	303	1048	4013	1420	273
MSTRG.1870	2854	31	2	242	7	1691	166	17	419	24	827	104	22	476	10
MSTRG.1871	2031	380	609	17	253	927	378	949	679	247	2849	0	1199	125	323
MSTRG.1872	487	207	9145	1189	9	1203	4	11412	1796	16	313	1	6470	1077	35
MSTRG.1873	4061	205	2710	916	2	2302	198	2743	1371	2	1825	868	3000	980	2
MSTRG.1874	3323	366	144	1353	2834	4257	711	0	2169	9868	2065	257	0	1749	1384
MSTRG.1875	796	471	127	505	1602	908	743	76	643	402	512	651	89	202	324
MSTRG.1876	29065	495	1259	4009	129	82996	484	2454	2992	370	12032	620	1661	3606	220
MSTRG.1877	2260	1553	835	929	2006	2508	1666	746	577	1775	1518	1473	1213	447	2192
MSTRG.1878	642	415	0	501	4156	1447	879	0	792	2691	792	1094	0	891	3605
MSTRG.1879	6	1191	1040	1470	1164	9	562	503	901	2897	44	587	367	695	1701
MSTRG.188	622	21	341	95	338	632	6	359	57	106	234	49	428	59	211
MSTRG.1880	3013	25	711	383	1681	3664	198	379	618	2234	2423	79	284	278	862
MSTRG.1881	97	4933	216	1041	1156	270	4927	419	271	1633	56	4981	73	569	764
MSTRG.1882	11300	537	3501	16913	3877	6363	196	4734	26369	11639	6424	1006	3275	15326	1949
MSTRG.1883	14757	240	314	998	741	21553	38	379	968	2006	20181	225	295	901	965
MSTRG.1884	381	1174	2151	737	97	477	286	878	205	157	271	1100	1388	839	161
MSTRG.1885	37	5590	283	154	356	23	5752	423	96	641	0	5312	143	161	552
MSTRG.1886	438	1184	3033	125	7554	334	1178	3729	97	19385	943	825	2232	109	4952
MSTRG.1887	310	250	5128	478	2147	76	183	3861	178	2478	63	326	2989	158	1962
MSTRG.1888	17375	26	2302	0	308	12453	187	4652	21	50	11743	221	2783	1	130
MSTRG.1889	127	54	875	1800	1155	96	53	2637	1104	1233	115	56	4738	713	569
MSTRG.189	2620	292	21656	1452	2505	2426	112	6978	1368	5301	1990	260	28817	1943	1657
MSTRG.1890	740	2457	335	9860	588	1109	8240	252	7310	635	389	2155	915	10383	642
MSTRG.1891	57	837	101	330	1	96	278	60	156	0	114	71	347	343	0
MSTRG.1892	292	175	86497	7591	748	263	89	3418	4543	519	0	90	157886	22889	1002
MSTRG.1893	218	205	347	7202	182	5	265	116	22439	185	0	307	529	9717	112
MSTRG.1894	147	3163	2288	31	88	192	1477	970	3	241	827	2422	2770	1	36
MSTRG.1895	663	6554	3328	1640	1398	888	6276	2407	2717	1740	521	7513	3988	1193	1233
MSTRG.1896	377	1022	5733	41153	1384	702	600	2325	2254	2738	519	621	3998	13443	1107
MSTRG.1897	559	1112	652	401	343	408	826	804	295	568	478	618	872	371	235
MSTRG.1898	1658	1976	262	713	1058	1322	1631	76	473	607	1003	1378	154	670	573
MSTRG.1899	490	10099	70	119	234	791	5898	6	45	125	844	3344	4	107	115
MSTRG.19	231	12	228	1441	202	59	9	79	1278	290	171	17	230	752	254
MSTRG.190	951	2938	208	23948	201	1347	3323	206	11331	449	1267	2368	197	8671	2091
MSTRG.1900	2354	1666	1	918	6328	788	2635	1	1078	9653	642	2259	15	826	3230
MSTRG.1901	25	5	1167	12	596	156	3	531	251	598	79	11	529	257	200
MSTRG.1902	5928	6455	4707	2689	2140	5190	8849	3501	1939	4324	4385	4399	4938	1778	2364
MSTRG.1903	767	2097	8404	756	1013	90	1964	9083	2213	3906	1263	2056	9955	1830	3084
MSTRG.1904	152	251	89	858	274	61	79	105	600	473	179	127	9	1577	1029
MSTRG.1905	755	245	14	209	11	341	1115	316	237	67	703	656	3	201	33
MSTRG.1906	2539	842	8	9969	87431	1814	936	12	3984	37232	2253	840	16	3277	114488
MSTRG.1907	386	1863	42	956	316	491	1391	32	1291	142	412	1298	6	544	412
MSTRG.1908	2	0	7870	6814	2580	0	0	20639	1051	2128	0	0	5490	1532	1650
MSTRG.1909	19	617	15044	235	3231	109	355	9361	73	3185	68	769	8183	185	3386
MSTRG.191	6	261	487	9437	800	1	922	312	6754	1699	34	1970	380	5021	3488
MSTRG.1910	74	504	27	124	4407	304	272	50	157	1742	13	182	2	545	4595
MSTRG.1911	17	82	68	418	482	6	187	121	356	335	13	53	9	436	617
MSTRG.1912	3010	2127	1	2936	257	8726	2167	1	543	304	1172	1673	1	1274	150
MSTRG.1913	845	1657	430	1	59	146	2369	33	1	56	4	1648	686	0	86
MSTRG.1914	156	237	1537	444	36	77	374	775	1101	19	86	245	827	374	102
MSTRG.1915	190	0	281	0	1001	309	34	776	0	791	180	0	526	0	339
MSTRG.1916	2448	1637	280	581	4299	1770	933	1119	778	4157	1457	953	910	894	4643
MSTRG.1917	60	9	84	23	11436	94	22	36	20	14687	95	23	33	320	9902
MSTRG.1918	7486	190	17	2621	52	6033	337	30	2562	126	5241	285	60	1744	27
MSTRG.1919	2392	4171	257	1165	14	1724	5885	41	1056	334	1150	2514	17	398	0
MSTRG.192	311	1536	407	291	17986	104	1914	183	679	10680	151	3410	224	727	8792
MSTRG.1920	1360	5486	2241	7	13	1650	3376	8658	170	11	932	2569	2373	9	7
MSTRG.1921	131	1909	23	2382	31	167	3667	1	1775	72	189	2615	1	2354	62
MSTRG.1922	508	1054	0	25	33	819	2813	0	76	0	701	5003	0	12	20
MSTRG.1923	77	19	177	7	7631	1	8	77	2	6475	3	106	41	384	6168
MSTRG.1924	8796	674	150	61	5928	9781	587	129	442	18581	4277	1933	0	0	9393
MSTRG.1925	3001	82709	4426	622	267	2957	29638	2606	233	200	2488	102076	3377	377	355
MSTRG.1926	134	322	17529	3497	874	47	188	28037	2203	1146	117	240	19605	1799	565
MSTRG.1927	454	1689	461	222	91	894	993	265	979	557	563	1582	559	312	651
MSTRG.1928	1282	3689	26	255	106	1234	2679	579	35	39	896	4631	66	271	46
MSTRG.1929	1281	0	969	352	138	1046	1	1105	172	665	1092	1	1126	165	248
MSTRG.193	3271	18813	4040	0	7597	4521	11996	2729	3	8942	1649	11242	4734	0	6052
MSTRG.1930	1302	7931	749	227	0	827	2785	1225	133	0	443	5638	934	97	1
MSTRG.1931	732	457	2103	469	680	401	441	3138	0	820	835	694	2154	223	1022
MSTRG.1932	734	339	423	0	122	463	141	635	0	200	145	322	386	0	25
MSTRG.1933	414	400	3968	470	2243	510	939	2062	540	3214	45	549	5206	346	1220
MSTRG.1934	2427	26	902	207	26	1965	21	786	0	1	1252	64	603	204	0
MSTRG.1935	2139	1215	461	0	0	2478	767	651	0	0	1289	512	1258	0	0
MSTRG.1936	286	6094	1717	427	4192	365	4370	1240	239	4720	218	6000	1062	370	6545
MSTRG.1937	1492	14301	425	137	11537	712	17054	1019	6613	25783	970	14995	464	597	23593
MSTRG.1938	339	26	855	98	400	274	20	556	85	259	129	63	618	84	372
MSTRG.1939	4064	30	17296	0	26	4551	251	18215	4	777	1544	9	18871	5	91
MSTRG.194	72	5075	391	675	587	615	6574	144	577	584	2045	4280	303	590	648
MSTRG.1940	550	43	1053	481	764	973	73	1249	493	2124	492	91	1106	223	615
MSTRG.1941	2546	64	613	174	558	3041	54	211	143	1061	2044	0	782	253	684
MSTRG.1942	1394	136	167	2844	1641	2834	2	60	1757	2124	4242	54	298	2690	1525
MSTRG.1943	109998	10741	449	522	405	21723	10244	597	156	383	73053	8139	322	192	288
MSTRG.1944	243	10715	0	23	402	129	18033	31	34	292	117	14844	0	79	508
MSTRG.1945	2339	76	1229	0	3288	1219	130	790	0	2960	1429	183	1150	0	3265
MSTRG.1946	4037	62	6016	1578	821	2774	547	4503	1650	514	4207	47	8797	2231	678
MSTRG.1947	7705	461	375	388	338	2714	129	184	35	630	5812	261	608	31	1133
MSTRG.1948	908	770	8233	217	1706	488	453	7351	12	2114	1041	224	25525	15	1067
MSTRG.1949	324	275	9955	92	1301	82	233	10943	75	214	109	275	14695	183	360
MSTRG.195	161	418	10	2088	97	74	1208	0	489	644	79	759	0	612	308
MSTRG.1950	25	213	39	763	15181	21	47	4	963	23042	16	43	2	243	13692
MSTRG.1951	5520	303	2514	411	827	3481	421	3947	464	1109	4183	471	4376	628	723
MSTRG.1952	6676	764	22350	3809	663	4641	1180	3494	2972	216	8395	934	17475	3043	851
MSTRG.1953	138	1105	271	595	191	47	218	255	455	170	12	139	423	247	207
MSTRG.1954	10	2982	675	128	1	293	2117	273	5	18	1	2904	435	8	0
MSTRG.1955	20	52	308	1428	1457	35	0	100	601	1324	11	1	269	1371	782
MSTRG.1956	18	0	879	131	6721	5	0	1490	76	6072	19	0	1082	61	8065
MSTRG.1957	82	168	17	114	349	118	317	226	56	206	117	117	244	95	441
MSTRG.1958	2603	9026	2586	2855	4795	2429	3223	2369	2406	10072	3115	4986	2584	2111	13408
MSTRG.1959	9909	27852	5	40	11736	7120	40186	69	800	17555	10353	34466	160	595	11454
MSTRG.196	1315	224	312	694	868	846	978	121	626	611	833	318	687	146	703
MSTRG.1960	446	346	1443	315	1059	512	358	3694	134	2779	550	386	2057	308	970
MSTRG.1961	1104	11	2988	288	15741	919	542	1151	41	7101	572	78	0	25	14728
MSTRG.1962	654	919	403	4963	330	215	1092	253	1973	402	163	1148	2329	1779	307
MSTRG.1963	5308	1260	6454	17896	442	2879	1367	2671	6220	238	2089	1162	3519	10283	372
MSTRG.1964	49	60	1099	161	265	1	30	1413	87	171	0	75	694	131	305
MSTRG.1965	0	2044	5671	35	969	0	3590	282	0	1104	0	2067	6480	3	798
MSTRG.1966	5564	412	282	30	22	4252	459	151	105	42	4438	319	321	288	215
MSTRG.1967	7950	300	137	669	18	12788	550	306	631	1	6674	238	762	157	32
MSTRG.1968	10952	2617	546	13295	2611	9344	2314	560	8743	2796	10721	3900	465	7884	2429
MSTRG.1969	396	699	2471	9663	1481	326	429	530	17302	2603	412	432	2252	7970	1306
MSTRG.197	119	660	2752	4843	375	1	628	3142	2195	157	58	587	2591	4215	67
MSTRG.1970	18	381	1	3	917	607	860	0	0	1172	63	1137	10	20	619
MSTRG.1971	1106	1710	474	14	220	1519	1470	786	103	205	1023	994	537	27	112
MSTRG.1972	1272	428	0	263	6878	1435	854	0	592	3149	827	405	0	352	2457
MSTRG.1973	81	1365	468	80	39	35	86	856	16	32	81	976	834	298	41
MSTRG.1974	2254	778	63	116	1000	2630	269	53	35	1042	1231	649	871	35	587
MSTRG.1975	768	222	2869	668	5837	532	152	3620	912	1812	291	278	2004	804	3466
MSTRG.1976	464	564	505	4869	218	482	307	123	5288	163	127	274	831	7630	144
MSTRG.1977	3536	1	11	27	16	2249	30	131	42	0	3717	2	12	65	0
MSTRG.1978	1455	1361	2567	3452	98	435	1277	2816	10608	161	272	846	2843	5926	379
MSTRG.1979	530	5702	1126	4690	379	752	5081	1199	3360	393	934	9616	82	3294	388
MSTRG.198	24142	3924	351	5282	815	11376	587	349	4120	946	9482	97	2027	5646	201
MSTRG.1980	2184	218	32	1139	2045	1648	258	52	165	784	949	270	18	976	1132
MSTRG.1981	0	10576	2	102	1	3	11982	1	157	5	0	19678	355	145	0
MSTRG.1982	479	3483	1	599	469	1038	7201	9	606	858	311	4846	189	756	430
MSTRG.1983	1435	54	115	40	0	150	6	646	17	0	916	0	6	3	0
MSTRG.1984	21512	6615	1715	1121	522	8884	2794	463	1575	788	7299	1701	1464	1435	651
MSTRG.1985	1475	16930	1990	842	31	1262	6653	1161	2486	116	793	16343	1502	940	591
MSTRG.1986	890	313	594	437	2093	280	343	1845	532	2774	672	371	685	671	1570
MSTRG.1987	111	841	241	2749	252	82	338	132	1150	68	114	434	274	1599	570
MSTRG.1988	699	224	532	1	8	358	126	605	0	88	205	219	336	4	7
MSTRG.1989	1	758	30	3	1999	20	1080	151	0	1690	3	864	15	0	1756
MSTRG.199	5046	21	5	261	482	4828	7	14	217	798	2707	17	12	262	172
MSTRG.1990	1488	20	456	1704	835	1123	44	0	2580	852	620	349	275	1041	31
MSTRG.1991	7442	1859	0	1287	25	5330	4054	0	427	63	8107	3179	0	691	32
MSTRG.1992	325	2008	487	955	103	201	2443	535	374	362	229	2110	525	1554	473
MSTRG.1993	10003	4081	199	2912	1641	10705	3184	0	1170	619	12473	2798	216	1612	720
MSTRG.1994	34989	244	19	107	1618	17094	324	1	15	706	17226	203	8	33	1470
MSTRG.1995	35	4433	57	1332	290	4	3478	14	1092	2004	1	3659	2	2057	384
MSTRG.1996	3839	36	346	1181	160	3605	15	178	793	47	1324	40	553	765	274
MSTRG.1997	21684	817	94	8041	497	4585	893	155	7050	285	11842	514	272	5612	202
MSTRG.1998	282	3457	110	2343	6	311	1881	76	4770	3	313	1145	98	2846	1
MSTRG.1999	761	408	11	650	419	398	293	15	596	0	458	357	12	778	219
MSTRG.2	6178	921	3052	610	863	6179	6512	1823	887	668	1700	1736	578	866	6597
MSTRG.20	1317	233	288	34	1021	887	72	231	0	798	597	294	276	344	665
MSTRG.200	443	31	96	937	5022	565	13	37	1076	3782	630	8	87	581	6059
MSTRG.2000	321	172	347	157	0	148	376	413	151	0	168	743	408	210	0
MSTRG.2001	1334	609	67	327	342	1121	569	17	355	321	831	414	60	262	391
MSTRG.2002	16	2337	1812	409	119	96	606	1764	236	0	300	2021	3126	1047	134
MSTRG.2003	3990	0	125	368	6	2562	31	203	481	2	1958	4	205	419	17
MSTRG.2004	2262	781	389	217	223	3254	1221	123	468	235	1181	554	320	254	600
MSTRG.2005	24	0	16	559	121	59	0	16	884	6915	0	0	70	616	1341
MSTRG.2006	2857	742	0	2882	68	1968	810	0	5458	59	1637	1012	0	4354	77
MSTRG.2007	283	42	1369	626	11	308	40	1269	1224	8	164	806	2519	509	3
MSTRG.2008	5504	2729	0	209	490	3373	3590	11	127	455	2598	2385	0	115	306
MSTRG.2009	1443	516	226	3069	91	914	175	4	3541	109	460	847	61	1701	154
MSTRG.201	218	607	1312	487	3213	921	611	1087	292	5313	486	201	2646	356	3617
MSTRG.2010	2315	17	92	905	1871	1206	160	6	368	1567	254	9	533	713	2199
MSTRG.2011	228	2662	915	28	366	181	2778	1134	38	247	153	3081	39	8	253
MSTRG.2012	33	1296	641	12042	0	62	1121	447	6150	0	237	64	765	4551	0
MSTRG.2013	107	99	3377	179	690	290	367	3153	46	601	232	765	3356	93	1141
MSTRG.2014	673	1168	640	449	174	481	665	608	30	376	375	529	301	82	56
MSTRG.2015	1963	1342	127	161	191	894	1423	4	143	16	2326	1079	13	89	26
MSTRG.2016	67	780	233	2310	74	6	1376	640	1174	62	2	1020	691	2207	224
MSTRG.2017	756	179	85	6784	733	719	211	77	7780	804	289	272	31	2102	252
MSTRG.2018	0	629	87	5013	372	0	505	73	6351	477	0	359	92	1923	485
MSTRG.2019	869	384	6289	122551	3159	715	0	754	48776	4506	773	221	6505	12151	2108
MSTRG.202	834	4216	18554	54	129	542	4989	10794	50	485	474	7111	9898	45	608
MSTRG.2020	121	0	2932	125696	310	91	0	2604	30949	403	578	0	2999	5210	166
MSTRG.2021	3685	511	132	945	191	3321	518	634	1536	46	1895	462	913	736	65
MSTRG.2022	2313	320	456	2586	191	865	1	169	3214	365	1202	254	758	896	610
MSTRG.2023	25	0	220	2	109	168	0	78	60	52	14	0	282	1	52
MSTRG.2024	3897	92	789	447	119	2380	43	245	560	75	2443	0	413	519	100
MSTRG.2025	34	394	21856	161	5680	42	337	3250	1813	1970	1	582	23673	241	2830
MSTRG.2026	2	24	109	4673	2089	1	4903	118	5359	2121	284	766	350	2116	2174
MSTRG.2027	8	140	426	1296	88	2	86	742	382	270	76	168	988	292	515
MSTRG.2028	149	1	6151	2321	416	332	1	6522	1386	240	0	7	6404	404	1034
MSTRG.2029	854	433	107	1	343	379	592	76	2	201	448	338	172	13	477
MSTRG.203	984	6251	7030	85	427	236	6141	4385	112	662	176	6273	5476	22	361
MSTRG.2030	1626	66	4449	79	3	1147	37	9575	179	36	865	124	6135	103	73
MSTRG.2031	1052	50	3477	926	17	1852	21	1901	1062	102	841	76	2826	854	151
MSTRG.2032	306	2222	1087	1453	163	185	1325	127	2529	98	359	2707	909	1417	241
MSTRG.2033	834	202	41	332	15714	572	147	41	73	8931	564	271	45	296	27029
MSTRG.2034	0	614	102	20	367	0	394	73	495	204	13	354	53	32	256
MSTRG.2035	487	21	3795	0	1	0	26	623	0	0	194	39	1841	0	57
MSTRG.2036	0	0	79	351	24	0	0	1	142	94	0	0	12	379	51
MSTRG.2037	714	1095	1282	44	58	501	1412	1179	13	82	454	2937	1913	51	116
MSTRG.2038	173	86	1366	727	124	0	10	2960	273	28	127	39	1670	648	331
MSTRG.2039	0	8	98	2118	441	0	17	82	1867	454	0	16	212	1084	178
MSTRG.204	151	418	520	119	666	52	646	654	315	848	4	731	833	130	762
MSTRG.2040	7	0	2	394	403	18	9	1	205	228	29	25	5	239	350
MSTRG.2041	376	219	2281	1048	12550	328	27	623	743	13593	669	18	2796	674	10028
MSTRG.2042	23	76	20	176	3486	6009	141	12	47	7620	932	123	0	200	5449
MSTRG.2043	69	737	20	156	2493	33	1244	1	19	3258	44	90	9	62	2261
MSTRG.2044	527	626	271	4	139	454	857	18	4	890	200	711	226	2	372
MSTRG.2045	578	3495	71	235	699	40	3657	5	91	289	235	3813	79	212	1276
MSTRG.2046	206	566	3775	94	63	193	679	1012	28	132	249	255	4962	128	95
MSTRG.2047	2793	195	1291	1427	2041	1837	16	828	966	846	3339	25	1119	1160	1279
MSTRG.2048	600	222	1344	2818	27	230	711	1026	2583	8	271	701	2037	2146	7
MSTRG.2049	114	29	8191	1233	29	3	2	6653	1571	110	2	0	8364	961	17
MSTRG.205	2249	1133	208	0	4	617	1109	673	80	1	16	1054	364	1	3
MSTRG.2050	1227	191	3834	988	1129	628	128	6465	489	1262	1586	62	3400	1067	1692
MSTRG.2051	46	116	754	188	1058	0	89	796	150	2343	3	93	1138	19	1219
MSTRG.2052	375	2240	137	4441	105	12	2210	183	3850	117	35	2170	206	5058	251
MSTRG.2053	74	106	12	1386	5	83	450	23	2288	13	121	595	23	1166	5
MSTRG.2054	1063	347	357	2171	2186	1046	240	507	2959	1469	28	645	329	2456	1820
MSTRG.2055	959	578	825	166	3	610	386	761	596	3	662	599	2111	179	1
MSTRG.2056	5005	3660	261	1053	2298	3456	1963	823	4894	1673	2946	1794	361	510	1856
MSTRG.2057	889	5	645	34	60	552	49	1687	26	79	239	73	752	7	34
MSTRG.2058	109	29	3474	99	1277	22	134	3274	1003	801	2	190	4782	379	324
MSTRG.2059	802	21	910	0	1070	806	1	1185	0	832	1255	8	624	266	884
MSTRG.206	701	719	1040	10306	124	522	941	571	10427	165	213	968	759	6410	119
MSTRG.2060	59	175	195	97	1507	9	139	155	91	1927	0	200	168	113	1505
MSTRG.2061	157	24763	1	3589	3586	93	12077	55	2018	4025	53	21899	0	2694	3134
MSTRG.2062	3084	663	4251	2599	593	2061	618	3140	11628	569	2168	569	4146	2746	932
MSTRG.2063	101	276	1206	949	94	407	77	291	1463	227	442	309	593	1297	143
MSTRG.2064	937	34	113	3425	7	469	209	37	3902	30	487	313	5	3192	30
MSTRG.2065	5784	251	9814	1459	287	1999	244	2178	1798	217	1249	152	4575	1761	273
MSTRG.2066	7	822	26	89	833	31	1045	3	166	1204	47	870	27	177	2184
MSTRG.2067	70	17007	167	337	411	129	20690	22	222	1007	124	15936	111	2086	631
MSTRG.2068	31446	4744	280	3026	2770	9653	11081	32	4151	4310	25689	6820	159	2490	3120
MSTRG.2069	1421	32	112	1242	836	598	8	66	861	1175	561	98	78	355	628
MSTRG.207	4266	108	536	23	3	3857	74	294	26	58	7324	83	164	87	2
MSTRG.2070	80	3498	1974	5957	189	114	1633	1433	6859	75	255	2886	2621	7227	131
MSTRG.2071	109	40	969	311	3273	84	10	823	719	3959	91	0	1019	515	2456
MSTRG.2072	27	636	6	5060	909	6	227	101	5203	405	5	837	5	3418	156
MSTRG.2073	35	23	3367	634	2014	105	38	2563	120	2808	172	49	2125	582	1371
MSTRG.2074	4459	104	91067	1316	19	5577	101	3324	532	3	3445	93	52445	1377	7
MSTRG.2075	854	4946	84645	70	107	1009	1276	725	22	73	900	1659	23672	31	73
MSTRG.2076	6670	56	78	0	1362	8869	6	0	0	1896	4164	18	0	0	1034
MSTRG.2077	3381	1071	942	807	1585	2245	1267	2143	723	1493	2027	1180	1120	1117	1907
MSTRG.2078	1470	68	1440	1330	4224	226	37	1640	3298	7039	1252	47	610	1598	1770
MSTRG.2079	192	228	2061	569	3484	105	300	1632	828	4691	119	290	1150	654	2231
MSTRG.208	4539	65	14	15	8402	6513	61	14	27	8893	4463	32	7	160	4679
MSTRG.2080	834	767	119	5545	98475	751	2897	119	4323	107687	768	892	74	2357	35672
MSTRG.2081	2124	412	494	18713	116285	518	627	977	14806	58563	332	779	555	16180	5896
MSTRG.2082	61	151	51	192	19	5	133	4788	6	2	14	138	62	127	25
MSTRG.2083	143	1948	3618	834	153	83	1199	3340	407	281	59	2306	3349	314	208
MSTRG.2084	481	18	1894	628	1832	228	1	389	650	2864	380	1	889	783	1211
MSTRG.2085	1489	37	79	838	8	2608	2	145	705	74	1154	58	111	916	1
MSTRG.2086	97	339	1435	5198	306	62	104	1675	1628	551	187	296	810	3307	431
MSTRG.2087	2118	2361	1111	7689	29	1275	1338	3311	7967	1656	1642	1772	674	2077	80
MSTRG.2088	1	191	324	7780	2603	2	29	79	5338	5309	1	69	397	7280	2433
MSTRG.2089	8	1772	17	4141	2010	0	548	701	2603	2565	54	396	11	3736	976
MSTRG.209	117	116	16	4408	2779	7	47	2	1559	3264	4	93	14	898	766
MSTRG.2090	2299	917	0	1	379	2567	1082	0	1	201	1047	744	0	1	167
MSTRG.2091	1426	2965	493	120	6151	457	7861	130	60	2740	833	2997	463	99	2360
MSTRG.2092	8486	708	110	1659	662	408	949	83	1558	1642	667	1113	74	974	1540
MSTRG.2093	517	99	880	213	216	126	380	303	149	199	164	228	889	165	456
MSTRG.2094	3	463	2989	474	11	0	533	1106	381	351	23	275	1061	351	18
MSTRG.2095	142	457	766	635	0	31	294	1313	761	0	42	1957	1163	1052	0
MSTRG.2096	1992	752	180	384	253	1181	1520	8	157	175	1391	980	216	356	418
MSTRG.2097	1510	651	51	1069	853	929	1499	1	576	135	836	792	34	810	707
MSTRG.2098	1614	4378	229	3667	5605	1195	4267	52	1574	4026	1913	4939	243	4174	2935
MSTRG.2099	8873	977	117	4605	3	7864	1414	68	3500	46	3682	679	156	4336	124
MSTRG.21	0	522	1238	673	45	0	578	680	147	0	0	549	607	99	136
MSTRG.210	1546	186	1606	630	995	923	388	176	839	750	592	174	56	917	1001
MSTRG.2100	2847	6290	1117	1243	344	4998	5443	519	867	31	1687	3611	1150	973	70
MSTRG.2101	947	1603	3238	8686	825	722	348	1933	10924	913	798	527	3730	10922	855
MSTRG.2102	131	5449	1262	4645	125	271	9137	1007	2780	24	267	5445	1473	7547	237
MSTRG.2103	523	4	1016	2890	58	490	7	805	3235	2	219	60	1362	1857	19
MSTRG.2104	796	134	264	0	162	417	59	240	5	94	2699	137	34	13	131
MSTRG.2105	358	0	3887	149	101	414	0	2469	450	31	314	0	5866	276	122
MSTRG.2106	300	109	1455	2549	844	675	61	1866	4247	1115	304	88	1609	1910	1072
MSTRG.2107	704	2255	28	1983	3165	1371	1440	27	6142	2216	847	3113	65	4451	3042
MSTRG.2108	4992	4	2272	3101	133	4217	5	4546	4468	179	4089	1	3035	2934	51
MSTRG.2109	978	997	321	769	358	1389	930	824	1492	224	543	1309	215	572	373
MSTRG.211	843	1	592	1578	1670	1115	64	473	850	1157	453	2	206	395	536
MSTRG.2110	227	2843	697	718	844	143	3064	5559	848	450	171	1970	810	554	1113
MSTRG.2111	6908	63142	74	704	213	3044	58851	35	541	175	5507	7105	50	831	18
MSTRG.2112	1415	70623	113	177	2987	368	29271	1059	300	3180	359	3408	587	350	2881
MSTRG.2113	66	1039	17	353	1163	37	2330	85	196	1474	4	931	14	74	1255
MSTRG.2114	920	745	1	2826	1877	1118	1172	0	3123	2256	400	749	34	1770	2317
MSTRG.2115	151	637	105	820	177	34	626	172	1128	920	129	558	172	977	221
MSTRG.2116	1226	121	3171	1815	791	1817	1575	1301	1605	4987	980	424	2935	2511	533
MSTRG.2117	2983	3643	2889	21394	26	1936	4124	6208	8270	179	2892	3612	2838	17351	48
MSTRG.2118	1355	264	12462	24	81	1102	186	7834	9	646	1012	143	7961	48	399
MSTRG.2119	2550	650	8270	335	1	2917	556	20508	714	0	911	368	11570	276	14
MSTRG.212	85	9686	5301	342	0	32	7762	1370	3581	0	18	5612	9013	449	33
MSTRG.2120	3139	138	10	161	47	3076	169	426	183	20	1307	117	35	2	209
MSTRG.2121	58843	1563	362	1103	2920	51066	2096	36	2103	2006	406	752	299	324	2046
MSTRG.2122	59410	3513	198	278	3026	24347	1875	124	343	5072	181	1256	483	181	1959
MSTRG.2123	1140	2707	219	0	4874	950	779	296	0	23962	482	836	378	0	3720
MSTRG.2124	3	790	100	865	5140	93	1769	76	2	9986	1	1147	73	3446	8945
MSTRG.2125	181	388	1558	39	22	87	161	1359	22	15	37	388	1684	17	1
MSTRG.2126	68	26	3	1571	31	18	724	19	1101	94	27	8	11	1081	58
MSTRG.2127	705	0	3449	553	1	778	0	4870	56	1	458	0	4919	113	1
MSTRG.2128	811	680	233	235	424	2174	284	134	48	219	319	733	336	104	261
MSTRG.2129	5977	212	985	3086	1116	4828	79	730	1236	541	3033	90	1045	1892	686
MSTRG.213	1130	1042	4561	2979	40	988	428	4183	4505	450	967	309	5493	1775	29
MSTRG.2130	749	758	198	33411	1036	535	137	103	25244	1401	125	673	200	21186	1417
MSTRG.2131	64	3317	383	2892	2836	47	2254	100	3727	2995	58	1215	581	2606	3403
MSTRG.2132	146	251	4813	1	1	127	116	3658	0	0	51	64	3066	0	0
MSTRG.2133	1360	1261	835	1128	1063	1264	1853	616	614	1840	373	1479	357	840	745
MSTRG.2134	7004	253	13213	3285	91	2384	28	8379	3106	86	1051	268	16833	2178	189
MSTRG.2135	1286	225	385	2802	292	1858	44	652	2905	609	709	49	415	1640	1180
MSTRG.2136	252	363	4215	2668	8158	156	207	4332	2875	9573	531	216	4568	2591	5995
MSTRG.2137	71	63	702	76	1006	505	38	202	42	639	32	118	1213	74	272
MSTRG.2138	0	2260	1494	80	5825	0	969	1103	42	5831	0	2190	1817	81	8898
MSTRG.2139	750	2523	62	387	16	290	2592	18	298	57	897	2094	71	324	26
MSTRG.214	92	598	223	7645	718	77	535	901	6289	1963	57	327	520	11750	1014
MSTRG.2140	119	729	0	93	343	83	1205	0	120	467	53	972	0	61	1195
MSTRG.2141	881	1318	1002	362	1227	189	1136	829	520	679	501	1984	1270	215	1007
MSTRG.2142	4474	217	1239	141	1	2387	288	2948	10	0	7468	28	1543	60	6
MSTRG.2143	30	4749	772	705	48	1	2750	1009	567	50	1	6058	799	966	74
MSTRG.2144	455	657	493	435	0	138	2053	596	344	0	96	1465	472	433	0
MSTRG.2145	1201	30	17525	120	724	1402	75	6192	18	711	957	50	15590	360	1028
MSTRG.2146	214	2239	830	23	826	35	2788	243	44	2529	441	3671	684	67	958
MSTRG.2147	86	914	710	57	537	4	709	692	16	709	27	333	1054	33	654
MSTRG.2148	185	770	819	2437	4637	240	2761	930	3301	3859	104	600	1445	1366	2789
MSTRG.2149	76	376	4994	107	41	33	579	1662	386	503	86	447	3451	151	265
MSTRG.215	163	430	921	6	3	347	1330	1088	5	2	131	879	723	251	75
MSTRG.2150	2521	129	6198	246	13923	1219	1138	4127	161	9493	2985	584	3931	121	10899
MSTRG.2151	2323	1	6084	3842	601	1975	1	4197	25482	316	1228	222	6840	4985	585
MSTRG.2152	1074	141	4356	556	568	1029	29	3711	154	444	1035	169	5328	753	901
MSTRG.2153	998	3099	125	4	748	587	1569	44	16	674	994	2868	104	39	1149
MSTRG.2154	223	2831	1180	0	3941	280	7944	922	0	1667	18	2797	1040	0	2301
MSTRG.2155	6560	6940	362	935	5520	3184	31808	141	3831	7421	5345	5972	343	1213	3008
MSTRG.2156	1548	7594	277	0	7595	1517	9403	409	0	6280	1180	9765	596	0	6287
MSTRG.2157	17	20	357	0	3015	31	65	114	0	911	60	49	354	0	3122
MSTRG.2158	4348	1	38	0	242	3075	1	71	0	110	3291	1	81	0	126
MSTRG.2159	1058	1	675	353	1048	763	1	724	2727	1796	341	1	1158	545	708
MSTRG.216	3	64	452	122	6	49	107	400	379	14	0	33	678	286	82
MSTRG.2160	119	645	4243	631	165	0	364	1077	1272	68	0	541	2840	191	358
MSTRG.2161	2343	422	3903	86	381	3846	602	1828	24	411	456	290	5189	3	355
MSTRG.2162	117	67505	1607	7	0	92	64679	962	38	0	88	78779	1488	624	14
MSTRG.2163	119	19243	7271	3122	419	914	12491	7200	4180	1123	343	15810	13284	1024	691
MSTRG.2164	0	1	3298	6378	244	0	1	2156	8554	296	7	1	2158	5172	225
MSTRG.2165	78	1800	2139	0	727	47	2534	3653	0	811	77	1158	1450	612	703
MSTRG.2166	3726	284	37	0	3134	1559	299	270	0	2394	2286	190	370	212	2809
MSTRG.2167	3024	1	2089	481	3779	7086	0	2351	480	7242	1133	1	1990	810	4726
MSTRG.2168	8605	446	1980	24	989	22479	466	5648	306	876	5520	371	5189	10	1000
MSTRG.2169	9101	1	3365	6088	3	9503	57	5098	6419	15	8954	1	5721	3879	5
MSTRG.217	11406	245	85	195	2369	9200	129	55	965	4356	3763	203	57	399	1603
MSTRG.2170	78	7539	732	4073	8061	8	1885	1268	3951	11411	2	6882	581	2686	11227
MSTRG.2171	249	811	775	732	964	129	642	737	497	970	94	608	1424	622	1032
MSTRG.2172	1	36	223	1055	2300	1	33	379	460	3950	1	37	306	1508	2345
MSTRG.2173	417	985	309	121	2162	243	530	65	171	3464	533	1470	473	40	2062
MSTRG.2174	994	51	2322	1671	25	668	42	2144	2620	275	409	98	1768	1386	175
MSTRG.2175	1516	129	1083	859	1838	2115	202	1135	660	4288	1142	268	1507	917	1051
MSTRG.2176	5473	1640	2281	65	1704	3533	1932	3748	11	6325	5091	1183	4480	147	3267
MSTRG.2177	206	5411	22393	7013	3465	122	3043	6828	3052	5613	256	4485	21200	2901	5442
MSTRG.2178	729	29	76	1474	328	988	83	29	3928	883	928	26	25	925	216
MSTRG.2179	106	1102	83	105	429	122	287	69	149	506	202	375	77	121	742
MSTRG.218	2149	4	151	539	5827	1068	5	378	516	9583	683	30	215	490	3973
MSTRG.2180	676	667	221	1052	168	335	1070	429	1363	247	137	711	240	814	290
MSTRG.2181	3294	3671	95	1831	127	4038	4190	71	2364	137	1539	2859	5	4420	268
MSTRG.2182	590	531	1297	1109	1875	459	595	1467	55	2430	274	418	375	129	1259
MSTRG.2183	8581	5847	338	1928	527	7343	8623	356	8655	636	8762	10064	123	1249	598
MSTRG.2184	450	341	0	653	420	720	942	0	0	509	431	612	0	34	521
MSTRG.2185	4853	3127	1983	113	1402	3980	4488	4	70	2886	2900	3669	2405	47	1277
MSTRG.2186	971	1109	37	8310	21439	668	756	26	3157	9976	1216	1367	13	2754	25079
MSTRG.2187	761	2293	1168	23701	33	1108	1379	993	47710	32	1114	1363	1402	22560	49
MSTRG.2188	84	116	772	365	310	51	77	99	0	645	151	128	337	125	200
MSTRG.2189	0	0	212	8	60	0	0	34	0	58	0	0	207	102	0
MSTRG.219	796	650	1	1615	5	792	1183	80	915	1	822	469	1	1877	243
MSTRG.2190	1150	570	2699	1863	1175	863	1013	694	648	1167	922	1240	935	1233	263
MSTRG.2191	2553	1915	33682	4362	221	2732	2247	25035	23126	145	1452	2147	28073	4561	157
MSTRG.2192	821	577	2986	9517	0	764	836	3015	11184	0	562	832	2742	9188	0
MSTRG.2193	4443	3294	1099	48	1398	2858	3149	829	22	0	1734	2870	978	0	1704
MSTRG.2194	135	16607	3228	297	159	4	8701	2520	78	207	2	15577	3492	238	173
MSTRG.2195	18760	135	2893	1255	273	9071	2	2725	1654	300	13485	103	2263	223	341
MSTRG.2196	192	661	77	888	667	1	708	19	935	460	58	1068	148	378	428
MSTRG.2197	105	414	2542	191	342	8	266	2370	196	104	59	466	2943	115	98
MSTRG.2198	563	841	104	446	2299	178	829	48	310	1964	227	1530	75	645	2939
MSTRG.2199	937	4300	61	3268	613	520	2347	19	1243	65	981	1578	108	9336	670
MSTRG.22	10287	258	0	171	379	10561	110	0	39	123	2779	365	0	59	71
MSTRG.220	793	6666	9273	2271	61	160	1505	7452	2517	141	116	3021	6812	2057	98
MSTRG.2200	773	8	397	0	28162	682	1	354	0	23513	819	8	332	0	20233
MSTRG.2201	3	3565	117	22	2428	6	3768	130	96	3049	19	1096	63	65	2838
MSTRG.2202	5863	5063	343	1188	1101	2834	7347	47	521	642	3921	5954	200	1002	873
MSTRG.2203	5	3258	350	927	2821	2	2302	437	277	2856	4	3684	374	773	2642
MSTRG.2204	2585	174	615	1256	2489	3789	74	565	2770	3817	343	117	939	1278	1745
MSTRG.2205	684	1538	400	12381	46	98	1227	453	2260	97	49	1135	475	3255	53
MSTRG.2206	2	254	29	102	2306	0	225	36	0	2724	0	251	16	0	2111
MSTRG.2207	4318	278	187	28	79	5832	311	28	96	39	4279	342	524	29	91
MSTRG.2208	5410	2794	15	1347	51	2059	9999	4	1844	60	3890	10939	47	1011	109
MSTRG.2209	243	666	2900	2	261	127	216	3164	151	306	84	387	1998	8	337
MSTRG.221	526	11	46	3397	173	627	2	64	4560	648	138	64	101	2739	460
MSTRG.2210	2125	68	62	2	72	1648	6	159	9	56	1114	16	387	1	29
MSTRG.2211	320	795	223	1088	317	143	752	220	1399	294	204	1211	187	1057	251
MSTRG.2212	693	6238	4738	14	280	1008	2554	42723	55	509	750	4705	2392	30	205
MSTRG.2213	487	5452	2340	876	101	190	2843	1137	55	12	282	6635	1342	869	133
MSTRG.2214	82	2651	0	184	752	82	1442	0	662	517	129	1751	0	216	767
MSTRG.2215	1269	47	1080	422	327	984	10	5528	1613	444	1091	21	1825	1860	603
MSTRG.2216	3647	1106	55	105	151	1837	1012	370	92	26	2246	1109	105	61	265
MSTRG.2217	7356	1830	0	649	24	6836	187	0	1550	9	7134	699	0	1106	7
MSTRG.2218	2504	7132	40	1495	20	1015	3516	415	1464	1	792	4138	10	977	23
MSTRG.2219	8	6777	0	5272	2296	22	4287	0	10052	3077	15	3179	0	4459	1340
MSTRG.222	450	3235	3463	887	548	807	5889	422	1262	475	143	2349	1927	1196	436
MSTRG.2220	10134	19	0	602	127	7836	289	0	1092	223	9131	310	0	177	133
MSTRG.2221	820	2706	1376	206	243	511	1873	5145	48	257	540	1935	742	166	268
MSTRG.2222	10180	29	74	298	2573	4791	234	37	242	31185	3268	21	3	43	3291
MSTRG.2223	6742	2151	76	1619	1660	5723	6405	39	1138	1390	2119	5358	2	872	809
MSTRG.2224	181	1762	6	14	75	234	5129	60	43	8	273	3847	628	12	3
MSTRG.2225	2783	791	968	776	0	3220	1236	1203	607	0	1637	502	871	812	0
MSTRG.2226	3039	763	5997	543	949	6568	2587	9192	3065	3116	4002	850	6471	855	1612
MSTRG.2227	3516	19	0	480	20	5792	28	0	458	6	3517	46	642	1028	5
MSTRG.2228	940	71	0	1	30	981	10	0	1	341	605	29	321	1	7
MSTRG.2229	1065	1023	464	260	0	500	718	259	1052	0	967	1331	986	397	0
MSTRG.223	3299	8037	1083	7	1658	2229	9287	961	455	755	4575	6189	828	32	1346
MSTRG.2230	316	281	27	56	0	342	453	359	27	0	277	442	7	16	0
MSTRG.2231	378	1234	4988	706	1230	283	240	5322	1605	3124	869	770	5146	387	524
MSTRG.2232	3024	2854	7737	361	173	2372	2038	7002	424	38	1708	2015	7680	87	3
MSTRG.2233	993	840	42	379	4	1136	1334	78	685	32	1006	1291	5	166	448
MSTRG.2234	4569	4545	459	1318	1299	7308	5852	434	836	2652	5415	6427	825	774	1434
MSTRG.2235	21753	18922	1070	0	2687	8359	11856	688	6	8631	18757	20288	1833	4	3439
MSTRG.2236	49	46	23	1167	0	45	70	10	676	0	29	39	15	1014	775
MSTRG.2237	327	310	2424	3607	339	857	766	2733	3809	326	314	378	2274	3856	963
MSTRG.2238	40	191	774	278	19	62	233	901	711	310	4	14	1088	372	8
MSTRG.2239	2098	1152	75	27	273	1215	1302	207	52	250	415	417	90	58	28
MSTRG.224	1	10	2078	41	442	1	6	180	72	927	15	299	492	51	610
MSTRG.2240	282	278	5879	187	5719	283	416	1669	296	5761	102	203	3094	131	3430
MSTRG.2241	0	0	30	964	4150	0	0	0	524	3798	0	0	0	795	2726
MSTRG.2242	1208	1281	1852	9	1341	9	11	5178	20	957	1283	3283	1316	35	1277
MSTRG.2243	49	0	98	230	122	13	0	81	224	118	21	0	87	190	39
MSTRG.2244	1280	950	1060	3027	1847	789	4282	986	3475	1948	994	1671	1144	2909	1711
MSTRG.2245	985	18	3483	741	852	151	6	4428	1145	638	774	3	3462	679	935
MSTRG.2246	260	45	1092	2042	71	57	358	30	1145	53	112	11	285	449	133
MSTRG.2247	2686	0	526	1828	5218	2142	0	461	1942	1954	1774	0	605	390	2052
MSTRG.2248	26911	0	1542	127	26	17019	0	8466	62	0	13889	0	1193	16	0
MSTRG.2249	2539	1812	854	0	1488	2812	4348	3	0	5078	1868	724	91	0	1150
MSTRG.225	8	143	601	42	1762	12	288	2579	9	900	68	337	155	12	2213
MSTRG.2250	1462	77	105	0	85	847	20	101	0	197	1206	4	82	0	68
MSTRG.2251	4039	3	6005	156	735	2735	27	1794	149	1208	2349	650	4268	113	870
MSTRG.2252	3358	122	31178	674	2953	3787	66	35794	777	2349	2084	92	25105	419	3968
MSTRG.2253	11	3440	408	523	1166	123	5719	1	676	51	13	1323	322	554	97
MSTRG.2254	50	22135	14	114	781	380	19625	0	300	909	63	16169	144	207	972
MSTRG.2255	2837	2130	2110	425	2177	2414	3327	1142	1049	7142	2560	2408	1527	399	1177
MSTRG.2256	66	971	19602	0	46	16	906	23985	0	71	64	1131	11181	0	63
MSTRG.2257	119	2885	8109	0	29	39	3238	10939	0	1	62	2601	9706	0	0
MSTRG.2258	574	2668	112	0	5775	323	3088	79	0	4447	345	2208	194	0	3783
MSTRG.2259	189	34	16	280	21102	123	108	57	634	37400	48	13	9	440	16419
MSTRG.226	3472	2443	1552	0	1916	5964	1893	968	8	3959	1775	2840	1436	9	1364
MSTRG.2260	157	192	1	7647	228	225	301	3	10686	3	367	135	1	6339	187
MSTRG.2261	494	2043	34	5	29	554	2353	69	2	0	440	3069	53	9	94
MSTRG.2262	817	80	34	1496	2765	591	32	16	2849	1688	408	73	9	4057	1873
MSTRG.2263	148	57	253	0	280	28	42	161	0	222	395	87	114	0	367
MSTRG.2264	195	524	1418	5	20695	22	340	491	5	24392	39	388	2169	94	11121
MSTRG.2265	84	0	385	0	3610	9	26	770	0	6418	16	1	2847	0	3465
MSTRG.2266	2980	151	44	18	2897	2970	77	94	347	9428	1238	72	46	19	2513
MSTRG.2267	75	681	4	0	0	199	227	2	0	6	117	446	3	0	1
MSTRG.2268	235	512	2	708	1	264	632	5	2218	6	163	449	2	72	2
MSTRG.2269	3285	937	116	17	12	38711	695	628	1563	58	1396	984	57	0	123
MSTRG.227	7050	106	8	120	1133	10858	43	1	80	835	2519	93	68	194	9453
MSTRG.2270	145	30	2	13	158	47	0	117	17	0	14	245	6	65	1
MSTRG.2271	1842	105	2	13103	1	856	23	1	16341	1	509	91	1	13404	1
MSTRG.2272	880	84	945	2411	57	784	21	967	6746	5	640	38	423	3199	199
MSTRG.2273	71	2556	279	6	707	7	3649	168	12	719	1	1715	278	16	399
MSTRG.2274	0	95	719	7902	226	0	330	663	8735	163	0	171	974	5551	185
MSTRG.2275	2315	160	2253	5176	11	4223	298	1419	2368	3	1238	174	1926	4117	0
MSTRG.2276	0	4533	0	73	249	0	32415	0	14	277	0	1666	0	147	673
MSTRG.2277	60	484	181	1140	1884	324	631	125	2786	2194	15	549	166	1141	2929
MSTRG.2278	0	8	31	1393	0	0	16	172	6035	0	0	36	123	1094	0
MSTRG.2279	0	6455	1079	129	16	0	8247	604	259	145	0	5917	1033	256	31
MSTRG.228	55	451	2518	327	126	109	1168	6993	43	226	118	750	2762	59	32
MSTRG.2280	1972	3459	1063	2569	792	3592	3569	465	1352	624	413	4944	1322	2186	1087
MSTRG.2281	317	78	1010	2913	772	60	63	1823	1319	426	3	24	1913	1856	938
MSTRG.2282	18	2332	10	270	1195	28	1357	5	327	2477	394	3433	11	240	1305
MSTRG.2283	2645	153	9877	3443	9343	1876	180	978	17792	1409	1443	41	5891	3240	4493
MSTRG.2284	7940	1474	53	2069	64	7371	2252	2	2851	7	5111	1604	2	2267	0
MSTRG.2285	0	624	88	0	112	0	832	44	0	52	153	930	45	0	10
MSTRG.2286	640	87	177	1771	101	365	269	82	1354	84	651	209	218	1315	257
MSTRG.2287	32	3756	921	1306	955	126	3049	694	1370	1276	2	2763	1684	2226	1059
MSTRG.2288	5950	7	2	979	0	2653	0	79	519	35	3244	0	0	1189	2
MSTRG.2289	9052	1721	1	184	130	4678	4780	9	49	388	5787	2174	0	166	229
MSTRG.229	383	945	5385	234	121	817	748	7984	114	66	526	1473	6149	197	169
MSTRG.2290	39	101	2152	10250	1611	15	57	1546	11386	1696	30	159	1597	9030	987
MSTRG.2291	79	1346	444	6	440	62	924	25	0	67	2	1488	750	0	393
MSTRG.2292	1301	1907	177	9	161	577	4564	277	7	255	1170	3590	373	6	177
MSTRG.2293	1870	557	482	98	320	877	133	1421	62	1575	2876	122	2332	75	1687
MSTRG.2294	165	2	82	841	73	125	2	97	504	78	48	27	69	355	22
MSTRG.2295	1856	2052	693	249	418	1957	7848	1919	567	1396	1262	1327	1121	397	935
MSTRG.2296	1020	119	1096	1837	1006	711	48	1309	7030	1553	744	99	849	1963	783
MSTRG.2297	57	21	5335	6725	4692	100	37	10831	7361	8874	108	2	4818	3647	3934
MSTRG.2298	4815	2109	719	3541	749	2310	2889	1409	12177	1154	1805	1787	178	12520	212
MSTRG.2299	60	5088	155	9469	219	0	7084	51	10137	66	0	5883	185	5595	153
MSTRG.23	0	210	4848	24	8	0	107	3295	3	3	0	134	1036	56	3
MSTRG.230	1195	3026	6	222	29	810	1786	3	167	19	909	2689	252	213	8
MSTRG.2300	2466	1	370	2	79	4741	0	233	2	196	1389	607	38	2	35
MSTRG.2301	112	0	1572	310	1520	96	0	771	485	759	114	86	970	245	818
MSTRG.2302	1345	706	31	22117	3	983	320	40	23119	58	1056	961	31	8437	2
MSTRG.2303	3131	13	1005	11793	593	4504	110	480	20699	555	3087	24	985	10853	1010
MSTRG.2304	940	5474	390	124	268	65	2822	5151	44	701	80	5358	263	209	89
MSTRG.2305	11	37368	560	10	19	0	35618	441	68	8	47	40518	582	12	82
MSTRG.2306	599	522	417	6	399	427	1	1371	45	433	578	247	359	17	609
MSTRG.2307	2311	7	885	1	261	8506	0	899	2	1365	1277	138	650	1	213
MSTRG.2308	714	1971	297	393	703	5	1114	375	196	1063	0	1679	112	129	340
MSTRG.2309	103	0	395	1281	243	105	1	569	385	294	72	0	260	1285	103
MSTRG.231	1524	2766	87	2411	66	405	18437	308	3110	72	1016	4882	358	2847	188
MSTRG.2310	3322	961	59	61	390	1917	841	109	82	545	2832	615	26	119	252
MSTRG.2311	43725	75	12	402	28	39066	141	33	1197	81	27440	137	5	2638	20
MSTRG.2312	2320	339	1265	54	133	1270	243	682	23	177	1468	167	790	7	107
MSTRG.2313	1709	489	897	1	874	1034	488	411	4	681	1126	1032	1209	1	503
MSTRG.2314	70918	444	3775	269	680	53778	326	2873	641	819	66674	489	4751	95	644
MSTRG.2315	19655	0	301	59	3740	12453	0	789	21	3205	14531	0	282	19	3431
MSTRG.2316	1	3887	20	1	201	1	1409	40	1	595	1	2427	78	1	269
MSTRG.2317	1424	35	163	184559	12	2916	183	137	114511	45	1131	94	74	25036	49
MSTRG.2318	276	1031	73	37130	164	207	907	116	19388	248	97	1140	69	9865	131
MSTRG.2319	1	1339	846	854	15	1	597	215	3808	33	1	1710	836	1119	2
MSTRG.232	563	47	202	2379	243	927	230	747	3151	97	556	52	588	2952	458
MSTRG.2320	646	1335	0	95	730	536	2114	0	205	443	411	1127	1	67	1171
MSTRG.2321	1	7316	37	1	23	2	625	12	1	11	2	3109	131	1	88
MSTRG.2322	1	77	151	1	195	44	57	132	0	170	1	29	261	1	186
MSTRG.2323	7697	694	4279	470	3414	1895	923	4823	265	5560	6452	775	3495	289	3679
MSTRG.2324	239	347	110	1	126	98	282	189	1	120	83	330	159	2	191
MSTRG.2325	568	1231	1041	1	936	1	1250	406	39	1535	2	1455	642	1	226
MSTRG.2326	1158	20	918	2	966	1011	0	792	75	2241	485	54	540	1	327
MSTRG.2327	100	234	74	7253	55	92	21	33	1320	38	100	732	15	4389	28
MSTRG.2328	104	220	0	392	0	90	308	0	746	0	96	259	0	611	0
MSTRG.2329	815	587	0	4	0	472	1640	0	20	0	926	2322	0	6	0
MSTRG.233	1811	102	887	106	121	671	258	746	208	118	714	128	790	267	606
MSTRG.2330	538	105	7	15	12	425	204	15	6	0	725	235	12	5	18
MSTRG.2331	106	657	6	4789	67	11	1611	223	6955	162	2	1182	58	5051	31
MSTRG.2332	3774	1217	1189	12230	436	1564	1024	1518	10170	1182	1854	885	988	8673	466
MSTRG.2333	17	5883	108	1	48	175	5756	201	40	90	56	5678	116	0	52
MSTRG.2334	1089	501	252	86	524	688	1748	272	27	671	848	222	489	64	596
MSTRG.2335	1682	303	1159	6	350	607	74	846	32	157	2061	223	870	34	1718
MSTRG.2336	1004	328	25	204	214	1871	357	21	144	37	584	79	4	224	121
MSTRG.2337	9970	1430	396	0	1186	1185	861	65	0	441	3590	847	39	132	2997
MSTRG.2338	60	5	1277	107	4999	5	38	1384	3	6188	1	1	561	0	7504
MSTRG.2339	107	25	836	202	1944	48	0	735	140	3239	26	3	299	106	2224
MSTRG.234	3567	49	1720	12	25	2629	84	465	165	7	2688	40	1730	17	39
MSTRG.2340	127	813	0	7	0	142	643	0	8	0	208	1189	0	192	0
MSTRG.2341	861	766	0	4	4	971	437	0	2	3	710	630	0	2	94
MSTRG.2342	12	820	6708	1	53	63	620	10667	4	136	0	1044	6625	5	52
MSTRG.2343	1380	42	1803	521	0	1484	91	2937	756	0	1110	38	3673	462	0
MSTRG.2344	12	740	0	1094	439	0	1354	0	2465	1075	31	429	0	872	162
MSTRG.2345	375	922	12	795	0	23	1034	21	25	0	663	435	95	259	0
MSTRG.2346	378	279	49	1	630	330	262	146	12	1735	237	159	16	17	116
MSTRG.2347	711	279	301	0	1	1764	652	2187	30	339	1992	149	188	181	4
MSTRG.2348	125	56	0	737	5254	33	86	0	983	13515	73	31	0	450	7122
MSTRG.2349	997	1269	751	0	2144	1665	623	2740	0	3352	916	905	151	11	2286
MSTRG.235	8905	167	514	79	3265	9029	241	1160	19	2174	2393	275	877	77	23437
MSTRG.2350	1274	0	0	0	146	1281	1	844	0	1879	587	4	0	0	434
MSTRG.2351	8031	798	26	224	2	7372	476	24	381	3	4406	1044	56	470	8
MSTRG.2352	830	3072	7897	2886	4541	1204	3466	9778	2506	5260	114	3459	11617	2319	3869
MSTRG.2353	281	215	3267	1	3566	51	972	8420	0	1596	185	449	3256	1	3587
MSTRG.2354	351	25	5846	1338	78	266	30	5579	2039	2	79	28	6083	1889	139
MSTRG.2355	1645	106	3826	0	1002	737	84	1406	0	2673	546	57	4036	0	1237
MSTRG.2356	6	163	132	189	928	30	169	8	168	4204	2	119	170	213	1190
MSTRG.2357	978	685	72	180	100	590	344	5	101	239	1103	628	59	160	261
MSTRG.2358	2635	23	1638	5931	2377	984	15	3089	7998	1441	490	104	1339	4204	2894
MSTRG.2359	677	157	1652	303	2124	691	237	1964	462	1858	696	376	1145	94	1327
MSTRG.236	86	309	1945	1342	2915	195	206	1042	104	2158	20	360	1913	795	24105
MSTRG.2360	794	3651	22	247	295	1247	4766	75	374	255	600	3308	55	464	242
MSTRG.2361	1093	66	846	2221	1823	1059	213	1035	443	9716	318	107	1198	819	1560
MSTRG.2362	397	290	2514	6890	972	352	499	1848	2606	1228	60	332	1758	6831	521
MSTRG.2363	424	1019	695	94	2304	591	747	478	107	2602	129	435	396	150	2744
MSTRG.2364	110	1094	2082	1166	248	103	1510	10553	844	238	4	569	2269	184	178
MSTRG.2365	261	44	1319	299	1382	151	27	1278	320	1771	121	8	665	205	1617
MSTRG.2366	1151	0	2349	17	1369	583	0	3264	29	1321	626	0	2451	115	1931
MSTRG.2367	336	0	1742	211	494	493	0	247	335	398	542	0	1505	197	1146
MSTRG.2368	553	128	0	146	178	51	209	0	1160	60	346	177	0	25	243
MSTRG.2369	3489	1747	1362	2190	29	2697	1380	890	2934	4	2266	1186	2358	1507	2
MSTRG.237	163	156	2807	4	116	144	184	2317	13	216	69	304	2081	4	2506
MSTRG.2370	353	148	1886	1475	6557	643	173	1290	1587	10963	293	122	2027	1657	3715
MSTRG.2371	25	800	992	13694	138	45	1705	659	8078	192	31	872	1422	9471	212
MSTRG.2372	193	392	179	595	87	132	2373	51	2130	47	57	728	215	227	92
MSTRG.2373	98	938	8051	14	192	154	4560	5436	136	441	62	1512	5627	214	467
MSTRG.2374	806	0	113	2214	1805	204	0	22	3647	5531	500	0	3	1027	1162
MSTRG.2375	36	0	108	553	4799	25	0	33	729	7108	136	0	126	327	2228
MSTRG.2376	269	0	453	73	1807	295	0	415	46	9467	334	0	427	166	3726
MSTRG.2377	3496	476	220	1670	5595	4428	1963	445	2960	5379	2122	689	490	1064	2832
MSTRG.2378	112	55	2495	1925	1	122	192	7283	12341	1	78	82	1698	4062	1
MSTRG.2379	1161	849	5595	554	24	985	4920	6849	997	30	399	1595	3911	607	83
MSTRG.238	0	24	4260	1113	18	0	6	2855	459	27	0	34	867	629	5
MSTRG.2380	1106	6479	728	1201	170	1538	5803	267	1019	296	356	4900	473	1529	182
MSTRG.2381	40	3127	3519	58	125713	42	2918	5632	106	96446	12	3616	4420	61	90339
MSTRG.2382	0	0	7214	5	15960	0	0	5019	8	33314	0	0	6597	5	21106
MSTRG.2383	0	15	15	2132	1110	0	10	0	3932	3505	0	139	16	1501	691
MSTRG.2384	3	0	29	229	55	21	0	23	280	176	6	0	23	178	64
MSTRG.2385	169	71	215	164	1	352	225	730	421	1	145	135	273	653	1
MSTRG.2386	1056	0	124580	2409	2	2139	0	45243	1741	6	1128	0	128040	2892	19
MSTRG.2387	199	848	23832	2	1	236	1781	9707	2655	0	102	146	22567	1004	1
MSTRG.2388	1180	0	1	0	231	686	851	2	17	399	529	14	0	8	259
MSTRG.2389	1180	25	1512	1886	1	956	33	4016	2665	1	385	54	1703	1684	1
MSTRG.239	209	410	130	60	97	134	2447	154	85	12	212	618	166	0	204
MSTRG.2390	3231	10733	122	768	1	1966	17541	190	92	2	642	19469	147	643	1
MSTRG.2391	0	4777	1	138	312	0	6454	1	14	703	0	4713	1	95	482
MSTRG.2392	0	3	0	537	19261	0	35	12	178	24468	0	10	29	475	9561
MSTRG.2393	0	1	353	16	8147	0	25	659	46	14315	0	6	351	31	9474
MSTRG.2394	1539	5080	1	4575	78	868	5292	2	3216	78	301	5033	2	3982	379
MSTRG.2395	209	2003	108	724	7	156	1723	33	1298	49	76	3554	52	514	24
MSTRG.2396	2610	101	497	2798	7	2024	16	687	870	45	881	135	542	1205	1
MSTRG.2397	12307	92	24	1166	31	8874	50	26	798	31	4948	19	39	681	33
MSTRG.2398	3840	1374	5516	650	120	2942	3811	6867	345	181	4053	1519	6356	500	271
MSTRG.2399	0	1907	70	3002	1431	0	4064	46	3822	1796	0	906	79	2107	2390
MSTRG.24	25	314	0	47	156	116	252	0	0	48	25	256	0	170	103
MSTRG.240	451	1279	177	9	0	189	8907	136	2	0	486	2330	145	73	0
MSTRG.2400	18	125	7846	1	297	5	377	11134	1	288	78	231	8617	1	141
MSTRG.2401	277	702	1	1553	333	485	1056	1	1296	397	194	1346	1	1742	606
MSTRG.2402	7	2735	65	704	943	35	2166	0	1187	2352	2	2510	0	1803	2240
MSTRG.2403	3	504	1	14	539	54	621	32	81	414	34	512	0	33	154
MSTRG.2404	0	3268	11	185	37	0	9738	30	705	15	0	2695	13	214	22
MSTRG.2405	1480	1400	203	1510	135	1942	1419	97	1157	150	73	723	128	2034	50
MSTRG.2406	141	1415	16	2627	1	809	3063	27	1237	0	0	2421	39	1060	1
MSTRG.2407	31	1703	190	575	18	50	568	192	664	4	24	1456	340	304	10
MSTRG.2408	15738	0	0	4746	2	16938	0	2	3756	3	16819	0	50	4054	1
MSTRG.2409	3794	1636	102	611	467	6405	1874	4	319	429	5396	2097	0	653	686
MSTRG.241	170	5235	76	2226	1720	168	35025	10	2087	117	185	9216	32	1380	373
MSTRG.2410	9	2028	39	1236	574	12	1799	0	856	1467	36	2179	0	345	863
MSTRG.2411	7012	873	3	1104	600	4712	522	2	1231	17	6233	1260	1	430	1051
MSTRG.2412	6969	215	5	1740	2	2690	74	25	2662	35	5189	211	105	1469	251
MSTRG.2413	1797	8797	137	174	517	3105	4108	91	49	375	1303	6041	430	56	389
MSTRG.2414	5101	30	2	191	96	3492	43	5	69	65	1035	44	1	461	84
MSTRG.2415	153	401	631	116	0	216	772	444	63	0	155	623	662	62	0
MSTRG.2416	921	501	7534	20320	39	672	35	8522	20150	276	1116	8	6321	11674	90
MSTRG.2417	3258	15	761	148	165	2087	39	13	528	288	2335	12	843	65	314
MSTRG.2418	668	307	2	584	1624	428	220	5	589	2236	236	250	27	506	1078
MSTRG.2419	4831	3286	0	24	1202	9943	7736	50	27	1671	1257	2088	150	111	1634
MSTRG.242	40	5534	146	57	1106	35	36232	91	70	864	32	9711	265	37	779
MSTRG.2420	1546	6449	632	14963	0	1303	6336	467	15628	0	624	4109	512	12725	0
MSTRG.2421	1949	485	0	433	149	2126	360	0	342	216	1554	400	0	602	236
MSTRG.2422	2150	23508	131	9593	6373	435	29240	94	7983	7848	1586	15818	108	10143	4156
MSTRG.2423	345	3240	16	7351	141	353	3992	47	3377	783	229	2835	4	5159	167
MSTRG.2424	295	3818	298	6	278	140	14365	573	1	458	337	3801	301	1	496
MSTRG.2425	2104	1	1914	170	2102	1470	1	2201	17	823	1219	7	3365	89	483
MSTRG.2426	1773	0	1	862	4931	1720	1	0	63	5143	1581	12	0	677	7095
MSTRG.2427	911	169	1644	258	85	555	0	2747	109	106	767	0	2425	320	104
MSTRG.2428	129	79	0	3195	1429	43	0	0	5192	753	94	0	0	2005	379
MSTRG.2429	2	1	145	355	178	27	2	255	1207	268	20	1	247	390	241
MSTRG.243	13	1163	309	484	2	105	7963	62	300	3	12	2887	219	539	4
MSTRG.2430	9454	0	41	349	77	6527	2	23	665	175	4750	1	19	420	5
MSTRG.2431	230	193	232	244	253	9	3	357	300	262	7	389	67	220	275
MSTRG.2432	23	189	79	1622	924	36	255	195	5874	1726	35	153	112	1959	1054
MSTRG.2433	150	179	203	3673	15890	62	110	237	4530	7709	130	142	471	2009	13540
MSTRG.2434	205	75	2358	0	473	651	0	740	0	1602	296	0	903	0	51
MSTRG.2435	3706	11450	5865	6583	34	6695	11761	3104	6650	92	1501	8923	11476	4553	175
MSTRG.2436	9453	5067	57	9904	1408	6480	5188	125	10672	3890	3431	8650	25	10291	1202
MSTRG.2437	972	331	77	48	345	257	465	95	20	700	358	386	98	14	287
MSTRG.2438	8992	15327	1458	2461	128	13164	22376	856	4025	71	7089	10414	550	1918	84
MSTRG.2439	7106	6187	244	1107	1266	5672	7313	0	1225	2741	8078	5437	255	1019	1012
MSTRG.244	1269	191	166	0	50	896	2723	72	0	81	354	1407	409	0	0
MSTRG.2440	1	81	283	367	1711	0	59	59	367	9248	1	193	159	238	3547
MSTRG.2441	368	16	88	6603	34	560	101	194	2428	84	236	17	184	1594	95
MSTRG.2442	16303	17	1415	494	616	20250	14	1322	153	625	8215	28	1667	266	802
MSTRG.2443	12285	1	18558	13	908	12609	1	9036	10	916	9907	1	18805	13	1497
MSTRG.2444	76	49	1048	46	481	65	72	1842	16	61	100	51	292	71	62
MSTRG.2445	14	180	48	143	1384	71	78	151	168	3496	14	153	158	236	1596
MSTRG.2446	21	2278	1469	112	255	11	2314	2687	65	198	22	5042	819	75	208
MSTRG.2447	31	2134	464	487	179	70	3378	525	182	319	39	4658	393	456	732
MSTRG.2448	549	51	142	1784	2136	137	33	124	917	1830	116	12	168	1103	3019
MSTRG.2449	2786	21	1278	13610	5	2676	39	1586	11281	3762	5010	11	1571	10839	1742
MSTRG.245	18540	4	20	0	0	18931	46	32	0	1	4811	9	34	0	36
MSTRG.2450	62	2	2152	5319	123	18	6	10782	4980	1285	11	2	5851	5724	31
MSTRG.2451	16	165	37	0	1737	17	304	50	0	2628	27	164	76	0	1515
MSTRG.2452	299	444	641	3106	1405	370	645	748	5315	1732	42	604	824	2156	1763
MSTRG.2453	30466	8258	1692	456	753	26522	10288	2079	449	181	15675	4780	2152	226	604
MSTRG.2454	4848	193	872	116	101	3144	61	71	101	17	3519	191	226	88	104
MSTRG.2455	10216	3	1792	849	343	15314	46	3869	709	132	7923	202	3115	661	467
MSTRG.2456	0	756	199	39	4	1	653	331	17	34	1	701	987	32	53
MSTRG.2457	1	0	2670	2964	3980	2	0	1704	546	3949	5	0	3589	4908	3923
MSTRG.2458	252	21	5	18	654	0	100	1799	16	1184	0	86	1386	86	559
MSTRG.2459	240	352	1	542	1903	6	342	192	273	744	256	410	115	85	965
MSTRG.246	4985	113	768	1055	0	6317	206	427	1363	37	2103	128	376	364	15
MSTRG.2460	596	2703	213	1902	679	442	1791	728	661	721	433	3231	45	1742	721
MSTRG.2461	6794	3	1755	10539	727	6338	0	2562	3294	419	6406	0	2185	2151	629
MSTRG.2462	12228	1597	2202	866	2814	8650	2433	1323	835	6064	9360	2496	1944	582	3516
MSTRG.2463	1	0	1237	1308	4	6	0	83	3580	1	9	0	892	946	7
MSTRG.2464	0	110	115	959	1446	35	256	10	1354	1582	0	259	95	493	1977
MSTRG.2465	170	5	515	595	513	65	9	210	1148	885	65	0	667	633	1629
MSTRG.2466	52	5381	4120	4309	429	82	5539	2631	4924	889	90	6064	4704	3633	230
MSTRG.2467	194	8993	726	115	38	177	7819	680	142	34	252	7910	488	405	53
MSTRG.2468	1	1	2015	162	21	15	0	531	5	145	167	1	1494	1	45
MSTRG.2469	138	163	1823	73	164	1	98	1182	8	525	0	120	1616	47	264
MSTRG.247	228	1966	10346	2384	2113	85	227	6989	4329	2113	71	1056	2282	2791	1597
MSTRG.2470	1	189	3191	1355	27	93	160	6452	785	51	208	197	3436	331	101
MSTRG.2471	2	0	489	401	811	2	21	213	573	466	5	136	338	286	657
MSTRG.2472	87	122	1056	22	297	25	0	1510	0	368	214	0	2139	4	1151
MSTRG.2473	5	49	751	1024	1986	4	0	1005	391	1080	34	0	1920	345	1759
MSTRG.2474	13	9	32	489	429	5	3	117	103	555	3	2	19	463	249
MSTRG.2475	8536	8	12	255	4185	8700	16	2	140	3221	2874	76	4	270	3477
MSTRG.2476	387	163	243	2647	721	24	213	1302	4170	348	10	235	411	2833	625
MSTRG.2477	4	82	87	23143	1050	51	20	30	30486	448	106	52	55	15042	310
MSTRG.2478	773	10	1509	892	76	555	16	1105	2026	16	491	3	2787	914	9
MSTRG.2479	134	68	2214	527	868	0	378	1104	128	529	0	42	1236	202	735
MSTRG.248	0	0	10807	551	65	0	14	7082	404	75	0	8	2377	1180	23
MSTRG.2480	29	89	567	1440	1314	19	119	325	1936	2934	74	68	400	1233	1084
MSTRG.2481	361	108	5176	11102	292	0	130	2980	223	69	0	111	4507	11958	147
MSTRG.2482	100	162	1007	2533	183	316	369	269	504	117	157	314	659	977	621
MSTRG.2483	435	1946	1034	2053	0	486	810	126	765	26	332	713	1043	905	2
MSTRG.2484	2593	6649	41	1751	9772	2269	4943	4	782	26321	2366	9617	67	895	2952
MSTRG.2485	2129	399	870	68	19249	2338	262	325	166	18606	2367	203	1260	18	14058
MSTRG.2486	0	1077	1885	109	8891	0	1129	3168	234	7378	0	325	1515	104	9421
MSTRG.2487	89	247	154	36	4867	194	355	12	21	3270	124	242	135	101	4967
MSTRG.2488	198	29	237	18	431	430	14	162	1	444	49	1	447	19	490
MSTRG.2489	108	169	11656	942	1	119	286	23984	722	0	72	80	5266	551	1
MSTRG.249	2628	980	1013	54	119	164	1144	593	63	229	1081	1365	284	97	246
MSTRG.2490	217	53	18	756	167	209	131	21	531	21	236	11	44	889	141
MSTRG.2491	1015	1569	1887	6621	4165	1062	2272	2117	8603	5103	453	1573	3236	6510	3808
MSTRG.2492	7647	1854	894	158	21	5081	1556	493	78	3	6078	2062	705	78	53
MSTRG.2493	3112	11156	8012	8683	3214	5	11828	5647	17878	4665	102	16687	11415	5306	3133
MSTRG.2494	160	484	4818	83	324	2	1689	1768	227	516	7	82	6400	0	345
MSTRG.2495	208	31	195	0	179	215	140	66	0	254	214	161	323	0	133
MSTRG.2496	1342	708	0	225	4981	786	1186	1	163	3637	377	1060	0	78	6124
MSTRG.2497	42	516	454	7	3674	21	653	329	1440	3817	36	324	486	35	2463
MSTRG.2498	349	96	66	139	0	285	76	19	20	0	227	69	78	39	0
MSTRG.2499	12	1234	4367	84	4	61	1851	3814	34	8	113	1180	4092	94	27
MSTRG.25	1206	699	180	0	133	335	738	0	0	4	409	580	479	0	154
MSTRG.250	2	62	182	899	245	10	110	36	1033	106	2	0	129	917	508
MSTRG.2500	153	2276	20	288	6616	140	11346	6	201	5493	73	4946	24	352	4662
MSTRG.2501	213	113	770	21511	8010	826	296	1351	3067	5273	16	212	851	2482	7962
MSTRG.2502	2660	416	649	28529	25	2315	703	1001	7839	17	1243	765	453	7069	7
MSTRG.2503	1814	1399	287	376	70	1754	3514	233	504	38	788	3438	175	376	8
MSTRG.2504	1839	33	2583	2351	369	268	71	2856	2244	279	2345	32	3538	1916	541
MSTRG.2505	80	3263	4683	2921	365	16	4023	4226	4867	238	134	3740	3344	2588	232
MSTRG.2506	744	156	33	3015	6580	177	297	7	1489	2580	730	234	107	2395	3905
MSTRG.2507	31	217	0	2084	1637	39	493	0	2192	486	63	850	0	1545	1234
MSTRG.2508	4645	2221	10185	489	9	1990	2260	9363	116	22	2159	2959	8557	544	15
MSTRG.2509	908	54	8012	8508	50	778	95	6275	4638	10	542	65	5217	3037	52
MSTRG.251	1714	16	0	133	0	1039	1	0	482	0	1332	80	0	232	0
MSTRG.2510	2655	1	14613	1522	85	780	386	2229	511	166	1212	189	22064	446	287
MSTRG.2511	2070	2	1975	223	3	1204	989	4126	51	52	1407	785	2217	153	6
MSTRG.2512	5910	2076	1237	0	64	8373	1954	1222	0	17	5090	1976	1219	0	101
MSTRG.2513	8	1123	440	1898	498	0	424	322	874	564	2	1432	280	1323	392
MSTRG.2514	518	70	7139	17	38	169	13	1115	8	96	315	93	4704	25	28
MSTRG.2515	2146	706	1395	34	895	1875	238	336	17	666	2244	632	1397	20	885
MSTRG.2516	486	0	4	480	1510	1038	0	7	313	1162	1031	0	8	330	1069
MSTRG.2517	29	3433	172	1057	11799	36	2574	249	1312	12431	33	3467	277	847	10381
MSTRG.2518	10	662	745	6	4460	6	628	359	12	4969	4	605	158	10	5686
MSTRG.2519	232	2075	642	0	0	838	800	690	0	0	239	1253	699	0	0
MSTRG.252	200	2212	2191	5196	0	89	2568	251	5693	0	33	1821	813	4870	0
MSTRG.2520	86	1694	70	126	1940	38	1554	83	99	4955	60	1651	46	78	1923
MSTRG.2521	1415	3856	405	25	435	559	6794	226	51	408	748	4521	690	33	388
MSTRG.2522	569	343	1873	103	166	496	332	1203	14	82	1462	424	1443	116	86
MSTRG.2523	1581	1136	7321	55	718	819	1984	5055	23	641	514	2213	9249	26	745
MSTRG.2524	399	543	5325	205	1	471	1302	4131	37	2	258	1605	7103	138	1
MSTRG.2525	6262	37	0	4512	3061	2726	70	0	1451	780	4367	56	0	1770	2948
MSTRG.2526	963	16	2322	1118	23	329	304	2699	4415	4	720	43	2184	864	53
MSTRG.2527	732	124	602	642	356	199	669	360	209	189	168	315	492	440	82
MSTRG.2528	779	1322	148	369	9	309	839	87	145	17	232	1129	90	439	1
MSTRG.2529	2627	495	871	474	960	3102	735	407	339	793	1307	1661	1616	724	2026
MSTRG.253	0	902	5	264	735	17	765	11	219	655	0	945	3	731	235
MSTRG.2530	44	1311	3680	2800	1	14	1270	362	1852	1	42	970	4441	2461	1
MSTRG.2531	144	326	49	9534	1812	19	384	0	4533	2105	22	416	107	5744	917
MSTRG.2532	315	4968	590	709	7662	145	2777	244	1265	3392	437	4480	198	365	4491
MSTRG.2533	125	728	5	4365	618	123	507	1	3367	1119	117	762	0	2550	503
MSTRG.2534	1	982	1104	8360	1275	48	121	757	7661	3033	13	257	1396	3933	1251
MSTRG.2535	1917	903	6	7888	733	2018	230	0	4903	1703	2142	417	3	8631	361
MSTRG.2536	15253	2275	2291	167	463	9880	3247	907	483	1867	16072	1861	1385	379	728
MSTRG.2537	842	167	7920	806	3462	1656	11	507	630	5562	54	58	5893	703	3208
MSTRG.2538	48	412	645	1039	137	113	185	420	1617	122	127	529	1075	1560	301
MSTRG.2539	1630	182	1353	2966	116	1424	106	3116	1049	1	295	88	1772	578	0
MSTRG.254	5	0	1560	264	2894	59	0	1104	162	4255	8	0	1488	102	3002
MSTRG.2540	645	20416	1431	1584	46	635	18584	778	1821	0	331	7845	569	1157	1
MSTRG.2541	89	59	449	860	57	35	56	1805	1072	8	85	70	552	767	70
MSTRG.2542	1376	1941	437	9811	353	1923	1949	197	6664	652	709	3329	335	1140	286
MSTRG.2543	2848	8686	2858	88116	985	10220	6936	3493	310939	365	3256	10259	3913	61391	417
MSTRG.2544	58	5394	113	7776	1993	228	2418	161	3376	4466	125	5867	639	7304	2504
MSTRG.2545	598	399	173	436	12291	637	171	8	455	15544	623	261	1	199	11116
MSTRG.2546	1620	443	41	246	1355	1575	376	6	109	1555	1378	445	34	115	1146
MSTRG.2547	48	936	1818	125	813	79	274	3676	14	1847	37	1030	1121	46	670
MSTRG.2548	4813	333	303	464	348	3196	7	723	782	229	5958	344	453	438	434
MSTRG.2549	276	3609	29	708	934	196	4079	4	425	1079	170	3235	12	355	671
MSTRG.255	2419	0	128	297	399	2463	0	104	432	348	1268	0	60	289	1151
MSTRG.2550	271	484	1012	0	3146	380	1000	199	2619	8776	656	607	775	1321	3396
MSTRG.2551	3229	469	743	3	6603	2115	344	199	98	1008	2726	277	726	8	27061
MSTRG.2552	5	7088	2566	753	2136	1280	10535	4255	620	684	417	10228	3134	273	1586
MSTRG.2553	2	339	14337	4173	1323	1	30	14533	4580	976	1	226	14249	4190	827
MSTRG.2554	1	0	1229	480	1169	372	0	1734	156	1043	106	0	1101	395	681
MSTRG.2555	11077	13737	280	720	42	23880	11190	109	815	49	3571	9404	293	263	92
MSTRG.2556	1640	6104	740	539	61	865	6638	2173	873	232	1083	4283	953	883	55
MSTRG.2557	13860	5273	24	12741	30	6530	4980	3	11797	1	7916	7411	1	6840	18
MSTRG.2558	407	65	3786	600	1193	279	35	9051	1176	875	637	10	4627	1423	698
MSTRG.2559	9330	2278	9106	210	742	6455	3070	223	320	679	6711	2165	23641	394	1200
MSTRG.256	88	1031	0	5012	72	119	1054	25	12446	31	82	534	0	8685	25
MSTRG.2560	5947	557	615	0	6876	2726	896	341	0	8200	4766	749	501	0	6396
MSTRG.2561	499	425	2750	789	130	180	354	342	738	69	306	255	1861	778	145
MSTRG.2562	256	3749	2138	559	328	262	2813	497	1496	228	117	1295	2013	530	113
MSTRG.2563	72	1687	1760	11186	7493	11	410	394	16234	11331	48	1272	2339	9151	4941
MSTRG.2564	4858	18	101	2848	22	2927	15	217	2897	108	2975	102	81	1972	0
MSTRG.2565	13	15	145	889	0	20	22	219	1027	0	44	66	298	284	0
MSTRG.2566	3435	52	35	1415	217	1341	129	56	289	120	1053	245	85	132	66
MSTRG.2567	729	635	3	10	3	705	677	15	38	4127	553	693	2	157	16
MSTRG.2568	293	84	12	1	113	306	64	0	22	31	213	119	31	72	109
MSTRG.2569	3887	359	855	12915	235	5064	373	1072	7333	163	4085	734	886	5313	534
MSTRG.257	899	2727	0	170	421	579	5840	99	243	267	741	2553	5	160	3326
MSTRG.2570	4928	2233	877	1811	14849	4126	1715	745	1312	4332	2447	1383	1148	1223	2580
MSTRG.2571	97	13456	7080	5280	13287	29	9744	6389	3100	11910	294	10664	7538	2948	10474
MSTRG.2572	0	4066	143	1607	360	0	5415	85	568	485	0	6395	177	1612	359
MSTRG.2573	13314	0	18	876	2451	12634	0	4	4619	1827	6678	0	38	87	2538
MSTRG.2574	8069	247	9634	1291	2506	5523	191	9205	908	4708	2826	137	6561	696	1653
MSTRG.2575	14659	2164	108	1899	2572	4861	2118	128	2392	2134	6129	2050	0	747	2447
MSTRG.2576	33	430	0	477	1927	50	549	0	367	1876	12	322	0	291	1591
MSTRG.2577	3195	115	220	16843	472	3315	184	135	17267	76	1876	93	156	7047	744
MSTRG.2578	990	1153	1	10931	6452	837	785	930	4728	4445	752	1269	17	45669	4808
MSTRG.2579	411	238	171	12232	1324	424	384	5	12383	298	177	950	69	10474	774
MSTRG.258	0	397	2462	60	581	0	402	2164	30	438	0	1345	1818	5	4387
MSTRG.2580	4565	5079	355	472	101	2681	686	242	707	110	564	4850	461	395	205
MSTRG.2581	1905	69	41	164	0	395	7	1155	66	0	1013	114	72	454	0
MSTRG.2582	29	702	15397	960	1639	21	201	396	910	763	32	168	6787	930	1190
MSTRG.2583	142	7	16957	74	29	349	4	5748	150	16	389	1	9640	160	74
MSTRG.2584	70	1538	1978	269	342	34	621	1599	625	458	0	1810	1660	929	365
MSTRG.2585	435	4	420	473	296	306	0	786	48	624	139	1	378	223	515
MSTRG.2586	109	1635	2596	1988	0	55	1473	2502	1315	0	103	1382	2375	1341	0
MSTRG.2587	710	5172	2403	676	21	510	1962	2376	704	0	1198	1993	2541	847	34
MSTRG.2588	2829	1197	2764	337	130	1291	1184	1954	8807	100	1226	808	3185	947	101
MSTRG.2589	12784	1241	2229	1	21	11534	3652	2094	859	31	10539	1107	2018	5	39
MSTRG.259	0	52	86	64	331	0	75	70	99	392	0	88	63	32	1804
MSTRG.2590	4636	1271	485	1390	56	4303	1949	142	1700	21	5140	664	788	1222	79
MSTRG.2591	0	416	6984	2167	73	0	1591	3039	2307	17	0	639	5787	1749	23
MSTRG.2592	212	3210	1356	4704	129	188	4021	73	2917	71	151	4096	942	3874	160
MSTRG.2593	814	221	155	95	3129	1024	140	92	357	1360	754	475	197	220	3449
MSTRG.2594	1770	274	0	0	1109	1844	7	0	0	2187	1074	4	0	22	650
MSTRG.2595	433	45	1532	0	463	395	14	1017	0	331	246	38	1300	0	511
MSTRG.2596	178	195	64	396	665	133	414	7	651	652	77	138	102	269	1089
MSTRG.2597	879	260	635	2010	2928	512	888	424	1718	2286	1074	257	849	1427	3238
MSTRG.2598	1	24	366	43	8747	4	4	232	73	7014	4	6	475	27	11773
MSTRG.2599	220	619	0	941	3023	424	352	0	2067	2487	1021	282	0	674	3566
MSTRG.26	1	56	639	2356	72	0	9	249	1054	0	1	64	108	633	156
MSTRG.260	1506	0	146	300	3286	1041	0	282	740	3875	443	0	319	144	3122
MSTRG.2600	4936	365	18	15351	6358	586	185	2	5485	6128	3159	505	56	2807	3906
MSTRG.2601	66	225	249	6961	9148	3	131	105	4584	22832	91	246	128	4833	4016
MSTRG.2602	674	2256	33	21	12014	225	4184	31	6	5631	152	3321	24	101	20720
MSTRG.2603	83	16654	42	1990	2	106	15607	18	8096	0	138	14279	118	8102	0
MSTRG.2604	1413	878	92	573	5809	1293	570	17	384	1916	991	312	54	202	4103
MSTRG.2605	4685	1696	6	7698	362	1778	2710	2	5351	447	551	2230	30	4505	358
MSTRG.2606	514	296	147	352	585	875	120	86	966	847	694	200	146	242	763
MSTRG.2607	1562	1426	4398	1119	803	2963	1214	3866	2598	1497	675	1185	4204	785	1388
MSTRG.2608	609	4947	1128	672	2374	1028	10405	2563	912	695	236	5420	1169	850	861
MSTRG.2609	666	12193	47	60	1572	1600	1804	63	55	1692	409	29141	101	36	1140
MSTRG.261	4296	448	388	406	337	5031	2354	112	233	508	4249	1130	328	455	320
MSTRG.2610	3743	2531	233	2033	775	4384	882	131	1039	830	3412	1444	234	2255	557
MSTRG.2611	302	2725	865	843	7917	182	1479	538	2260	5328	517	2031	1401	627	4444
MSTRG.2612	226	2075	3433	433	99288	4	1218	2053	2324	127964	0	2020	3771	565	45499
MSTRG.2613	58	119	8344	300	311	19	166	4149	712	405	43	223	10601	180	219
MSTRG.2614	263	105	697	1926	195	283	145	1408	1834	89	59	162	401	1686	98
MSTRG.2615	306	160	4290	25	355	707	195	4431	216	22	146	267	3621	35	67
MSTRG.2616	44	871	7414	1238	405	9	1027	5740	946	1099	18	787	4836	912	772
MSTRG.2617	605	34	11885	61	103	209	8	15086	76	135	180	62	6397	32	26
MSTRG.2618	571	748	13658	3138	410	247	729	2286	1881	808	592	1074	10585	822	390
MSTRG.2619	427	7161	59	609	519	582	7840	25	303	325	381	7030	107	510	199
MSTRG.262	139	5499	0	647	180	100	5631	0	886	168	106	5136	0	545	69
MSTRG.2620	3167	122	41	232	749	2177	46	1	870	227	2204	104	7	163	640
MSTRG.2621	2768	278	10234	11068	704	3134	143	3678	10997	465	2027	134	9338	6679	222
MSTRG.2622	3284	5846	417	313	2127	2138	9782	1151	144	5640	3816	4742	459	169	2425
MSTRG.2623	1969	214	736	98	450	1809	345	978	109	128	1459	1	1067	149	442
MSTRG.2624	531	0	1086	1882	547	191	0	1461	2039	1251	501	0	1588	1992	285
MSTRG.2625	7145	253	2601	1292	415	3834	247	249	1215	711	4050	211	832	697	533
MSTRG.2626	678	28	51	702	6015	316	2154	56	663	8200	14	58	40	320	5457
MSTRG.2627	129	186	1460	259	1303	99	60	2074	882	2148	187	146	1419	142	2414
MSTRG.2628	2452	134	805	5419	0	4328	52	989	4498	0	3547	108	755	3488	0
MSTRG.2629	22779	301	8145	4	1483	25452	351	561	9	2236	17670	460	4774	19	1446
MSTRG.263	7061	3096	0	4078	110	6800	1379	0	6937	122	1786	2343	0	5037	33
MSTRG.2630	1365	84	116684	50	12443	1240	575	120368	17	13680	763	548	97575	79	7421
MSTRG.2631	1007	10911	337	2649	1423	2063	2747	532	1333	3082	605	2116	191	1628	1168
MSTRG.2632	307	11074	566	936	2003	152	6313	228	1006	4293	221	9506	196	676	790
MSTRG.2633	2940	352	32	62	977	1778	768	6	424	1274	1535	458	3	352	196
MSTRG.2634	12990	2129	186	2754	434	1179	3006	95	4972	229	34835	2418	68	2161	173
MSTRG.2635	3670	2485	81	3774	569	736	2573	18	8614	114	1736	2282	38	2152	65
MSTRG.2636	2772	2403	559	1248	10	1369	2287	42	683	31	1946	3542	88	381	207
MSTRG.2637	2109	1655	19	102	8807	1451	1982	238	141	7344	1844	1753	13	128	4713
MSTRG.2638	121	6889	56	0	1634	277	4283	107	0	1446	66	5029	4	0	1476
MSTRG.2639	123	1035	106	254	2727	184	615	129	71	3033	107	269	150	100	3017
MSTRG.264	0	292	1266	666	34	0	235	1190	705	164	0	110	282	194	60
MSTRG.2640	86	145	719	992	824	155	116	1237	240	1137	217	176	571	532	1055
MSTRG.2641	52	0	521	222	2832	68	0	914	213	5986	77	0	327	460	926
MSTRG.2642	11	1821	5362	182	642	2	1218	8382	48	524	16	1430	10310	3	779
MSTRG.2643	1281	48	0	646	369	803	55	40	1162	338	424	143	3	700	281
MSTRG.2644	880	869	895	47	3944	660	548	150	25	6206	725	684	551	8	5135
MSTRG.2645	9258	388	923	0	5648	6905	292	470	0	6521	6868	577	350	0	4876
MSTRG.2646	230	0	4900	14	196	121	0	5664	88	192	129	0	2833	9	96
MSTRG.2647	382	172	405	0	91	164	116	173	0	35	141	159	614	0	129
MSTRG.2648	7710	9	605	6	0	8149	66	545	697	1	3039	34	253	91	13
MSTRG.2649	88	42	562	2	169	142	9	1806	65	179	2	107	638	138	260
MSTRG.265	1373	2862	3434	79	1757	1295	6793	5069	9	8667	452	6733	4057	46	5370
MSTRG.2650	0	58	12003	3	0	0	17	12626	381	15	0	49	8649	641	108
MSTRG.2651	401	203	1537	897	46	331	75	4139	957	0	294	212	3259	670	0
MSTRG.2652	253	2876	0	9	37	3066	2398	0	173	0	127	2752	0	12	0
MSTRG.2653	202	712	1638	7	2	28	913	1248	76	1	127	856	2281	9	1
MSTRG.2654	13	320	13694	13	63	4	170	15169	1428	123	14	287	9926	107	92
MSTRG.2655	343	58	0	0	4	204	41	0	0	27	395	73	2	0	289
MSTRG.2656	66	158	2513	248	1	938	95	2315	295	1	73	79	1891	0	0
MSTRG.2657	10380	387	836	194	3	3499	269	42	90	1	822	403	255	345	1
MSTRG.2658	12704	284	13	0	3	5043	225	110	0	3	2796	305	341	0	3
MSTRG.2659	0	3575	11068	3558	8456	0	2273	3480	1279	11845	0	3626	6221	2166	6378
MSTRG.266	6666	163	427	90	103	4961	299	386	26	122	4329	215	1452	281	83
MSTRG.2660	477	5763	1977	135	423	486	5955	1725	2403	441	359	9156	1903	730	459
MSTRG.2661	92	775	3976	917	180	13	1484	2538	765	283	154	363	3813	922	273
MSTRG.2662	1409	6272	3905	4496	862	549	3464	4292	1142	1054	935	3559	3359	5917	1045
MSTRG.2663	4	6222	203	25	46	0	5962	1901	121	98	2	4684	38	70	142
MSTRG.2664	1236	10435	518	714	292	435	5297	466	762	581	360	14432	210	316	974
MSTRG.2665	987	418	297	1049	285	872	1144	286	903	63	977	275	421	796	319
MSTRG.2666	0	567	17451	1303	1499	0	213	18505	5445	1515	0	627	13106	1496	964
MSTRG.2667	29	332	21277	5	498	0	1025	13051	35	581	6	337	22583	28	814
MSTRG.2668	194	1193	38	67	872	74	1297	0	19	2496	92	1861	46	139	234
MSTRG.2669	25	1584	68	162	0	60	431	69	655	0	27	559	2	129	0
MSTRG.267	2099	523	86	25	80	1047	827	4	145	28	1565	737	68	21	68
MSTRG.2670	106	20	0	947	1158	38	66	3	750	1455	47	44	4	836	1096
MSTRG.2671	80	1101	1129	1753	0	12	2104	1575	1728	0	20	1172	561	1313	13
MSTRG.2672	4739	778	165	457	1125	2276	897	64	1162	2025	2165	718	177	451	1780
MSTRG.2673	1840	4306	1490	42	38	1537	3747	594	83	298	1337	1288	1849	537	97
MSTRG.2674	201	133945	146	76	3987	154	163450	117	0	3451	228	73526	0	21	3370
MSTRG.2675	302	10026	308	61	221	118	4224	165	207	171	83	12834	287	21	114
MSTRG.2676	1121	70	546	2252	79	511	256	541	3080	95	1300	19	820	1989	43
MSTRG.2677	3769	364	278	103	0	1532	537	442	2	0	3066	667	448	12	0
MSTRG.2678	8173	113	351	2	534	6292	308	745	18	535	8797	43	522	0	379
MSTRG.2679	8855	68	116	3380	1862	5134	81	10	4743	1793	4605	17	185	2232	1554
MSTRG.268	244	5991	4223	15	30	263	9917	2526	125	16	130	6118	1208	2	4
MSTRG.2680	8991	81	89	5047	25	6406	123	132	8360	22	5005	9	278	4528	26
MSTRG.2681	14144	1056	8	12032	864	3638	1761	3	4072	1078	15627	804	34	10146	728
MSTRG.2682	303	779	62	2864	13105	659	291	136	6476	8213	140	377	44	2206	6233
MSTRG.2683	1133	571	4	367	5481	1292	619	33	397	4859	838	334	13	246	5025
MSTRG.2684	2223	7453	459	20885	13	1816	7243	78	18784	3	1577	3834	166	19622	82
MSTRG.2685	1454	424	167	113	3072	317	176	231	104	17970	252	423	178	136	6828
MSTRG.2686	639	1069	11769	9077	425	77	818	5238	6266	392	442	266	10473	7831	233
MSTRG.2687	1725	725	414	5863	1438	1467	1139	426	2672	1424	1195	912	389	2457	1213
MSTRG.2688	1047	9525	1223	129	4982	926	6633	1222	159	5418	579	8202	1080	128	4095
MSTRG.2689	4913	1784	116	49	379	2696	3629	153	35	430	264	3236	127	30	254
MSTRG.269	3372	385	4752	1929	357	7264	466	5108	1212	574	6203	236	6672	1336	218
MSTRG.2690	146659	0	460	884	1677	141359	0	719	1031	1615	50098	0	1276	870	921
MSTRG.2691	202	1585	472	1919	26	444	1271	62	5799	116	175	1522	341	650	25
MSTRG.2692	1101	11860	1360	250	492	377	17257	1165	226	672	248	8811	791	297	635
MSTRG.2693	88	135	423	254	103	14	98	374	536	47	33	61	432	195	41
MSTRG.2694	334	3757	719	649	614	439	3061	734	266	542	495	2776	1022	330	689
MSTRG.2695	87	1926	441	32	795	74	1992	2466	59	1431	8	1188	364	11	485
MSTRG.2696	44	1540	200	107	607	202	1160	4239	1896	1439	11	427	215	135	444
MSTRG.2697	298	821	1411	404	424	10	178	1301	271	751	109	103	1256	226	214
MSTRG.2698	1254	14	5	4034	1590	1641	63	0	4692	1649	662	424	38	3566	1997
