gene_id	B100	B105	B110	B135	B175	B200	B205	B210	B235	B275	B300	B305	B310	B335	B375
MSTRG.4499	2484	500	1509	337	185	4976	345	1081	0	153	1517	626	1919	189	286
MSTRG.45	839	6772	1416	1363	5559	620	7050	1368	1469	4738	1288	7141	4582	3111	7731
MSTRG.450	1607	701	3914	8332	21	978	241	3979	4666	56	1736	672	7818	5073	8
MSTRG.4500	27286	447	8929	0	3	14192	362	1011	0	26	19218	724	2876	0	0
MSTRG.4501	0	2	202	2966	1022	38	57	1266	3605	1840	4	33	92	3409	1165
MSTRG.4502	18	23	0	48	847	10	29	0	9	929	20	15	0	13	601
MSTRG.4503	15	1348	271	137	0	13	724	0	123	0	13	1081	1207	360	0
MSTRG.4504	3	324	628	1	0	2	237	0	1	0	22	210	808	14	0
MSTRG.4505	327	3056	3376	1396	0	370	3118	1674	281	0	342	3374	3038	951	0
MSTRG.4506	124	17875	637	66	21	109	17045	1286	208	0	165	15842	918	105	2
MSTRG.4507	524	16045	6411	0	0	335	8418	3627	0	0	394	18342	7744	0	0
MSTRG.4508	3490	150	81	281	12	2669	266	14	356	133	1934	395	24	2967	55
MSTRG.4509	0	118	305	28	73	0	57	277	167	40	0	70	213	42	15
MSTRG.451	232	36	645	2	987	199	228	554	1	622	163	355	594	0	540
MSTRG.4510	303	1834	1527	688	29	62	1836	1750	672	88	133	865	1561	688	131
MSTRG.4511	340	889	1096	3	425	831	3028	1536	7	153	155	807	758	17	238
MSTRG.4512	7	11034	314	513	6	9	20758	270	358	6	39	9313	384	218	16
MSTRG.4513	1508	3842	1110	1902	3393	1512	5829	912	1247	2770	716	3932	1063	855	3186
MSTRG.4514	385	35	1812	3368	13989	338	21	1320	1289	28122	650	12	2249	7238	11307
MSTRG.4515	6	23	409	1519	5642	24	2	489	591	4751	0	7	811	1091	4821
MSTRG.4516	377	187	587	111	2627	300	189	518	87	2565	687	149	561	238	2673
MSTRG.4517	38	53	1448	5716	416	8	33	967	17487	293	0	22	1383	7430	322
MSTRG.4518	5	2135	255	22	0	21	2189	200	33	0	2	1640	426	94	0
MSTRG.4519	7598	0	282	1261	235	5512	0	147	732	337	7608	0	149	816	539
MSTRG.452	37	110	343	0	0	0	102	327	0	0	0	94	871	0	0
MSTRG.4520	1050	1036	13	181	16	464	2324	3	96	51	791	2416	33	287	60
MSTRG.4521	223	258	442	4258	359	202	14	563	2715	673	130	11	529	2801	916
MSTRG.4522	433	414	54	1287	145	275	425	66	994	159	222	231	45	1427	126
MSTRG.4523	3991	2544	3	5828	9	2911	4793	60	11999	61	2614	2245	0	4576	14
MSTRG.4524	10979	300	64	1685	25	16568	278	28	10914	9	3859	479	10	2974	12
MSTRG.4525	17071	195	56	185	37	8280	253	35	171	50	17191	162	20	199	9
MSTRG.4526	142	2394	1875	53	5517	254	5074	216	451	7556	239	2538	1726	581	5490
MSTRG.4527	2221	13563	1344	3438	5169	2327	10012	1607	4319	3446	834	10118	1479	5055	4308
MSTRG.4528	3176	9	13829	8736	6	3165	0	9991	16677	160	1135	29	10377	6590	48
MSTRG.4529	2	464	4691	199	0	0	501	3375	1817	0	1	805	5024	1	0
MSTRG.453	71	105	350	923	1563	35	83	221	674	2102	94	118	612	882	462
MSTRG.4530	20945	23	12	3600	134	20826	96	348	2643	179	7062	246	0	2482	74
MSTRG.4531	6181	1913	4	1	34	3589	1011	3	1	16	6462	2933	4	59	24
MSTRG.4532	39	823	34	5	0	19	632	4	38	0	16	789	190	7	0
MSTRG.4533	7	10	282	1562	66	14	13	365	4809	59	15	45	281	1250	82
MSTRG.4534	3224	3196	40	476	281	3329	1667	17	242	398	1417	2663	11	320	316
MSTRG.4535	0	735	0	1975	635	0	468	0	1272	655	87	362	0	1746	768
MSTRG.4536	1113	93	4030	995	4951	1747	116	19266	469	3110	1420	110	13077	409	4493
MSTRG.4537	443	23307	11612	633	2119	20	17760	4228	243	2746	21	12875	1553	550	2334
MSTRG.4538	422	2268	4498	0	400	452	98	16608	0	705	114	3999	5308	0	173
MSTRG.4539	2403	263	2600	472	25	3032	198	594	483	366	1138	148	534	538	636
MSTRG.454	76	697	131	2164	357	65	555	114	1852	276	105	492	213	658	290
MSTRG.4540	303	447	39	1243	2	168	243	108	2026	110	402	408	57	447	22
MSTRG.4541	229	127	1123	59	0	210	70	1264	166	153	147	71	1145	43	0
MSTRG.4542	30	0	8	635	390	56	0	5	1080	43	26	0	20	765	149
MSTRG.4543	3065	343	142	42	263	4452	258	339	5	293	1889	360	102	25	140
MSTRG.4544	8321	1992	7	9877	3268	5966	1770	31	16092	4218	12178	3303	5	7473	3731
MSTRG.4545	14029	5048	29	730	205	9295	6792	29	1377	176	9678	7286	7	1815	218
MSTRG.4546	606	12793	261	0	875	636	11135	380	421	1813	741	8748	192	4	804
MSTRG.4547	0	178	458	0	22	0	1237	143	31	41	22	5	638	0	25
MSTRG.4548	2177	2127	394	0	1038	1016	2557	414	41	506	2889	3176	540	0	953
MSTRG.4549	1372	1	41	34	45	726	2	134	52	744	1125	48	110	55	0
MSTRG.455	19	0	73	322	2719	37	0	89	488	9994	2	0	183	225	3396
MSTRG.4550	9	157	1230	0	76	0	137	1035	362	83	86	151	1293	2	0
MSTRG.4551	4065	278	3650	229	478	2252	225	3775	85	1138	2293	181	4102	145	414
MSTRG.4552	224	6607	899	206	0	88	8080	376	610	15	179	5542	875	941	17
MSTRG.4553	28030	854	816	3	356	15642	1244	882	47	218	6049	956	667	11	485
MSTRG.4554	1127	2668	12	18	2012	57	1608	37	166	3093	2133	2150	0	37	2236
MSTRG.4555	202	0	16	0	502	163	1061	45	0	62	56	0	4	0	920
MSTRG.4556	303	15210	1041	94	2994	194	11655	1011	272	2738	354	610	794	127	2997
MSTRG.4557	119	0	3569	357	7241	44	24	405	249	3387	72	0	2786	345	16674
MSTRG.4558	0	799	0	2588	1294	0	400	0	2204	6244	0	130	0	4122	767
MSTRG.4559	0	0	1188	4951	1396	0	0	1583	5487	2213	0	0	1699	4020	1214
MSTRG.456	0	0	801	187	5269	0	0	441	62	10801	0	0	654	167	3037
MSTRG.4560	0	424	163	338	1521	0	6529	36	522	3454	16	123	17	364	1224
MSTRG.4561	2418	562	67	1463	764	1997	5801	228	1229	924	3273	570	228	1574	546
MSTRG.4562	162	1162	1732	705	1951	87	993	2484	220	1843	145	624	1117	407	2165
MSTRG.4563	244	15	447	0	1289	203	1	297	21	2372	195	57	254	6	1051
MSTRG.4564	15719	1326	6	3078	396	13780	1413	0	2452	222	3377	1884	95	2249	187
MSTRG.4565	1252	5956	2217	99	864	1186	5160	1958	5	419	901	4204	2066	78	341
MSTRG.4566	2992	1089	184	18	546	2086	1453	272	20	2858	1886	837	476	23	1074
MSTRG.4567	0	6601	3606	326	252	754	6088	2469	282	1505	0	6125	3991	42	281
MSTRG.4568	7450	1395	6	387	259	17140	356	1	657	274	728	388	6	58	220
MSTRG.4569	859	4	344	0	301	492	2	241	9	802	221	0	1170	2978	279
MSTRG.457	0	1543	2002	521	147	0	527	713	135	168	0	694	774	353	171
MSTRG.4570	0	959	16	0	0	0	782	5	0	107	0	776	14	0	24
MSTRG.4571	418	608	5	12	173	1479	2130	15	2361	241	53	833	8	10	196
MSTRG.4572	1518	85	36	558	1661	772	374	10	234	1421	317	235	15	322	1274
MSTRG.4573	66	1916	385	3284	43	41	2068	546	1385	96	30	942	715	2186	98
MSTRG.4574	1580	2172	811	916	118	1043	2174	5173	1195	293	1260	2115	1579	696	303
MSTRG.4575	8795	334	3248	32	215	896	409	12916	34	183	1926	672	2927	52	183
MSTRG.4576	344	8	17167	0	366	760	8	3257	0	161	47	6	8843	0	142
MSTRG.4577	0	1198	338	3652	339	0	1423	64	1824	373	0	1157	355	3211	1442
MSTRG.4578	292	253	977	1615	581	1	48	1754	0	1799	758	185	1444	1111	16
MSTRG.4579	642	184	1708	323	0	2	25	1163	255	41	801	134	1675	559	37
MSTRG.458	1969	788	1368	36	9	899	508	458	4	20	470	456	780	6	16
MSTRG.4580	6354	1167	0	448	288	4169	718	0	845	237	3676	684	0	423	315
MSTRG.4581	1188	4	0	9	3340	1254	3	0	29	3922	626	4	0	38	7591
MSTRG.4582	5823	35	0	16	14309	4339	53	0	60	11404	4182	36	0	35	11152
MSTRG.4583	1157	8	93	442	85	433	72	0	461	1194	649	0	228	520	1
MSTRG.4584	1132	34	0	948	1339	1184	61	0	1185	1056	572	21	0	654	1145
MSTRG.4585	1081	3758	23	6329	2	1655	678	88	7503	1	391	1901	15	7045	51
MSTRG.4586	134	1077	76	260	0	219	1352	92	235	13	184	1273	11	470	4
MSTRG.4587	1152	8038	181	308	796	1444	841	707	221	750	751	2601	1064	833	1106
MSTRG.4588	3344	171	351	110	1738	2188	716	134	45	3052	3132	94	202	108	1919
MSTRG.4589	522	0	16	413	285	382	0	0	444	166	486	0	0	396	281
MSTRG.459	834	188	246	2303	24	450	481	253	1994	53	300	393	332	1244	4
MSTRG.4590	1858	313	3377	3388	0	1108	2	2648	1136	0	948	1155	3306	1674	0
MSTRG.4591	157	620	8146	1489	1	60	2	32762	704	183	486	834	7717	650	183
MSTRG.4592	16	0	5227	1627	219	2	0	3342	1376	0	3	99	4138	1509	277
MSTRG.4593	646	4129	4020	990	0	743	11288	1485	206	0	895	6891	3453	250	0
MSTRG.4594	0	16742	528	575	1984	20	7151	335	340	3075	0	3986	451	296	1624
MSTRG.4595	1728	2597	0	1491	452	547	4229	0	440	261	563	3819	6	936	298
MSTRG.4596	1127	1718	0	2	6	83	243	0	1	105	52	377	0	51	71
MSTRG.4597	1840	295	278	75	34	1702	472	310	22	153	1267	408	645	16	138
MSTRG.4598	16695	1019	8	101	1	10092	1156	67	6	1	10783	1163	65	23	17
MSTRG.4599	4758	5	388	982	833	4132	7	1061	1041	885	4620	9	691	719	1651
MSTRG.46	9160	1886	1149	6	1003	6742	1895	470	4	1082	7840	3968	1302	84	2613
MSTRG.460	335	39	8704	3808	8	257	45	5517	4372	5	409	72	1941	3633	16
MSTRG.4600	32	154	222	2039	72	250	310	468	2784	154	1	112	142	1816	77
MSTRG.4601	179	2225	34	904	0	122	2785	128	1440	0	343	2287	2	692	0
MSTRG.4602	191	62	10130	155	283	126	28	8004	110	29	214	29	6868	245	199
MSTRG.4603	77	48	151	606	97	130	29	248	722	93	105	40	147	366	27
MSTRG.4604	1	254	6521	278	425	1	319	7492	183	645	0	230	7605	107	797
MSTRG.4605	0	537	5514	214	48	0	410	2842	267	114	0	863	4123	129	307
MSTRG.4606	7638	648	0	653	74	11099	383	0	124	117	2589	644	0	409	151
MSTRG.4607	10002	1	44	1514	5783	18456	6	85	837	16396	3313	7	45	1081	5346
MSTRG.4608	3861	1343	166	57	677	3814	933	173	46	409	1445	1248	112	78	367
MSTRG.4609	88	3920	61	10757	1457	184	4668	16	6812	1238	89	2501	11	6648	991
MSTRG.461	50	0	35	4094	3352	70	0	1345	10440	6520	58	0	79	4749	3464
MSTRG.4610	1299	695	0	0	3766	1281	301	0	0	1265	1163	328	0	0	7576
MSTRG.4611	10	642	336	811	1227	12	226	483	521	784	22	706	389	1105	1197
MSTRG.4612	188	595	734	1029	14	275	827	999	893	34	102	684	778	768	99
MSTRG.4613	2927	4	3553	425	33	3258	15	1110	943	19	2259	49	2706	134	48
MSTRG.4614	367	11	2589	27538	831	69	101	3216	2619	771	230	0	3432	2133	655
MSTRG.4615	85	1415	820	10084	106	89	2243	696	6051	120	112	1109	408	7262	300
MSTRG.4616	271	80	2744	149	3410	244	130	418	142	2678	211	37	2968	83	1828
MSTRG.4617	635	3137	51	743	1172	312	630	376	433	850	868	4126	687	214	1331
MSTRG.4618	994	0	3	9681	7111	382	0	65	9444	9287	660	0	39	4212	4787
MSTRG.4619	233	1420	1206	5811	1251	76	1273	1481	5386	6557	218	1624	1372	3527	983
MSTRG.462	0	4264	947	6880	167	0	27686	416	9538	12	0	7355	346	4010	150
MSTRG.4620	1692	240	295	712	100	946	345	12	1540	109	964	144	40	746	168
MSTRG.4621	4192	29	256	339	53	4333	77	233	438	182	1340	102	195	217	36
MSTRG.4622	643	1883	18	6663	1781	276	1910	0	6241	4051	463	1642	0	6543	1467
MSTRG.4623	710	546	5367	58	164	277	355	4522	33	151	648	354	4280	27	190
MSTRG.4624	948	34	278	7	1987	642	1	221	257	1324	552	78	447	36	1914
MSTRG.4625	1372	4022	1056	9	895	1418	2695	1184	185	545	1165	2949	1204	65	632
MSTRG.4626	352	144	38	0	652	131	140	31	0	430	64	341	26	0	498
MSTRG.4627	1	3140	56	7031	0	1	2635	64	2143	0	15	3629	24	2373	0
MSTRG.4628	4888	8	13	139	5	1150	1	2214	39	1	5737	5	5	92	0
MSTRG.4629	0	607	11984	80	1	0	482	17313	82	1	0	1016	8581	141	0
MSTRG.463	17223	1132	65	205	12	17864	7238	10	194	197	4702	2160	15	155	391
MSTRG.4630	1944	393	14975	1784	10	1904	528	23678	0	6	1626	547	15962	0	48
MSTRG.4631	238	647	14	349	264	257	2887	14	6	232	39	927	11	534	202
MSTRG.4632	10	2598	153	1131	147	23	14896	259	6	349	32	2087	37	60	270
MSTRG.4633	115	13537	1	628	695	280	9243	1	348	1676	227	3614	1	256	525
MSTRG.4634	2687	33	40	0	110	2393	21	1	0	289	682	0	75	0	74
MSTRG.4635	490	506	16	0	541	204	230	15	0	839	165	378	6	0	742
MSTRG.4636	25	963	114	126	27	0	1629	0	524	12	38	1145	438	65	26
MSTRG.4637	58	3162	1	0	8022	0	1881	1	0	13392	64	2195	1	0	4570
MSTRG.4638	3498	0	1174	0	591	2391	0	4225	0	1413	2252	0	2081	0	1095
MSTRG.4639	278	0	352	4184	3	195	0	276	2644	12	384	0	1024	1607	0
MSTRG.464	44	52	28	22	1127	693	632	37	20	1097	62	99	131	33	718
MSTRG.4640	3923	0	652	1660	104	2800	0	138	1666	103	2974	0	1060	1010	158
MSTRG.4641	8	0	3084	1247	254	1	1	2449	1095	121	6	3	3817	1060	165
MSTRG.4642	2	0	3363	4930	20	3	0	2315	9844	420	2	0	4941	1931	421
MSTRG.4643	1	9	7703	0	9	7	155	754	0	8	1	81	9477	0	73
MSTRG.4644	706	15	1867	202	0	421	11	2601	668	0	1055	0	1580	427	0
MSTRG.4645	1	99	2185	38439	79	4	614	1839	64385	210	1	1001	1415	26607	89
MSTRG.4646	5	407	2214	3153	413	33	327	1489	1308	172	3	290	2312	1682	602
MSTRG.4647	48	32	15	112	2297	24	3	8	40	2269	28	0	9	73	4791
MSTRG.4648	66	2043	934	2004	4306	37	2428	1148	931	4984	90	3152	660	1426	4252
MSTRG.4649	446	6660	894	866	303	372	23176	2681	351	668	426	6576	793	534	366
MSTRG.465	844	16174	995	27	6393	1229	11460	542	95	14791	426	21536	800	13	5012
MSTRG.4650	867	4364	904	1913	1614	4361	4413	720	657	1173	851	4373	1208	1129	1826
MSTRG.4651	3313	6403	1430	48	552	11102	2793	3561	13	389	1347	4105	1292	35	239
MSTRG.4652	11190	720	499	478	2424	9060	524	215	570	1862	1395	480	315	635	2533
MSTRG.4653	1256	0	668	86	7	266	0	145	115	1	475	0	647	214	5
MSTRG.4654	1181	346	485	272	38	1386	480	2456	44	21	733	559	765	54	39
MSTRG.4655	2522	7	24	11227	31	1684	74	82	8360	925	1502	44	8	6837	184
MSTRG.4656	0	345	305	23800	2	0	1315	439	28993	2	0	748	361	8269	2151
MSTRG.4657	0	184	417	51	0	0	645	1134	5	0	0	131	312	10	0
MSTRG.4658	0	18	2087	181	4	0	102	1234	841	772	0	11	1308	188	13
MSTRG.4659	30	12779	492	856	2194	0	9018	517	434	1584	0	7546	515	379	1547
MSTRG.466	79	7969	0	38	74	4	8440	0	2478	52	9	8622	0	55	132
MSTRG.4660	0	107	183	3	588	0	131	189	1	905	0	102	90	4	466
MSTRG.4661	26	6359	292	1133	65	146	5728	133	1584	123	47	4935	252	1545	42
MSTRG.4662	61	7571	531	948	1	28	7067	247	1274	4	1	8359	1539	954	0
MSTRG.4663	189	90	535	129	0	826	149	967	2	0	847	19	100	231	0
MSTRG.4664	67	515	9	118	2927	154	1251	8	128	1623	112	513	28	126	3218
MSTRG.4665	0	12	322	3145	2359	5	16	402	2451	0	15	0	468	2435	1896
MSTRG.4666	2805	654	2	31	246	1974	928	122	5	468	1879	885	208	19	882
MSTRG.4667	1530	6199	0	0	432	2350	3936	0	0	577	1004	7144	0	0	472
MSTRG.4668	5444	2702	0	0	13	4269	3731	0	0	22	3772	2818	0	0	6
MSTRG.4669	6492	109	2504	27	42	3227	29	1778	23	18	4594	17	1536	84	68
MSTRG.467	1023	2	2175	1427	4262	406	1	2197	2031	4116	640	62	637	1942	3550
MSTRG.4670	643	662	526	170	331	416	1095	368	28	406	593	407	232	83	381
MSTRG.4671	8329	40	62	29	931	21673	275	171	0	1170	3903	795	108	5	891
MSTRG.4672	0	4	262	7	4276	0	86	92	69	8009	0	22	225	29	6313
MSTRG.4673	274	0	1818	7588	212	402	94	276	12385	253	576	321	1362	6858	240
MSTRG.4674	23	10	60	2132	293	85	1	111	322	193	32	11	94	978	262
MSTRG.4675	640	583	0	1191	20	873	67	0	972	7	577	271	0	707	92
MSTRG.4676	19	215	133	2125	62	0	368	0	1019	44	0	118	124	1100	37
MSTRG.4677	203	16	321	9668	253	247	0	53	11180	335	112	0	53	4904	387
MSTRG.4678	24	5756	675	361	2144	113	5002	881	167	1600	4	6055	673	386	1993
MSTRG.4679	14832	334	36	154	1311	11268	274	91	242	916	6824	330	206	96	1025
MSTRG.468	0	18	529	558	511	0	204	217	1285	362	0	103	286	1224	263
MSTRG.4680	10228	1474	404	4466	2239	10302	1106	122	4731	1272	7674	1271	235	2430	1470
MSTRG.4681	3687	61	1854	4307	594	970	47	1137	10511	386	2177	27	1409	2737	373
MSTRG.4682	63	977	4179	0	1312	219	663	2272	0	467	30	830	10009	0	1953
MSTRG.4683	31	55	1804	146	132	244	687	573	139	10	34	116	1575	134	225
MSTRG.4684	0	10031	181	148	25	0	10099	366	205	2	0	10347	178	223	22
MSTRG.4685	278	3500	8674	653	967	209	3579	25048	653	862	127	1788	5319	414	853
MSTRG.4686	2	0	42	2208	1845	6	0	99	1158	2545	13	0	128	1260	2588
MSTRG.4687	1	73	940	1313	1090	1	80	583	1141	1344	1	76	883	1185	1018
MSTRG.4688	0	207	216	421	176	0	252	159	919	61	0	157	462	123	269
MSTRG.4689	443	0	4422	290	355	598	0	1603	1636	417	324	0	3641	120	264
MSTRG.469	2913	5	185	618	121	2481	1	242	36	201	650	2	205	103	80
MSTRG.4690	932	146	1420	348	255	836	196	1331	348	158	625	121	1567	338	116
MSTRG.4691	6921	401	9046	120	215	2647	353	15492	0	245	5396	319	5995	156	159
MSTRG.4692	3177	1569	1955	75	585	3384	3613	8887	222	117	2456	1777	1306	657	471
MSTRG.4693	451	1378	259	315	1790	109	1076	158	63	1181	63	798	196	224	1635
MSTRG.4694	886	370	160	208	46	810	214	186	107	19	270	687	265	64	54
MSTRG.4695	1002	573	720	469	5063	1101	235	422	263	7824	2959	1066	442	227	4756
MSTRG.4696	11	2955	4491	8364	73	98	2802	5646	10994	0	36	3634	2788	6864	27
MSTRG.4697	14	4702	151	5505	0	1	2690	13	4844	0	23	4424	2	1963	0
MSTRG.4698	870	7644	0	4858	673	70	4133	0	1344	641	126	14712	0	3302	1232
MSTRG.4699	291	1404	1814	574	1017	277	4464	5077	736	821	95	1077	1967	379	1135
MSTRG.47	1565	755	8575	2506	7412	2601	371	5229	1198	14604	1367	1267	7419	2270	5009
MSTRG.470	591	6	477	135	212	309	241	142	216	4	309	26	657	264	33
MSTRG.4700	26	2807	2143	615	352	0	2021	1079	767	574	0	1865	2612	189	72
MSTRG.4701	6473	1855	841	181	2	4495	1719	279	316	38	4885	2390	687	672	22
MSTRG.4702	1632	21	839	3128	1888	1328	9	311	2468	2037	1156	5	517	1445	992
MSTRG.4703	472	911	10	3493	6609	1222	1028	25	1205	5156	75	817	9	1885	3366
MSTRG.4704	2586	3413	1	1558	1	4424	3798	3	1663	1	1798	4454	8	1734	1
MSTRG.4705	1191	399	26	0	110	1257	254	4	0	61	557	244	80	0	67
MSTRG.4706	399	666	666	114	137	228	277	999	156	73	628	327	685	83	9
MSTRG.4707	557	492	1287	149	1723	201	1648	696	68	3143	1353	1620	817	157	943
MSTRG.4708	3518	26	306	67	6828	3128	43	362	137	6872	3952	12	206	90	2173
MSTRG.4709	4571	267	685	0	5132	2670	445	1149	42	5915	4097	368	718	0	4434
MSTRG.471	435	290	3576	1	4460	502	2157	6912	32	2929	362	571	3267	3	27657
MSTRG.4710	8115	531	48	3476	1070	3044	1418	1	3381	1360	16955	335	20	3157	890
MSTRG.4711	1141	158	10080	910	706	3169	164	9021	394	1207	302	204	8276	398	676
MSTRG.4712	2211	1027	879	166	380	2034	1718	1641	230	300	1645	766	1050	99	219
MSTRG.4713	1843	373	9	465	7817	2452	363	588	1499	9158	1833	202	0	778	9530
MSTRG.4714	1191	320	0	1018	287	966	249	52	1038	285	623	225	0	720	164
MSTRG.4715	1877	305	3	714	11	1543	161	979	12368	513	2365	199	0	11533	31
MSTRG.4716	1758	507	312	491	0	1788	521	111	1079	0	1193	1745	251	518	0
MSTRG.4717	474	194	574	1019	4563	192	324	133	1852	3297	164	11	557	2039	4608
MSTRG.4718	397	545	2	543	103	227	847	55	657	36	290	109	0	439	57
MSTRG.4719	954	489	26	186	74	1973	419	9	0	79	971	408	39	22	164
MSTRG.472	319	75	115	2366	0	46	5	640	3125	0	269	18	763	2869	0
MSTRG.4720	36	1	59	516	2	60	129	365	1026	2	5	293	45	482	12
MSTRG.4721	241	311	0	450	631	278	0	0	44	0	228	258	0	276	0
MSTRG.4722	73	0	128	2382	107	32	0	72	4255	2	22	0	129	1816	358
MSTRG.4723	582	4000	496	111	509	1400	3016	154	7	5	264	2716	546	123	595
MSTRG.4724	2	40	2586	49	640	68	33	3386	52	8	26	42	5463	17	38
MSTRG.4725	267	198	5040	0	1282	134	378	3950	0	948	269	278	4870	0	1090
MSTRG.4726	1127	1	4	1709	0	1288	1	3	556	0	604	16	16	1180	0
MSTRG.4727	597	2837	389	47	0	368	383	466	9	0	526	895	402	58	0
MSTRG.4728	365	77	1573	26	84	233	134	856	3	592	217	76	2472	27	27
MSTRG.4729	679	0	1	2922	1933	403	0	1	4970	1450	2051	0	1	2846	2679
MSTRG.473	3499	27	1282	81	753	4271	37	635	76	586	1738	4	1347	195	922
MSTRG.4730	409	301	773	481	0	127	11	327	1471	0	182	5	327	562	0
MSTRG.4731	469	1039	3393	7484	0	2027	78	1571	2757	0	78	10	3275	6245	0
MSTRG.4732	0	472	117	311	2946	47	731	20	309	2926	2	807	96	109	1605
MSTRG.4733	560	70	29	33	1176	524	111	33	40	1448	279	216	29	54	998
MSTRG.4734	339	206	8	199	1	305	147	61	52	27	167	95	3	195	6
MSTRG.4735	2348	1340	7	264	1004	4295	1421	3	751	922	2225	1109	1127	457	1166
MSTRG.4736	140	2892	0	10384	2753	33	2016	0	61073	8044	10	8546	0	8509	1236
MSTRG.4737	0	1746	6	1904	112	0	894	20	2034	8	0	1604	0	2125	47
MSTRG.4738	6	10925	14	598	341	183	20339	1334	10	1139	406	9164	0	346	671
MSTRG.4739	311	53	522	195	164	0	102	210	16	542	141	132	463	93	266
MSTRG.474	60	915	8346	1209	1610	399	560	7666	697	1561	379	741	5179	870	485
MSTRG.4740	0	52	3137	561	32175	0	56	1929	206	48118	0	79	2919	529	15790
MSTRG.4741	2791	1048	870	0	2404	2426	433	661	0	981	1423	918	722	0	1647
MSTRG.4742	387	198	118	0	1538	362	154	221	0	1208	183	369	115	0	1436
MSTRG.4743	47	4720	0	235	701	119	2098	0	697	408	54	2712	0	421	588
MSTRG.4744	79	1863	3244	26079	1645	143	1193	1196	28924	623	92	1914	3263	22734	1294
MSTRG.4745	4622	8032	2190	1005	0	585	16527	0	1153	0	1501	4666	1895	1379	0
MSTRG.4746	84	2572	339	1302	337	158	3127	287	2648	700	77	2300	1111	1156	649
MSTRG.4747	0	601	512	9	78	0	202	606	199	204	0	385	594	14	141
MSTRG.4748	177	482	4	27	41	187	287	10	36	7	0	368	48	17	412
MSTRG.4749	464	447	29	37	8257	678	805	61	64	7857	946	250	72	218	7606
MSTRG.475	1140	0	137	662	215	832	0	33	1557	232	721	0	139	847	183
MSTRG.4750	44	8096	551	564	2961	127	8053	474	460	3479	228	6072	723	1412	3757
MSTRG.4751	285	2019	924	458	866	189	403	588	597	0	84	344	1171	491	769
MSTRG.4752	1693	0	6114	265	10	1212	0	6456	458	134	642	0	5708	261	298
MSTRG.4753	4657	1797	270	83	116	1863	5645	317	105	110	8626	1806	357	113	65
MSTRG.4754	2201	2407	865	240	2	1037	1543	494	314	5	1436	2339	589	473	48
MSTRG.4755	11217	618	116	1005	7	19916	360	52	1112	36	6361	438	156	252	3
MSTRG.4756	46	792	449	537	74	68	448	545	601	138	79	543	558	532	137
MSTRG.4757	113	35	5018	5	10	77	11	1410	368	6	112	3	5674	3	26
MSTRG.4758	1106	13	919	43	117	677	1	626	31	60	878	2	105	396	300
MSTRG.4759	257	316	2338	160	0	150	289	2983	24537	0	215	241	2341	684	0
MSTRG.476	3788	1875	5816	303	184	8931	2278	2537	125	111	1654	1104	5848	189	420
MSTRG.4760	5448	279	150	532	0	2409	795	22	687	0	2345	457	19	575	0
MSTRG.4761	2408	245	115	6	31	1121	430	11	0	28	1208	252	59	1	39
MSTRG.4762	11007	772	43	86	105	11740	1311	1	54	23	3219	753	55	36	54
MSTRG.4763	4852	614	99	6181	13	4541	541	4	5788	0	2243	288	87	4495	18
MSTRG.4764	726	682	888	107	1091	300	1109	1047	91	3217	327	751	804	140	1599
MSTRG.4765	550	51	3123	0	798	309	14	4931	0	193	808	9	2300	0	511
MSTRG.4766	6799	9285	1259	1517	2763	5027	10649	997	767	5927	9243	6660	1100	1179	2905
MSTRG.4767	14301	527	183	1771	793	14943	1534	88	2743	748	9239	1321	345	1083	726
MSTRG.4768	180	608	463	41	476	1180	247	458	40	1174	0	428	160	13	1095
MSTRG.4769	2	279	401	247	1352	12	786	465	55	450	22	839	234	205	1065
MSTRG.477	77	625	44	7811	368	55	391	91	1487	202	238	399	169	3475	607
MSTRG.4770	2841	3	654	93	1052	2003	72	87	173	178	1873	8	679	108	867
MSTRG.4771	0	0	2028	466	6007	2	38	664	2194	12999	0	2	1416	775	5718
MSTRG.4772	2392	665	168	230	325	5523	320	38	594	112	1412	105	100	330	448
MSTRG.4773	3404	0	9077	4	106	1439	0	5847	12	159	2707	0	5328	1	124
MSTRG.4774	832	461	1	21	1251	324	262	1	20	10872	329	154	1	25	17469
MSTRG.4775	978	347	107	78	4436	477	271	1	97	5770	512	535	39	81	2696
MSTRG.4776	74	1564	0	147	0	51	2876	0	125	0	54	4496	0	71	0
MSTRG.4777	1	4223	813	76	348	3	5346	427	83	111	2	4641	1583	69	53
MSTRG.4778	207	444	1291	419	121	186	629	597	325	220	146	420	1333	158	175
MSTRG.4779	679	1283	440	311	513	713	1062	630	3171	726	412	1545	119	351	396
MSTRG.478	5258	436	126	2254	1707	3448	437	68	1245	1728	5261	445	124	1548	1177
MSTRG.4780	1744	0	2806	178	63	1553	0	683	469	9	556	2	1147	207	12
MSTRG.4781	1579	652	8228	7294	1296	1735	396	3173	2676	2021	819	416	6051	2054	1061
MSTRG.4782	30	1	174	1058	7125	16	2	105	1559	11002	18	1	71	1553	6897
MSTRG.4783	10797	2915	903	296	111	10969	1800	727	143	1107	4547	3271	656	259	164
MSTRG.4784	1162	27	7426	22	195	1450	12	5194	14	1358	1038	55	3292	72	200
MSTRG.4785	170	1	5787	36	319	125	1	5661	8	446	162	1	4840	68	327
MSTRG.4786	440	90	1680	98	0	135	305	2671	24	0	246	180	1579	0	0
MSTRG.4787	140	3	900	209	22	669	9	1811	0	130	141	2600	604	0	61
MSTRG.4788	3	0	9098	0	226	77	0	6891	0	130	7	0	13615	0	281
MSTRG.4789	19	13	261	213	283	111	720	250	164	97	20	97	457	117	78
MSTRG.479	89	275	0	145	2965	115	53	0	18	1944	148	437	0	329	24722
MSTRG.4790	139	228	73	92	69	260	178	23	54	30	144	340	34	132	16
MSTRG.4791	246	5466	15	296	4213	30	1995	296	182	6603	30	4074	60	213	2136
MSTRG.4792	333	945	0	4478	4479	247	982	0	4046	2338	176	1080	0	1405	3519
MSTRG.4793	373	197	5743	1061	661	152	250	640	1226	613	352	125	3606	2139	412
MSTRG.4794	3420	3	0	742	760	1865	1	3	687	511	4078	1	5	1146	141
MSTRG.4795	4490	0	98	96	177	4093	0	45	80	505	2992	0	57	44	617
MSTRG.4796	385	2178	93	5654	902	533	1511	140	23147	499	280	3103	189	4371	363
MSTRG.4797	2004	1838	340	4975	643	1423	0	6	4421	684	1581	1174	791	4231	612
MSTRG.4798	1	277	8	6	2413	1	440	2	0	1994	0	884	17	18	1287
MSTRG.4799	2971	517	494	7	1956	1797	700	0	46	1591	2050	468	0	44	2104
MSTRG.48	154	8372	185	14653	220	123	3914	127	9613	41	8	8197	26	10910	18
MSTRG.480	92	424	864	127	322	110	580	1020	832	133	66	494	1182	174	332
MSTRG.4800	32	8	654	4	0	9	48	0	3	0	39	19	15	6	0
MSTRG.4801	426	50	1691	22	181	858	10	1033	2	115	330	9	936	8	193
MSTRG.4802	14	38	0	183	69	6	74	0	229	82	1428	45	0	269	86
MSTRG.4803	0	527	0	5858	363	0	427	0	6788	537	0	623	0	5018	787
MSTRG.4804	992	123	153	1490	670	1648	29	1024	1678	404	52	22	63	1744	341
MSTRG.4805	15	648	1907	2095	216	1	808	3027	1241	69	0	940	3235	6983	149
MSTRG.4806	7690	6653	11	3645	359	2757	8416	56	2090	1063	5964	8850	0	3199	638
MSTRG.4807	1042	439	0	5755	941	933	329	0	6725	891	894	507	20	3456	634
MSTRG.4808	153	1563	88	1124	468	262	434	6	554	10982	119	986	0	1449	2659
MSTRG.4809	0	120	2571	5	457	0	59	1509	581	676	0	149	1607	170	573
MSTRG.481	0	2805	673	2750	184	0	2432	1061	3834	235	0	2722	708	1556	1623
MSTRG.4810	4007	525	1949	223	915	2394	421	2142	891	1277	3871	890	1810	319	1605
MSTRG.4811	2613	2122	1290	1169	530	0	1566	1544	597	617	867	2395	1297	1314	592
MSTRG.4812	284	459	2500	2932	2497	408	320	4907	3320	2232	1154	139	1774	3015	2125
MSTRG.4813	543	1883	0	0	152	553	1643	0	509	0	371	1839	0	415	57
MSTRG.4814	28	601	536	1099	89	40	109	809	792	10	11	143	569	1001	104
MSTRG.4815	85	267	8	1	18	86	243	1	546	14	39	207	74	263	9
MSTRG.4816	809	952	192	1429	489	740	448	692	1106	125	652	1377	301	593	183
MSTRG.4817	9328	195	32659	74	1	9090	105	35510	162	1	7220	149	26672	100	1
MSTRG.4818	485	858	2840	199	2106	376	1323	608	148	2598	376	951	1910	222	1655
MSTRG.4819	1137	2271	1368	6308	89	610	4830	623	5162	5	920	2087	1241	2357	146
MSTRG.482	995	905	210	4701	2833	804	817	804	12520	2148	917	875	224	2733	22284
MSTRG.4820	185	852	615	7875	57	62	1182	352	7442	20	144	739	772	14341	23
MSTRG.4821	1159	110	674	19694	0	412	210	503	6895	0	631	310	436	6333	0
MSTRG.4822	2853	1792	1892	727	1543	1715	2081	818	1	554	1616	1110	1161	745	1315
MSTRG.4823	1079	476	0	146	4184	910	380	0	62	6319	797	187	0	152	3950
MSTRG.4824	1844	686	0	18	154	1456	194	0	24	298	1456	698	36	3	317
MSTRG.4825	532	1595	474	60	4379	78	1249	504	50	2796	115	1023	516	77	2990
MSTRG.4826	931	1567	522	14	236	411	1667	208	11	315	338	895	488	30	173
MSTRG.4827	840	9991	5142	156	126	294	7366	5232	51	67	854	5942	5301	222	158
MSTRG.4828	249	1	15559	2399	3182	65	0	14704	1854	4672	96	0	15039	1712	3824
MSTRG.4829	965	273	111	5788	28435	936	2	29	4144	22954	473	45	13	2805	16028
MSTRG.483	1192	15	326	6015	39	750	679	2	6018	50	326	671	317	2949	117
MSTRG.4830	2669	17	193	128	1	4066	1	170	95	10	1232	1	338	192	10
MSTRG.4831	1255	0	0	2318	539	1143	0	1	3770	505	520	0	1	1052	578
MSTRG.4832	159	865	6	5	3	121	818	13	10	1	182	1405	1	44	5
MSTRG.4833	918	1174	5	109	1398	1377	1325	8	716	1300	487	1135	5	284	1401
MSTRG.4834	509	563	1654	2462	732	444	975	1192	1620	1185	191	200	1759	1050	674
MSTRG.4835	468	3335	830	88	157	399	2928	1636	440	2	296	1781	774	87	135
MSTRG.4836	537	8670	98	28	76	144	6275	9	269	109	401	7093	172	41	141
MSTRG.4837	1540	100	6241	17742	1996	1059	157	2036	6152	2053	660	33	4585	2807	2070
MSTRG.4838	905	1587	16	4531	20	1613	2008	5	13887	29	968	1183	4	8105	8
MSTRG.4839	10834	6294	0	2199	3945	8095	7030	0	2911	2417	5545	4356	0	203	2931
MSTRG.484	229	4394	31	2394	1229	370	12573	39	3209	737	262	4274	45	2921	912
MSTRG.4840	318	5310	0	805	31	0	6190	0	223	9	106	5788	0	120	0
MSTRG.4841	30	716	15	458	16	1	1206	86	70	5	19	697	203	75	36
MSTRG.4842	0	4631	129	11826	10221	0	5422	38	5134	3599	0	4876	128	4867	5723
MSTRG.4843	1015	75	25	2865	5863	693	23	0	2713	5996	1559	27	8	1309	6435
MSTRG.4844	1294	0	28	2562	10	879	0	74	5542	40	1031	0	32	1878	17
MSTRG.4845	542	5404	783	696	1	809	1902	1877	436	1	107	2423	1801	389	1
MSTRG.4846	3713	69	856	274	1	2496	0	475	152	0	1344	42	1173	245	0
MSTRG.4847	7975	209	4587	1105	0	5347	46	6880	507	0	6517	78	5868	1780	0
MSTRG.4848	0	121	1290	671	0	0	109	890	233	0	1	162	635	679	0
MSTRG.4849	66	2329	1694	69	358	2	0	341	69	622	5	0	958	2	301
MSTRG.485	482	137	419	253	49	90	53	160	740	52	611	148	532	379	33
MSTRG.4850	200	306	52	98	241	43	9	52	10	570	95	162	14	0	426
MSTRG.4851	455	177	76	352	8828	130	6	43	532	49889	332	594	36	437	9995
MSTRG.4852	7352	764	1460	2966	1650	5839	6	255	2686	2346	2170	23	1259	2731	1759
MSTRG.4853	6912	584	7499	1548	57	5716	650	11335	1412	634	4660	252	8579	5454	273
MSTRG.4854	2138	0	288	564	91	1789	0	133	794	1671	1064	0	568	572	926
MSTRG.4855	913	0	149	399	662	1183	0	127	490	228	534	0	205	796	588
MSTRG.4856	504	92	2131	178	29	355	474	10104	108	1	226	67	2097	769	3
MSTRG.4857	5627	0	4584	472	15	5900	0	10511	482	1	4446	0	3884	2896	0
MSTRG.4858	33990	0	0	159	488	12196	0	0	246	680	10055	0	0	288	658
MSTRG.4859	47	2414	719	1091	2	174	1825	111	1297	0	149	1481	162	1234	0
MSTRG.486	549	5310	50	1818	455	287	2281	4	2445	1756	561	5342	5	2367	674
MSTRG.4860	3	1226	0	14920	19655	4	1005	18	5352	29463	1	938	0	2647	17597
MSTRG.4861	22	1190	212	11577	1222	11	1417	375	10765	1398	11	1211	264	3605	2532
MSTRG.4862	7	2804	579	33	17	3	4354	520	324	74	3	1513	419	47	19
MSTRG.4863	977	261	30	405	121	1222	191	1	661	81	838	383	4	297	501
MSTRG.4864	1040	707	1558	2197	1072	1227	930	814	1963	836	534	698	1284	1852	511
MSTRG.4865	206	34047	1415	47889	123	5	33073	1043	34225	787	126	26903	1540	18204	115
MSTRG.4866	7486	2740	254	104	58	2665	844	879	220	433	3648	1792	179	402	81
MSTRG.4867	948	1201	191	379	448	841	667	1621	660	491	687	1296	155	167	686
MSTRG.4868	5409	806	269	1142	381	3625	328	271	1327	411	5851	638	591	1026	391
MSTRG.4869	63	395	0	475	1189	21	499	0	432	1372	36	419	0	641	570
MSTRG.487	2641	120	0	1030	156	1602	0	0	2157	73	1795	97	0	1822	179
MSTRG.4870	0	1584	149	3846	31	0	810	533	2344	107	0	1322	149	1341	281
MSTRG.4871	4638	104	239	2603	238	1502	45	102	3254	193	1430	94	255	2113	130
MSTRG.4872	193	580	279	2230	87	69	1076	158	2742	400	77	804	146	2007	0
MSTRG.4873	171	126	530	2330	76	117	369	273	1944	53	150	350	409	2259	34
MSTRG.4874	2895	300	7419	174	971	0	204	7822	298	8063	8	336	7378	168	432
MSTRG.4875	270	6799	5202	0	2380	7	9046	6119	0	3360	151	7096	2405	0	4074
MSTRG.4876	355	3991	5864	5602	61	14	4957	2347	5429	94	362	6405	5332	3328	47
MSTRG.4877	529	1176	760	2812	0	0	7	775	6957	0	28	1587	514	5494	0
MSTRG.4878	1049	255	798	404	1324	316	219	715	287	1000	498	161	242	223	1133
MSTRG.4879	0	45	220	145	1029	0	63	196	73	1611	0	42	546	151	780
MSTRG.488	31044	93	2318	332	67	29497	148	1740	739	31	6992	98	1909	520	48
MSTRG.4880	0	32	1015	0	106	0	65	110	0	65	0	11	511	0	134
MSTRG.4881	193	4	1028	1651	173	661	21	1012	414	50	44	39	1149	1400	225
MSTRG.4882	0	116	2411	454	61	0	100	797	389	110	0	310	1833	1147	51
MSTRG.4883	0	0	97	72	409	0	0	77	788	1662	0	0	175	161	388
MSTRG.4884	2385	0	2337	1289	331	2076	0	2865	1142	391	1115	0	2320	707	279
MSTRG.4885	1461	12	0	713	48	1344	28	0	1418	84	831	134	0	870	69
MSTRG.4886	1306	214	342	194	102	1250	33	74	298	69	1024	128	126	30	53
MSTRG.4887	6230	50	191	2769	67	6014	23	54	4150	47	2200	0	264	3371	56
MSTRG.4888	0	1328	87	508	389	0	2458	105	537	399	0	2199	107	465	127
MSTRG.4889	2	592	936	7480	158	0	312	1756	10604	1774	6	580	1572	6259	202
MSTRG.489	10586	0	15867	758	3390	14213	0	9224	1091	1871	6814	0	2998	881	2498
MSTRG.4890	403	6079	836	4285	916	431	6030	426	3440	1635	271	6565	564	2943	1348
MSTRG.4891	40627	2537	137	206	304	36262	1365	97	832	1035	19065	2494	139	124	254
MSTRG.4892	2736	1085	466	306	5698	835	958	1234	638	1908	964	625	970	499	3844
MSTRG.4893	1547	161	1094	1	315	618	41	730	1	86	1196	29	825	71	181
MSTRG.4894	748	454	1065	3490	731	377	211	14031	3586	1756	428	98	2736	3977	882
MSTRG.4895	590	7867	600	1054	685	504	12232	917	725	778	489	11414	781	500	987
MSTRG.4896	1994	188	817	636	69	748	118	806	2488	84	1203	327	2316	492	79
MSTRG.4897	47	187	403	77	3452	23	159	392	468	3109	38	162	557	67	2720
MSTRG.4898	748	2001	2461	86	696	891	1705	1479	123	967	871	2290	2842	45	1339
MSTRG.4899	204	3238	184	1280	52	287	5019	0	478	2	419	2926	66	1071	46
MSTRG.49	336	184	346	1809	223	385	175	224	610	176	370	5	528	1313	338
MSTRG.490	7854	791	3576	2261	2024	8387	915	5646	557	1728	7216	1322	4708	1654	2140
MSTRG.4900	347	0	291	10115	104	6	0	53	11696	19	39	0	136	10536	0
MSTRG.4901	0	306	27	242	183	0	158	14	648	0	0	352	21	254	0
MSTRG.4902	0	178	72	42	0	0	452	0	247	0	0	364	227	21	0
MSTRG.4903	29	471	3209	29	274	84	560	2798	127	208	153	405	3410	23	251
MSTRG.4904	220	28	87	4178	394	60	18	68	2915	139	95	3	45	2262	241
MSTRG.4905	0	2442	0	1818	6357	0	2661	0	1160	6898	0	1619	0	1229	5821
MSTRG.4906	11330	2425	2220	5370	599	11088	1622	516	9447	968	8908	2119	1409	5432	728
MSTRG.4907	88	120	12	661	1860	9	538	5	767	1178	28	152	44	499	2909
MSTRG.4908	950	165	5255	734	13	916	258	9356	473	32	819	370	5888	601	27
MSTRG.4909	1738	108	491	1154	3137	988	69	1254	856	2480	668	157	517	1171	2869
MSTRG.491	10	1181	2018	238	151	3	1091	3828	65	28	43	497	2945	97	199
MSTRG.4910	203	258	6668	6124	3495	10	992	1399	6398	7753	2	2282	4734	2546	2997
MSTRG.4911	1799	275	269	1559	890	262	172	242	2141	552	1190	93	163	1237	1591
MSTRG.4912	10796	457	196	42	2	11836	282	95	490	445	10173	280	129	258	158
MSTRG.4913	421	7022	268	1388	18	175	7780	653	2177	45	354	7070	535	502	25
MSTRG.4914	233	4021	9253	70	75	199	5173	89648	209	483	150	3432	26000	93	117
MSTRG.4915	2231	7728	1892	491	134	2590	3086	4920	1311	170	2305	5802	1866	536	161
MSTRG.4916	4094	571	128	1032	734	4649	768	19	214	469	1266	498	67	913	924
MSTRG.4917	0	485	34	110	989	0	639	8	179	2239	0	182	68	108	2790
MSTRG.4918	313	1423	28	477	1649	177	906	105	623	1926	187	1069	6	329	1174
MSTRG.4919	205	785	653	179	0	287	955	221	361	309	169	657	912	187	322
MSTRG.492	231	176	1	192	182	207	425	1	73	660	56	168	1	579	168
MSTRG.4920	756	1922	11	2459	44	742	972	1	2309	9	399	1557	48	1748	10
MSTRG.4921	1806	2035	0	2616	517	1432	3610	0	700	227	1016	2186	0	597	650
MSTRG.4922	11120	3507	0	1032	472	11262	5348	0	932	778	7082	4909	0	1593	850
MSTRG.4923	142	31929	448	2794	1258	741	8722	1057	612	741	143	18948	538	1595	636
MSTRG.4924	269	95	53	33	104	1163	298	40	5	235	141	238	62	8	167
MSTRG.4925	271	28	22019	0	181	288	39	18808	0	97	378	1	21808	0	122
MSTRG.4926	102	796	1534	1798	4811	51	430	1579	573	5409	104	457	3510	1620	1565
MSTRG.4927	71	2	157	928	368	152	6	652	495	170	28	5	739	428	312
MSTRG.4928	219	778	1122	694	10030	125	1556	510	7345	5533	229	1024	906	735	13263
MSTRG.4929	323	1037	223	20	469	132	1686	803	2180	480	83	805	695	33	350
MSTRG.493	99	289	272	11740	1177	350	207	258	10425	2551	49	213	222	6165	598
MSTRG.4930	49	149	67	2725	190	12	4	262	2368	191	19	190	9	2005	311
MSTRG.4931	14749	58	17	698	489	8544	58	89	672	927	8891	155	9	483	793
MSTRG.4932	875	3637	1226	91	446	617	2483	1220	282	192	364	2732	1396	53	709
MSTRG.4933	775	5810	358	50	54	476	2954	602	99	41	130	4032	631	31	3
MSTRG.4934	2959	64	10	1166	42	1729	7	0	1280	96	1850	28	0	2584	0
MSTRG.4935	0	0	950	278	249	1	0	1245	152	434	0	0	190	255	420
MSTRG.4936	528	202	413	12089	2022	394	113	530	5183	2767	166	209	389	6811	3381
MSTRG.4937	1854	169	27	626	918	1024	61	273	1087	3056	825	218	7	850	2650
MSTRG.4938	2384	92	100	2	549	2455	80	12	2	739	1319	92	15	16	1083
MSTRG.4939	0	2782	366	2	320	0	3081	22031	0	514	0	3668	471	2	545
MSTRG.494	5	52	18	427	489	1	49	17	272	1233	1	50	18	468	410
MSTRG.4940	590	1166	505	52	175	155	490	661	230	55	166	543	452	55	486
MSTRG.4941	160	75	75	154	407	45	77	102	482	406	185	72	47	161	1987
MSTRG.4942	100	679	3443	156	993	50	1019	2328	117	1453	53	913	4098	155	1404
MSTRG.4943	1275	715	85	0	602	977	842	120	0	980	1405	623	112	0	833
MSTRG.4944	1141	1633	6	191	9738	521	8501	1	235	5361	423	4829	28	22	4134
MSTRG.4945	31	645	0	283	9205	29	1113	0	146	8153	22	647	0	247	5256
MSTRG.4946	715	769	2014	9	371	1132	841	1282	5	567	789	1627	1687	13	186
MSTRG.4947	992	420	1624	165	1956	632	306	1711	136	1505	423	517	1146	250	2038
MSTRG.4948	3227	258	80	3365	16597	11126	0	367	5105	13071	5879	15	68	1031	8591
MSTRG.4949	789	221	764	29	20898	851	54	1996	45	16022	581	304	742	163	10420
MSTRG.495	5141	427	0	904	3351	6593	327	1	1953	14327	5355	584	53	3193	2803
MSTRG.4950	922	21	259	152	182	830	29	492	286	336	708	26	332	270	287
MSTRG.4951	5	1219	57	260	1730	1	298	13	116	1940	2	1221	6	320	1322
MSTRG.4952	499	2012	87	37	70	382	2388	130	185	46	348	2117	80	433	31
MSTRG.4953	2182	212	183	36	2024	1590	64	112	91	3259	1329	60	71	213	1586
MSTRG.4954	65	25	109	8	1549	0	4	63	11	1628	0	29	113	107	1654
MSTRG.4955	492	208	509	295	4161	298	42	334	526	4523	695	157	240	483	2864
MSTRG.4956	23	2258	394	309	67	22	813	3437	274	132	15	1752	393	304	236
MSTRG.4957	919	4035	1013	10097	1855	140	8496	750	10464	3020	1415	3874	591	7587	771
MSTRG.4958	2802	595	59	1015	19	2140	771	535	897	21	2096	711	204	1065	133
MSTRG.4959	0	7235	5233	1048	80	1	1960	1920	982	341	0	6990	4638	863	145
MSTRG.496	6539	28	0	28	5202	7144	4	7	39	5153	4084	4	0	38	3252
MSTRG.4960	111	145	1186	373	1823	39	272	1458	991	1558	52	136	1144	454	1259
MSTRG.4961	0	146	324	469	90	0	72	131	550	302	0	220	286	531	67
MSTRG.4962	131	0	68	943	34	62	0	19	1861	105	80	0	64	1703	43
MSTRG.4963	2951	0	226	104	11295	687	0	93	35	6225	2594	0	0	214	5371
MSTRG.4964	100	170	0	249	5237	39	222	0	2	10186	68	71	0	85	8890
MSTRG.4965	5373	518	0	101	2922	5599	887	0	70	1853	2062	378	0	36	246
MSTRG.4966	729	26410	563	10	14	803	21647	335	18	38	513	26067	411	9	18
MSTRG.4967	6558	1781	454	0	643	2478	1620	122	0	276	5645	4098	219	0	336
MSTRG.4968	222	44	2656	208	2	261	92	143	184	74	130	9	2087	92	18
MSTRG.4969	128	42	1382	656	434	92	58	1435	817	431	162	8	724	531	755
MSTRG.497	355	2201	6858	902	2969	246	2108	4623	153	2171	229	1858	1451	415	23389
MSTRG.4970	372	877	1552	1245	3341	900	794	2310	1755	2020	512	866	1867	1177	1299
MSTRG.4971	6201	282	15	48	2550	58973	269	15	152	2367	5621	312	22	53	3256
MSTRG.4972	2916	255	733	83	1554	3388	307	1136	27	2578	1592	273	969	155	1482
MSTRG.4973	431	704	91	15090	1881	351	1210	200	9512	1884	49	822	78	9949	1758
MSTRG.4974	160	89	11332	18627	118	141	120	10700	5006	190	48	179	10678	5739	129
MSTRG.4975	202	104	4171	1585	0	71	168	4262	1350	0	65	427	6030	1517	0
MSTRG.4976	909	1117	129	7987	8097	291	2113	91	11174	6692	814	538	10	6596	6101
MSTRG.4977	18	231	3	19	4369	1	256	8	55	5848	21	251	1	26	3848
MSTRG.4978	0	120	174	532	305	0	399	37	226	98	0	11	309	221	83
MSTRG.4979	0	120	7172	10062	1073	0	51	9285	8633	1511	0	24	7870	5885	1068
MSTRG.498	43	4575	4486	1590	11	80	22041	2692	655	91	4	5081	1563	828	39
MSTRG.4980	647	569	701	1571	0	758	11079	1058	3265	0	241	1252	918	895	0
MSTRG.4981	6	233	0	6748	1333	10	796	20	9081	398	150	475	7	5179	1132
MSTRG.4982	83	12	2108	79	442	0	0	937	183	393	153	1	2589	138	805
MSTRG.4983	30381	6870	3195	6460	2771	33363	3259	2063	71001	2844	20972	6284	2348	5375	2470
MSTRG.4984	1764	5207	3062	26843	0	1559	5261	3039	19552	1	3156	6531	3816	14798	8
MSTRG.4985	36	0	1015	2666	642	57	4	692	26738	585	6	2	2340	1171	415
MSTRG.4986	400	1	2	501	479	326	0	714	788	1598	260	0	253	225	234
MSTRG.4987	608	179	36	180	57	537	251	83	741	674	229	103	15	178	22
MSTRG.4988	435	2	133	1394	101	203	1	961	2803	140	850	2	164	900	46
MSTRG.4989	205	1	1121	2400	1199	841	0	613	2323	428	125	0	1404	1928	1074
MSTRG.499	23020	5509	672	235	180	23761	35987	317	270	259	5934	9796	214	127	1832
MSTRG.4990	2	636	29	305	5855	44	592	20	1274	10725	2	370	9	532	6707
MSTRG.4991	976	3764	971	1310	267	987	51687	615	1162	1174	804	7167	2948	1491	345
MSTRG.4992	250	2664	2136	10	3051	126	4654	1827	82	2793	144	2149	1921	45	2446
MSTRG.4993	125	141	0	4409	1577	134	94	730	4789	1063	428	82	497	2304	1296
MSTRG.4994	1593	82	37	225	6416	1590	73	5	105	9216	489	32	58	86	6004
MSTRG.4995	353	21	846	8609	608	342	135	642	2010	564	363	9	955	1212	884
MSTRG.4996	923	92	32	1590	458	318	49	535	694	464	18	58	603	1830	447
MSTRG.4997	80	593	1471	149	986	41	419	983	39	798	12	811	796	224	1010
MSTRG.4998	645	41	92	400	7895	571	1	143	629	4581	704	15	95	289	3463
MSTRG.4999	141	101	335	3112	494	98	58	150	1393	811	42	57	210	517	434
MSTRG.5	213	754	153	897	163	124	176	165	152	190	291	7029	476	5478	411
MSTRG.50	2341	319	1462	139	1250	758	249	324	91	784	2927	443	2068	159	1843
MSTRG.500	1525	4477	10347	3761	2453	233	29593	6739	2731	1668	1724	7948	2289	3279	19245
MSTRG.5000	4406	2936	5562	42	863	2627	3022	4124	20	1206	2806	3941	2168	47	807
MSTRG.5001	124	125	2488	0	62	131	39	1383	0	326	148	56	2357	0	309
MSTRG.5002	0	69	4603	0	1136	0	38	4474	0	1565	0	68	3017	0	514
MSTRG.5003	2071	0	169	0	529	1224	0	101	0	958	1314	0	215	0	595
MSTRG.5004	2914	1708	2036	6	854	1447	1904	2877	413	125	1357	1837	1292	62	840
MSTRG.5005	225	1	32	10327	154	229	6	65	8997	107	95	37	129	6946	144
MSTRG.5006	237	1603	138	7270	363	75	1491	1340	7646	307	158	1264	350	7285	396
MSTRG.5007	241	103	2556	0	166	249	221	2128	0	195	155	139	1831	0	146
MSTRG.5008	1929	1050	190	3	34	2350	354	512	139	214	974	595	122	11	17
MSTRG.5009	414	1217	10604	118	1050	465	1545	994	160	1539	317	795	4539	584	962
MSTRG.501	20893	2180	75	90	613	21686	8567	23	694	2414	5616	3222	68	257	730
MSTRG.5010	110	313	6454	172	813	116	525	15899	153	583	94	356	10595	181	648
MSTRG.5011	188	87	3021	15068	76	111	59	1087	12900	167	63	14	680	9696	65
MSTRG.5012	133	82	28	40	2708	88	98	13	205	3625	59	136	54	128	2889
MSTRG.5013	514	230	610	2517	5538	551	133	91	2722	8801	100	85	313	1121	4638
MSTRG.5014	2904	134	420	33	2461	2743	86	211	55	3223	1063	81	313	0	1767
MSTRG.5015	0	595	11487	460	1674	30	327	877	560	1636	26	237	19435	311	1587
MSTRG.5016	3261	519	579	5619	2095	3203	1505	510	4752	1157	1410	645	346	5330	1105
MSTRG.5017	1709	3783	551	0	518	1333	4553	397	33	529	1193	2636	149	0	756
MSTRG.5018	374	57	2167	207	1750	169	26	956	1482	1861	176	31	1742	20	2264
MSTRG.5019	54	1367	619	26002	0	14	1323	267	17767	0	22	1193	1235	32210	0
MSTRG.502	165	1158	1479	911	290	108	7248	550	8141	481	80	2383	1070	1495	387
MSTRG.5020	202	415	42	1012	1058	16	128	27	648	427	0	247	5	1644	555
MSTRG.5021	299	34	0	305	642	0	20	0	199	513	0	92	0	243	359
MSTRG.5022	0	161	382	167	484	0	137	627	161	6623	0	0	488	189	364
MSTRG.5023	879	277	1058	26	4	475	0	2057	46	947	378	0	2701	52	7
MSTRG.5024	334	0	173	4128	1798	77	0	69	4248	2315	289	0	117	1246	1120
MSTRG.5025	2960	680	86	360	561	2135	264	35	1643	804	659	290	157	396	217
MSTRG.5026	3509	128	120	243	199	2188	182	380	35	221	2576	255	765	376	59
MSTRG.5027	46	183	1784	2742	1287	0	214	863	905	943	10	280	3308	944	1464
MSTRG.5028	831	2873	529	362	85	808	2316	836	486	426	686	1267	844	420	272
MSTRG.5029	122	2644	244	5	69	97	2252	170	2640	62	111	1445	652	102	100
MSTRG.503	1483	388	84	350	1110	705	2134	59	56	1085	807	929	113	285	985
MSTRG.5030	8927	712	813	2826	5915	10305	828	902	2455	2928	4459	1050	2170	4055	4056
MSTRG.5031	7452	112	7	1415	10309	4736	78	44	4484	3314	6420	106	67	3323	3144
MSTRG.5032	689	6884	1292	23	939	0	9877	1907	174	931	479	7284	1753	77	658
MSTRG.5033	7	739	0	58	1563	142	840	48	55	760	242	891	10	325	1467
MSTRG.5034	4	6	8941	3	140	31	2	1842	2	89	48	9	5811	5	70
MSTRG.5035	86	2861	8356	2700	203	83	1679	5171	3236	344	4	3204	6411	2258	97
MSTRG.5036	165	2052	547	440	1852	167	2238	636	375	1889	278	2574	300	333	256
MSTRG.5037	7	3115	2	11	955	11	3232	0	31	1502	36	3320	1	16	1430
MSTRG.5038	138	874	2166	67	255	78	609	1427	22	334	273	1896	2197	85	436
MSTRG.5039	8907	0	36262	0	0	8798	769	14253	0	0	5287	242	29953	1	0
MSTRG.504	60	2	547	205223	2122	28	21	1991	90135	933	8	5	1019	20253	2309
MSTRG.5040	831	46	160	105	1	609	37	365	64	1	579	25	486	55	1
MSTRG.5041	2	251	2057	29	6	16	382	1098	44	6	18	300	1451	78	2
MSTRG.5042	2412	1442	99	84	769	1278	847	102	26	1372	1999	1583	90	18	299
MSTRG.5043	2838	535	1655	1884	3274	1887	543	2211	377	7628	1981	186	2325	665	2334
MSTRG.5044	15	549	77	74	0	7	1552	204	14	0	25	1336	96	98	0
MSTRG.5045	4311	2160	346	275	168	4421	2157	520	600	316	2432	2086	903	308	37
MSTRG.5046	1171	0	4320	3995	265	626	672	2618	5044	217	1186	567	1386	2556	321
MSTRG.5047	4	534	3054	1115	189	601	824	1559	1852	147	145	828	3290	1096	258
MSTRG.5048	1647	357	3928	12336	2220	737	721	3450	10449	4270	281	715	4427	7329	2395
MSTRG.5049	1344	1192	160	1	24	830	787	241	17	37	1805	717	214	1	188
MSTRG.505	40	6389	199	4017	108	12	42398	112	3769	131	7	11540	127	3722	68
MSTRG.5050	516	50	0	47	61	454	174	0	6	15	135	96	0	3	5
MSTRG.5051	2942	243	9576	32	104	3591	187	6628	8	319	2345	257	6338	1	249
MSTRG.5052	0	5943	4582	114	228	750	3913	3737	82	54	523	2472	3379	162	430
MSTRG.5053	600	356	299	2782	80	480	330	177	1889	289	418	317	89	856	581
MSTRG.5054	489	8598	1779	5	589	650	7218	1690	112	514	502	5829	1264	25	633
MSTRG.5055	1529	5521	0	25	913	854	2581	0	2	1737	589	4398	0	1	654
MSTRG.5056	52	5960	1986	259	108	52	5986	589	78	966	80	4130	2632	343	73
MSTRG.5057	362	150	721	4130	56	132	73	657	4757	26	210	241	1627	4301	220
MSTRG.5058	6623	0	0	3946	14375	4673	6	0	4835	7553	1986	4	9	3052	9892
MSTRG.5059	1969	24	3976	2145	76	943	67	3695	1533	81	1762	126	5071	2262	185
MSTRG.506	997	237	5231	1356	108	2222	164	586	877	112	1059	98	2505	1426	714
MSTRG.5060	2492	219	759	330	4794	2640	654	442	183	3662	2198	569	513	143	3667
MSTRG.5061	200	2897	643	79	1995	150	2153	1679	102	1987	180	1653	342	205	1831
MSTRG.5062	2780	522	227	7978	466	2901	366	176	10635	694	946	281	23	6146	533
MSTRG.5063	41	5607	33	37	5	69	15370	160	83	23	124	9464	101	135	10
MSTRG.5064	585	1635	1366	1255	15	1140	2062	532	619	2	646	143	1273	1232	67
MSTRG.5065	3134	5	8749	265	1355	2403	34	8120	450	1838	1455	53	11638	351	1273
MSTRG.5066	323	301	361	842	437	589	182	1362	991	700	109	258	307	599	683
MSTRG.5067	4700	550	4200	8528	659	1152	374	1286	13452	1927	930	396	3261	8489	1144
MSTRG.5068	5686	270	1851	2662	22	12388	423	1295	3090	22	6382	257	1569	1681	7
MSTRG.5069	526	5277	7239	559	0	206	2888	13208	652	0	514	3529	8262	499	2
MSTRG.507	185	1044	2369	6	7290	46	1036	1866	17	6670	104	1023	2267	4	3185
MSTRG.5070	1647	726	18	35	167	1848	401	21	7570	1	73	1260	2	198	64
MSTRG.5071	361	35	748	318	79	109	33	479	46018	51	98	9	1148	1033	34
MSTRG.5072	188	0	535	75	32	148	0	327	2673	3	7	0	776	690	45
MSTRG.5073	263	310	886	4599	135	207	446	1016	3467	204	180	406	1203	1230	80
MSTRG.5074	9061	1450	8061	365	6541	6411	3585	5923	116	9553	2070	9550	4443	219	4801
MSTRG.5075	594	1725	1250	2919	399	561	1214	1349	2435	151	404	2338	1487	1691	189
MSTRG.5076	517	670	1374	101	4956	356	590	1683	401	6837	291	1249	1306	139	4365
MSTRG.5077	2508	642	55	2425	1554	2948	817	188	3455	2608	2507	995	171	1134	469
MSTRG.5078	944	185	690	5658	6004	516	212	1758	4963	8913	1626	878	635	4957	4603
MSTRG.5079	55	566	1243	27	135	41	705	356	3	310	2	1748	988	2	241
MSTRG.508	86	43	241	1734	500	30	40	130	2967	266	19	29	395	1365	502
MSTRG.5080	84	273	126	348	6927	41	333	121	76	79774	0	348	205	285	3960
MSTRG.5081	396	1347	372	1975	17345	388	1965	516	2785	18502	446	2006	408	1610	16274
MSTRG.5082	2741	6841	225	0	2286	4012	3062	331	0	32664	5408	2165	195	0	559
MSTRG.5083	2057	3853	73	1083	138	1299	4499	828	843	230	1962	3655	30	1601	187
MSTRG.5084	803	390	1587	3	1014	631	488	1796	245	1700	1265	309	921	660	850
MSTRG.5085	641	2063	814	1213	1626	671	1666	659	4436	2058	780	2374	854	1665	1992
MSTRG.5086	264	30015	194	492	186	95	20420	472	663	1378	527	18999	148	666	441
MSTRG.5087	694	305	3226	65	1150	508	297	3626	65	1216	1435	574	5055	176	1249
MSTRG.5088	5	1930	6213	3225	0	11	1287	7089	3096	8	57	1211	7143	1178	0
MSTRG.5089	1776	15	2735	2164	3488	1928	11	2679	405	3328	1451	9	3242	373	1889
MSTRG.509	6401	888	130	1144	1461	1864	1649	962	2638	1013	1575	1148	186	1420	841
MSTRG.5090	5515	1915	674	0	165	2838	2292	1266	0	76	775	2064	963	0	57
MSTRG.5091	7651	4375	4315	0	4713	4060	2012	4475	0	3103	3851	1753	4504	55	1812
MSTRG.5092	559	491	2250	2544	1145	497	431	319	4262	1492	227	797	1571	1388	2416
MSTRG.5093	2894	3254	723	84	129	1809	2262	634	81	88	2147	1455	734	195	370
MSTRG.5094	39907	2459	2391	50	311	18427	2769	1199	165	563	15538	2613	3551	75	330
MSTRG.5095	298	1762	43	2370	2845	345	1467	2	2171	1539	431	1890	8	1488	946
MSTRG.5096	1684	2246	0	0	42	1478	1686	0	0	22	686	2547	0	0	121
MSTRG.5097	3	340	572	0	0	1	371	242	0	0	2	203	551	0	0
MSTRG.5098	2584	0	225	26	0	2232	0	174	1723	0	1600	0	108	124	0
MSTRG.5099	68	7047	44	22	0	128	7041	3867	1399	0	54	5100	105	965	0
MSTRG.51	34	1541	532	32	624	20	735	3636	34	1942	60	2726	1065	21	1181
MSTRG.510	2273	95	1950	1836	7	1571	48	1654	1880	10	1605	39	1562	1586	1
MSTRG.5100	643	2107	16	185	15	542	5406	423	48	424	751	2529	60	75	28
MSTRG.5101	4590	308	7199	2043	8389	2058	204	1522	2644	15813	756	64	4361	1469	7821
MSTRG.5102	2950	0	2643	1670	12	2428	0	2430	1968	87	2056	0	1503	1564	103
MSTRG.5103	5418	2199	2487	68	13	3095	577	1695	19	25	4730	2555	1746	193	0
MSTRG.5104	22	753	522	1725	1752	0	793	313	1401	2993	4	1629	415	1848	921
MSTRG.5105	214	0	148	238	41	291	1	143	508	140	146	49	74	327	0
MSTRG.5106	0	4657	1557	1394	483	0	4220	1125	3252	373	0	5706	2040	969	320
MSTRG.5107	8945	677	221	91	4342	4204	511	394	65	4495	4183	520	283	105	3829
MSTRG.5108	2687	869	105	582	80	5159	2074	15	586	361	1356	484	59	496	66
MSTRG.5109	708	666	10192	433	13573	1386	351	6148	769	17583	688	34	9584	401	16025
MSTRG.511	235	130	1	1084	89	8	46	0	159	113	246	66	1	229	142
MSTRG.5110	313	69	1800	239	705	27	186	1483	646	841	37	103	2295	128	665
MSTRG.5111	1365	980	1	1	200	764	557	1	0	298	797	1035	2	2	190
MSTRG.5112	1377	11006	1	14	0	1000	7601	1	40	11	1045	12116	1	83	15
MSTRG.5113	0	260	383	536	189	0	910	603	357	155	0	423	763	223	217
MSTRG.5114	2198	110	1892	4807	25	396	75	1763	4408	54	2260	70	1288	5858	31
MSTRG.5115	986	4243	148	64	4095	583	1916	28	70	6486	1344	2840	182	44	1700
MSTRG.5116	1	1473	0	2254	14	1	1399	0	1458	451	23	1307	0	1864	6
MSTRG.5117	5697	6424	179	0	218	4073	15892	276	0	35	4394	6908	43	0	241
MSTRG.5118	729	939	361	0	136	486	703	280	0	21	443	962	342	0	201
MSTRG.5119	889	725	8	103	1990	1944	347	2	116	1236	311	732	6	157	1040
MSTRG.512	102	7891	2563	727	637	747	1058	5444	774	175	134	2979	4375	652	501
MSTRG.5120	407	1769	218	201	276	575	1130	174	432	419	48	1334	270	169	316
MSTRG.5121	179	5132	1988	5	6	126	7444	4017	2	2006	64	2777	3695	91	120
MSTRG.5122	1539	1173	161	572	151	462	1239	364	790	656	891	1342	377	359	285
MSTRG.5123	13039	144	320	56	382	9194	536	56	5	360	10889	385	386	1	291
MSTRG.5124	119	879	96	553	2125	300	981	162	196	1201	115	615	273	305	2357
MSTRG.5125	248	57	89	386	979	575	113	266	330	3808	160	85	476	591	2098
MSTRG.5126	195	505	507	5765	10	48	1258	511	19861	83	83	550	402	2740	81
MSTRG.5127	5001	1054	251	22832	65	1822	388	187	14080	91	1257	1004	451	27907	363
MSTRG.5128	2070	109	14538	216	2077	1255	219	12843	112	2604	1332	144	10546	269	1737
MSTRG.5129	7953	210	747	513	462	11838	487	987	140	334	4468	327	1184	837	386
MSTRG.513	2190	3	5875	4524	60	2412	24	5804	4424	43	714	12	4214	4491	18
MSTRG.5130	1277	462	913	6663	218	669	301	656	7856	247	1183	314	989	6627	188
MSTRG.5131	820	81	581	27853	74	445	232	998	13873	64	748	129	597	9465	81
MSTRG.5132	1728	394	21	44	6339	777	2147	2	13	4214	1329	992	47	65	5200
MSTRG.5133	4465	670	373	2002	0	4754	684	314	845	1	1692	808	626	1608	1
MSTRG.5134	1145	6486	1325	6375	44	1244	7143	1301	4801	40	828	6879	2152	4038	50
MSTRG.5135	144	3438	175	2100	64	395	2641	2	2093	65	190	3413	81	2687	24
MSTRG.5136	1333	238	190	222	11	1122	863	94	329	69	542	646	43	258	17
MSTRG.5137	177	331	6	3788	1476	111	154	1	1588	453	165	275	64	2362	744
MSTRG.5138	836	2715	198	0	82	940	5009	182	2	19	451	3940	148	40	104
MSTRG.5139	23	8	675	0	262	32	2507	552	0	598	28	1389	748	0	288
MSTRG.514	21504	1761	10569	0	859	21971	2087	6877	25	648	5898	2064	2283	20	915
MSTRG.5140	66	1606	1247	604	2941	53	1205	3247	89	3792	68	904	661	250	2201
MSTRG.5141	1304	123	133	163	1170	235	21	2119	443	1445	725	46	149	86	912
MSTRG.5142	116	978	80	552	8997	119	1453	61	180	10012	67	1777	125	451	5457
MSTRG.5143	425	2540	14883	212	4	365	2165	6086	51	0	210	3908	14919	107	45
MSTRG.5144	797	40	16199	5146	1	401	9	20267	2417	22	449	14	18195	3105	1
MSTRG.5145	923	0	92	0	39	500	0	447	0	5	345	0	64	0	0
MSTRG.5146	808	1162	25	0	111	1848	601	34	35	58	717	777	0	37	188
MSTRG.5147	619	707	2266	1057	2726	863	351	2630	1300	1464	929	548	1494	816	942
MSTRG.5148	4276	755	30	642	132	4819	2895	107	1201	120	3793	617	2	717	295
MSTRG.5149	8103	6	583	26	3511	8176	301	462	35	4901	5295	12	413	101	3392
MSTRG.515	18	165	12	229	303	123	116	212	49	235	49	419	82	172	217
MSTRG.5150	3767	2077	4823	119	115	3004	1924	3804	250	51	2514	1684	5515	239	2
MSTRG.5151	506	349	78	382	1258	1017	387	588	1004	3103	653	417	28	440	1329
MSTRG.5152	2323	70	25668	2171	1848	2448	96	13077	1738	1370	1500	49	23926	1852	1262
MSTRG.5153	2525	1865	271	932	1760	900	1086	371	2024	2276	760	2211	223	1324	2291
MSTRG.5154	65	234	297	3811	81	10	400	176	1965	453	9	254	295	2326	42
MSTRG.5155	1439	11378	57	209	4	1746	2997	2	129	1	2941	6610	26	69	43
MSTRG.5156	2940	2460	3005	524	7003	1430	1769	3645	1992	10369	3239	2626	2543	2124	5058
MSTRG.5157	0	1063	163	3976	55	0	511	1551	4279	50	0	1000	5	1992	104
MSTRG.5158	5969	7550	284	1042	1003	1648	4412	25	1248	786	6425	6244	466	1407	1052
MSTRG.5159	761	200	2028	213	159	339	158	802	163	529	395	198	1372	78	326
MSTRG.516	1117	63	798	87	3752	1251	764	448	36	2334	639	200	463	11	2898
MSTRG.5160	992	537	429	15471	45	3137	509	477	2973	6	273	956	535	3064	95
MSTRG.5161	9	0	10	5916	78	656	0	3973	8046	3	6	10	173	7150	94
MSTRG.5162	13162	1	3325	1	579	2242	1	3217	1	680	5473	1	5433	1	622
MSTRG.5163	3455	227	1524	928	120	1398	168	2760	1511	220	2168	189	2957	708	150
MSTRG.5164	1219	647	22	340	5861	545	981	83	376	2706	546	636	75	6	3477
MSTRG.5165	2318	7	66	1525	6235	2085	7	79	862	6661	1597	17	349	873	9176
MSTRG.5166	443	33	2617	158	0	348	29	2298	651	0	494	21	2761	178	0
MSTRG.5167	115	0	18	180	1	108	0	16	100	0	14	0	35	153	19
MSTRG.5168	38	248	181	75	7	49	363	58	52	114	10	36	312	66	0
MSTRG.5169	2165	327	70	1378	615	1160	415	1	465	762	1612	437	15	1148	594
MSTRG.517	17671	1984	40	285	62	18057	1844	48	213	366	4804	1425	74	186	135
MSTRG.5170	388	5	92	2371	50	394	1	114	4202	100	150	4	65	2118	20
MSTRG.5171	73	207	7	712	892	23	240	2	252	537	36	283	6	646	284
MSTRG.5172	9235	1026	44	3081	454	4919	3546	9	2598	270	6929	2054	269	1440	944
MSTRG.5173	2	215	67	4	5436	1	318	23	0	15083	1	420	32	16	4697
MSTRG.5174	1024	412	10	7510	2751	868	132	98	4942	21003	1542	363	53	4705	1575
MSTRG.5175	54	188	1714	1468	240	66	112	444	1627	2956	51	363	970	992	172
MSTRG.5176	1	142	0	976	2887	1	135	0	446	2735	3	679	57	774	1543
MSTRG.5177	1	1032	70	1091	259	0	615	11	1005	40	2	619	206	1120	230
MSTRG.5178	15	274	423	2770	1959	18	187	409	681	2123	7	342	478	1902	1482
MSTRG.5179	320	11594	3779	0	74	358	10612	2823	0	710	75	6606	3306	0	101
MSTRG.518	2312	3317	8850	2226	257	2570	5349	5596	817	2340	1746	4103	1826	1988	282
MSTRG.5180	626	1111	1527	1121	2035	561	992	2488	1004	2628	254	998	1261	826	1604
MSTRG.5181	4462	938	9521	0	4381	4023	682	6200	32	5018	1828	950	9068	1	5125
MSTRG.5182	0	516	602	3327	38	0	1271	217	2337	2	0	687	304	3109	0
MSTRG.5183	312	0	2963	2608	247	385	31	849	3103	162	26	0	1136	2340	261
MSTRG.5184	369	11	200	99	1441	413	0	76	338	2352	295	46	594	236	1175
MSTRG.5185	305	330	4539	1288	0	206	543	4485	1278	0	233	511	4718	1181	0
MSTRG.5186	9	2490	121	1380	718	4	2993	85	1217	615	2	2530	7	550	958
MSTRG.5187	925	50	1308	0	2023	3295	50	2919	0	2962	382	20	1536	0	2042
MSTRG.5188	431	186	447	0	1	422	124	210	0	252	399	247	773	0	511
MSTRG.5189	377	246	1311	135	875	71	1	485	0	55	137	81	664	71	407
MSTRG.519	733	4541	1216	4	251	785	5973	2135	4	98	417	3836	1685	34	314
MSTRG.5190	228	185	2020	0	0	110	85	1866	0	0	387	63	3210	0	0
MSTRG.5191	227	0	136	812	1651	214	0	502	2072	4096	714	0	73	1508	1263
MSTRG.5192	270	227	7	114	64	66	213	3	964	104	104	113	83	172	121
MSTRG.5193	82	562	8586	68	2440	2	727	10398	108	2300	3	577	7937	81	2078
MSTRG.5194	1012	1058	221	25692	1480	604	2283	139	6993	3591	478	943	488	9985	1248
MSTRG.5195	336	132	68	1637	479	221	559	123	1107	638	290	358	120	835	670
MSTRG.5196	9	41	1114	69	55	38	28	797	328	113	25	239	1446	163	108
MSTRG.5197	20085	13198	183	4276	3155	15977	10465	428	15530	2670	10500	8986	391	4934	1436
MSTRG.5198	1233	8335	316	7	0	935	9250	162	26	0	654	9462	316	52	0
MSTRG.5199	1167	511	958	884	0	834	338	1182	557	0	854	217	1074	1799	0
MSTRG.52	126	145	115	1569	49	134	115	49	1609	110	185	207	77	1041	156
MSTRG.520	1253	6688	455	69	96888	1273	43382	922	85	154367	809	12191	618	10	36182
MSTRG.5200	723	6902	8995	0	35	860	5769	10616	0	1528	432	6667	7985	0	62
MSTRG.5201	0	1478	14	469	33	25	1830	39	1928	830	0	653	7	305	661
MSTRG.5202	25	3972	627	92	144	6	5114	342	41	48	65	5210	102	121	121
MSTRG.5203	244	89	8235	14734	1461	428	320	5353	2716	2319	212	188	8577	8224	1125
MSTRG.5204	958	27805	1567	147	315	3218	114658	2766	113	354	894	17004	694	251	393
MSTRG.5205	100	17562	5216	11873	884	165	18053	4974	5075	1487	216	13486	6887	10760	794
MSTRG.5206	307	117	121	785	46	1	136	205	1129	8	60	103	175	983	229
MSTRG.5207	526	1508	14294	0	1405	147	1563	98597	0	1419	63	1093	8554	0	1390
MSTRG.5208	18	82	21201	95	176	10	62	14790	2	317	67	43	15562	1	390
MSTRG.5209	277	2344	6012	34	971	224	1567	34956	14	2377	132	2290	1809	46	625
MSTRG.521	3032	24	1914	2865	4901	754	155	1605	2812	3097	2066	53	1588	1502	4837
MSTRG.5210	440	378	171	495	219	464	918	384	127	152	210	681	116	1159	228
MSTRG.5211	1955	1862	331	1194	355	2007	1219	418	675	327	682	2107	162	1753	309
MSTRG.5212	410	0	1311	0	231	771	5	2050	0	243	351	0	1225	0	373
MSTRG.5213	69	3598	82	1329	48	34	2451	68	1378	79	117	1606	63	1479	62
MSTRG.5214	12861	154	2117	1221	0	10239	119	1429	2203	0	4216	76	2608	1300	0
MSTRG.5215	33555	6021	238	993	1	24664	1895	974	466	1	20212	1168	538	766	0
MSTRG.5216	365	1293	1986	198	14	426	2112	1094	241	42	254	2504	2501	222	65
MSTRG.5217	33	152	0	455	480	33	171	7	218	406	0	204	0	273	272
MSTRG.5218	2633	523	3535	3182	3321	2293	854	1764	4761	4256	1198	448	2705	3660	4370
MSTRG.5219	66	943	177	1462	1542	128	625	197	512	833	3	304	38	409	1403
MSTRG.522	350	313	1806	11448	733	205	2265	395	7073	894	220	1055	1535	8017	1195
MSTRG.5220	586	37	1	210	33	526	25	1	141	3	314	92	1	183	3
MSTRG.5221	6071	0	7387	978	0	4762	0	764	2011	0	4196	0	2553	1415	0
MSTRG.5222	228	0	1557	438	0	250	0	1195	228	0	35	0	3457	418	0
MSTRG.5223	44396	0	123	170	104	29913	0	104	36	60	36964	0	295	48	1009
MSTRG.5224	223	18	590	1414	192	92	650	780	876	374	173	44	289	523	148
MSTRG.5225	43	8	2310	1865	0	21	39	240	3395	0	50	10	1193	2175	61
MSTRG.5226	2684	2227	1341	3654	447	1234	1519	442	6532	528	772	2897	2870	4449	382
MSTRG.5227	1811	6814	0	872	22216	2557	5155	0	450	18163	548	11354	0	2298	44246
MSTRG.5228	901	0	0	0	116	33	0	0	0	74	1189	0	0	58	376
MSTRG.5229	2292	4	0	2081	1740	1042	0	0	3194	2114	889	50	0	1494	2443
MSTRG.523	11	13	401	1300	1290	3	96	113	1899	2277	19	17	74	759	1145
MSTRG.5230	540	815	0	464	589	567	2267	43	656	906	483	1111	0	766	867
MSTRG.5231	25	323	11	1585	5449	1826	350	963	954	9620	118	383	19	1286	6444
MSTRG.5232	3541	207	11	2162	12360	3017	265	33	4289	14613	4666	174	11	2813	8043
MSTRG.5233	1827	13178	4337	2621	164	3447	13652	1747	1542	149	2557	14657	4803	1492	190
MSTRG.5234	36	58	5391	1341	5443	95	70	4561	848	4601	42	34	11538	981	5579
MSTRG.5235	97	2176	0	462	1264	63	2588	0	502	1855	200	1315	0	501	1920
MSTRG.5236	3017	111	218	656	1	2369	102	110	381	0	2072	5	332	494	5
MSTRG.5237	755	149	0	29	3349	519	151	372	1676	2069	468	84	0	245	3149
MSTRG.5238	17	5907	824	1233	0	19	3937	1780	5157	0	11	5476	801	1585	0
MSTRG.5239	113	4	149	49	424	71	32	395	6	301	101	3	318	34	535
MSTRG.524	135	5461	1887	84	880	60	36013	496	3	1552	578	9626	920	11	1023
MSTRG.5240	0	106	166	406	132	1	120	215	139	334	0	45	120	298	90
MSTRG.5241	6	20593	3623	143	3950	51	14661	13759	89	1770	9	30002	5494	101	933
MSTRG.5242	17	411	5108	0	62	61	297	6662	0	2	11	248	6921	0	1
MSTRG.5243	3678	0	115	1448	506	558	8	322	436	189	1142	14	127	915	462
MSTRG.5244	0	211	489	725	285	1	139	654	983	336	64	191	366	865	686
MSTRG.5245	63	60	816	29	4855	8	47	85	8	20210	99	26	1294	47	1795
MSTRG.5246	10	1591	8613	5509	724	0	1474	14759	3136	1141	29	1259	6745	4710	2226
MSTRG.5247	1071	230	2378	6562	2	800	494	29466	2173	0	360	90	2471	3629	4
MSTRG.5248	4132	809	24	1283	2322	3022	38	157	497	5272	2678	702	186	364	3115
MSTRG.5249	1613	1264	2718	0	0	1924	805	1446	0	0	705	782	2105	0	0
MSTRG.525	3088	2028	6723	164	1720	6396	2211	12765	271	1439	2963	2623	7015	134	1426
MSTRG.5250	12017	508	326	425	1	8347	445	51	191	78	8308	588	302	1058	16
MSTRG.5251	1	29	2390	28	1320	6	1367	1423	0	2230	14	293	1614	0	1234
MSTRG.5252	2971	171	104	382	108	2515	913	773	138	130	2953	379	141	265	255
MSTRG.5253	1	2751	1988	176	282	1	2141	2350	123	93	5	5639	2239	75	309
MSTRG.5254	79	1500	5107	841	342	43	2604	3076	1640	732	113	3259	5365	1113	462
MSTRG.5255	2272	38	54	18	1498	913	130	8	9	2058	669	74	0	5	1636
MSTRG.5256	3	60	388	1565	3197	158	47	389	1983	2664	48	271	354	1366	2657
MSTRG.5257	419	2673	1689	693	240	242	2485	2063	334	560	521	2703	1815	639	249
MSTRG.5258	5515	728	1203	561	471	5139	581	406	1117	2093	4062	509	2654	146	2220
MSTRG.5259	146	6	2926	12	2662	73	30	2103	1163	2846	12	29	2484	59	2002
MSTRG.526	6775	468	10602	4	780	5123	778	6062	4	85	3609	566	12511	24	370
MSTRG.5260	1569	133	8	563	870	1928	96	188	942	946	1163	135	629	532	1694
MSTRG.5261	1928	5	1483	222	182	966	35	2895	760	113	1223	33	2099	544	183
MSTRG.5262	2624	60	524	4070	0	1961	112	798	4072	0	2115	56	874	3715	0
MSTRG.5263	2576	9	91	3613	1549	555	218	95	1078	3929	203	13	168	1139	1279
MSTRG.5264	17	2298	3502	44	0	11	653	2459	161	5	52	1065	1459	73	1
MSTRG.5265	152	0	885	1058	3470	178	0	155	1939	3006	316	86	660	1022	2014
MSTRG.5266	9	7	0	2808	34	52	0	0	2812	4	7	21	0	2847	62
MSTRG.5267	220	447	2109	739	5776	171	843	3294	689	5547	97	460	2878	891	3195
MSTRG.5268	1555	3512	145	0	1150	1098	2897	92	0	1610	1391	2856	170	0	1165
MSTRG.5269	203	1127	181	5756	781	311	2530	342	5931	711	252	1107	121	4363	588
MSTRG.527	1057	993	1329	5515	32	948	1133	528	10178	11	492	985	1058	4244	37
MSTRG.5270	67	10006	2521	176	1098	3	6589	1923	132	708	135	9129	2365	46	1140
MSTRG.5271	1172	2447	0	443	2593	711	2519	0	138	642	891	3721	0	233	2534
MSTRG.5272	14806	127	0	509	0	9719	53	73	625	0	8047	149	4	565	0
MSTRG.5273	43	69	0	810	1203	32	22	0	558	1019	3	61	0	508	857
MSTRG.5274	612	284	44	146	2015	313	238	3595	350	2243	85	154	79	799	1495
MSTRG.5275	10082	27	51	2833	3443	9250	30	909	7727	2660	7022	8	811	4879	2249
MSTRG.5276	1691	1957	209	1674	143	2019	941	30	6887	706	374	983	97	2960	129
MSTRG.5277	4821	466	1527	2858	1009	4780	149	1552	1736	1399	3344	658	1636	1660	1317
MSTRG.5278	47	3497	1694	0	1213	177	4844	1730	0	954	131	5074	1972	0	486
MSTRG.5279	1935	74	118	47	174	3594	47	14	43	365	968	7	246	40	65
MSTRG.528	6200	1905	160	4	22	3818	1072	248	21	19	3894	2229	0	52	25
MSTRG.5280	10786	3391	1878	0	2	61972	2801	1908	0	5	2353	3200	1549	0	2
MSTRG.5281	22124	1992	340	0	208	16034	2243	390	0	125	12079	3019	506	0	231
MSTRG.5282	7335	231	1111	4	39	54434	601	1778	29	44	1740	70	953	401	59
MSTRG.5283	85	378	955	264	1285	147	208	1123	306	559	43	253	1000	298	1084
MSTRG.5284	127	8486	118	5850	1736	178	10941	107	391	2949	75	7243	130	1052	1382
MSTRG.5285	2124	1630	279	10958	1221	2376	870	859	16567	2630	1092	1584	407	6704	1269
MSTRG.5286	2	209	23	0	46	1	321	79	0	139	0	459	123	0	40
MSTRG.5287	2174	106	296	90	60	1464	5	70	5	77	2184	97	94	90	136
MSTRG.5288	920	777	581	11	20307	1279	889	790	0	10102	998	776	274	40	13435
MSTRG.5289	2560	353	5018	6680	1316	1413	373	3616	2428	720	1583	125	5668	2486	594
MSTRG.529	307	600	344	1448	554	288	110	739	1490	839	634	148	9	1223	485
MSTRG.5290	1	838	1940	639	2943	11	274	569	1429	8739	0	1067	1404	706	3131
MSTRG.5291	4002	11468	45	0	875	3047	20044	9	0	352	790	8309	3	1	1339
MSTRG.5292	164	570	0	1882	25	112	539	0	4179	5	45	719	0	2822	11
MSTRG.5293	21	127	0	6911	392	21	6158	0	2986	1745	26	418	0	5708	418
MSTRG.5294	5122	1197	472	1025	108	2541	22572	204	1739	38	485	1718	104	1402	134
MSTRG.5295	1721	108	234	1298	12305	1660	1273	307	770	7144	2814	593	337	367	7126
MSTRG.5296	122	1963	1	4153	112	80	2009	14	4634	114	196	1302	46	1599	139
MSTRG.5297	751	268	0	502	8391	812	65	0	233	5939	408	265	155	98	10068
MSTRG.5298	1236	2794	773	25364	692	429	1518	683	31099	1016	196	2028	46	33037	960
MSTRG.5299	94	1	77	0	0	38	0	10	0	78	289	6	1	0	187
MSTRG.53	49	34	145	776	8	61	47	156	359	7	32	16	184	638	6
MSTRG.530	343	4375	175	52	3830	505	5222	8	54	3412	325	5016	0	107	3495
MSTRG.5300	5165	74	507	723	20	13463	991	172	910	12	6327	188	562	1927	61
MSTRG.5301	6904	1774	53	151	316	5061	2704	52	303	100	5863	1591	15	116	796
MSTRG.5302	0	5117	535	282	0	0	2806	688	8404	0	1	4554	673	1294	0
MSTRG.5303	18	36	5450	5973	0	66	6	8901	3445	0	35	0	1912	1993	0
MSTRG.5304	71	599	28043	43	59	144	219	19070	22	0	233	524	44261	0	58
MSTRG.5305	107	1945	1	558	0	173	1618	0	2408	0	110	1702	1	597	0
MSTRG.5306	0	0	174	1669	23	0	0	72	4133	171	0	0	219	3163	70
MSTRG.5307	0	1055	868	29	0	0	484	288	1	0	0	1897	1286	42	0
MSTRG.5308	0	2489	2254	55	1108	0	1596	1617	104	1230	0	1589	2396	31	799
MSTRG.5309	44	6	398	599	597	664	94	472	635	2437	28	6	1057	785	356
MSTRG.531	0	5353	70	20	196	23	6180	8	15	160	33	4964	0	9	284
MSTRG.5310	70	3	7273	2410	931	212	201	9268	763	484	95	895	6424	544	609
MSTRG.5311	861	1130	14651	2527	251	745	3646	6320	1913	391	341	1518	11378	613	143
MSTRG.5312	368	542	258	5	289	290	576	163	4	278	834	859	316	174	331
MSTRG.5313	10451	1	1770	9749	3225	17412	1	796	6493	3273	4939	1	2512	6353	3792
MSTRG.5314	944	135	6548	25	621	500	125	4478	301	865	634	272	6553	28	862
MSTRG.5315	310	2912	1780	2740	176	5073	3232	2004	2826	140	121	1275	2548	1050	171
MSTRG.5316	2328	700	265	970	1039	23982	141	484	197	1882	775	355	376	584	1048
MSTRG.5317	2198	0	3579	1252	451	1533	0	1787	552	331	666	0	3120	1012	588
MSTRG.5318	395	2927	0	161	995	45	2362	0	188	954	280	2444	24	111	1023
MSTRG.5319	3055	10	0	3068	30	1845	4	0	1135	15	1551	15	0	1164	126
MSTRG.532	225	343	740	2055	172	119	188	1364	2398	182	55	257	768	2590	216
MSTRG.5320	219	97	312	101	2427	870	110	95	178	3332	175	169	419	149	2282
MSTRG.5321	1934	212	134	8615	616	2348	161	309	6371	1413	819	156	121	3976	1271
MSTRG.5322	4812	2016	3987	182	2295	3052	2626	71	378	5643	3047	1860	2671	528	3357
MSTRG.5323	90	0	776	395	645	6	0	1740	396	518	0	0	808	147	1703
MSTRG.5324	1232	0	4153	14	0	405	0	2994	2192	0	509	0	4341	53	224
MSTRG.5325	2441	37	0	14917	3278	2075	2551	2	2854	2638	1245	148	1	5087	1909
MSTRG.5326	0	60	19	65	359	0	1235	83	427	630	0	1324	23	427	243
MSTRG.5327	55	202	1069	143	1214	159	69	1675	245	1228	1079	163	971	167	1365
MSTRG.5328	7112	1646	0	246	2926	3167	1557	38	874	3237	7363	1544	30	439	2967
MSTRG.5329	6	2110	1018	2619	2171	230	2000	844	1215	903	1094	2079	1167	881	1690
MSTRG.533	3405	24	5025	157	1766	1487	14	3777	139	1064	3987	18	4189	145	2046
MSTRG.5330	548	262	50	40619	1549	179	53	34	13752	1315	212	544	149	17427	1189
MSTRG.5331	0	2575	173	2433	258	0	2111	222	534	308	0	2419	286	1359	252
MSTRG.5332	2789	370	394	3050	489	3202	480	625	1930	222	2169	594	604	932	483
MSTRG.5333	30	1274	59	1342	10	12	1663	82	1521	306	109	1013	93	792	3
MSTRG.5334	105	214	2167	703	1648	95	354	646	257	2591	185	279	1860	882	1521
MSTRG.5335	255	244	1279	105	88	252	354	4115	740	11	126	215	1470	255	173
MSTRG.5336	2523	10	4486	31	289	2027	3	2151	7	229	1149	45	4965	28	350
MSTRG.5337	1223	492	1262	2269	81	3165	365	2258	2202	127	588	506	3021	390	88
MSTRG.5338	627	80	3922	9704	0	480	722	3923	1411	0	660	448	2261	7394	0
MSTRG.5339	180	27	1257	0	1103	228	108	1196	0	849	262	105	2030	0	1067
MSTRG.534	39	2	230	27	86	17	5	294	127	54	2	38	502	50	7
MSTRG.5340	3810	643	225	0	523	2794	723	47	0	856	1213	309	181	0	623
MSTRG.5341	2823	7187	617	0	91	1611	3958	1361	0	23	1211	8643	553	0	120
MSTRG.5342	11593	1815	426	0	4378	6319	1154	347	240	3509	13646	1098	21	10	4410
MSTRG.5343	0	30430	1543	3	119	0	29818	1375	387	156	0	51331	1061	7	113
MSTRG.5344	3	29	3570	78	149	3	24	2496	5605	120	56	46	2052	290	187
MSTRG.5345	17	269	7084	429	3073	59	159	7258	1091	660	6	353	5035	694	1185
MSTRG.5346	690	1492	1351	9278	4503	1382	929	1826	21871	8372	551	2119	1527	12862	2766
MSTRG.5347	167	205	845	101	0	601	598	696	30	1	263	365	1236	55	1
MSTRG.5348	35543	10658	1241	2493	294	17144	9122	1038	2942	25	50784	6395	1232	1184	112
MSTRG.5349	298	343	3113	1690	4941	181	291	662	795	3708	432	325	2276	1145	3789
MSTRG.535	2826	33	190	126	2234	1739	81	537	155	2499	1106	8	290	45	1184
MSTRG.5350	4218	11480	67	62	120	2988	9859	151	134	262	2298	10077	12	255	329
MSTRG.5351	677	1960	1553	879	1145	516	748	1118	307	434	406	2372	922	792	412
MSTRG.5352	11049	6239	2861	2533	0	10749	7056	1548	3437	0	4998	6706	2499	2620	0
MSTRG.5353	22036	1920	3699	1911	435	10379	1886	2230	3068	208	9465	2565	3170	1743	859
MSTRG.5354	276	0	139	488	323	164	2	1098	609	212	217	3	371	550	312
MSTRG.5355	7757	3424	1297	882	120	5242	2384	1285	2677	84	5235	3240	1547	1303	71
MSTRG.5356	2462	0	1352	68	1176	1672	5	1250	166	1602	1845	61	697	90	815
MSTRG.5357	4169	0	250	1023	36	1872	0	1018	634	4	2434	0	175	529	22
MSTRG.5358	0	496	182	6827	1252	2	285	120	6050	1834	60	412	235	4554	1153
MSTRG.5359	0	3647	56	11179	489	0	605	43	9131	314	0	1501	61	7359	1003
MSTRG.536	9334	0	2147	123	8214	7996	2	837	274	7648	5292	1	3414	556	5590
MSTRG.5360	169	0	1584	363	454	73	0	740	236	1167	159	0	1220	677	555
MSTRG.5361	125	0	2250	0	39	258	0	2904	258	851	74	0	2358	0	47
MSTRG.5362	0	0	1093	3676	360	0	0	3805	124	370	0	381	1794	23917	291
MSTRG.5363	0	291	207	1518	15	0	1766	1732	55	15	0	616	135	9898	14
MSTRG.5364	114	175	77	1505	42	2396	304	25	50	62	71	162	165	9881	106
MSTRG.5365	37	0	24824	1756	821	1293	10	3107	55	300	829	41	15231	11504	1089
MSTRG.5366	0	1005	404	1624	2902	0	853	44	55	4107	0	623	531	10560	2816
MSTRG.5367	0	53	5859	1577	1661	0	2	17243	54	1474	0	3	5633	10118	2099
MSTRG.5368	0	549	1323	234	79	3	389	424	64	127	660	436	2071	1	52
MSTRG.5369	941	46	0	129	875	771	73	0	199	1620	257	26	0	134	1207
MSTRG.537	705	57	63	839	1017	272	94	45	1147	1862	456	958	13	1109	1001
MSTRG.5370	303	876	444	545	2724	322	706	2377	329	2832	167	1212	518	398	3186
MSTRG.5371	1009	6084	52	464	51	742	16041	86	679	79	364	2329	159	493	64
MSTRG.5372	67	761	11613	1718	559	0	1610	6302	477	752	0	478	8718	1035	748
MSTRG.5373	727	638	155	4356	0	273	294	125	4409	0	556	470	215	3109	0
MSTRG.5374	740	5657	12341	32	4895	677	3906	2886	8	5660	782	4896	14090	18	3523
MSTRG.5375	223	0	750	20351	39	71	0	1554	15221	13	46	0	1128	12771	20
MSTRG.5376	2005	1	49	375	388	2042	47	89	750	166	1261	99	158	248	191
MSTRG.5377	853	2300	57	2437	525	663	3057	4	8391	670	809	2319	1	1216	517
MSTRG.5378	1318	13	414	1044	781	1407	45	204	1203	700	905	152	1418	982	434
MSTRG.5379	299	187	0	0	130	47	245	0	0	437	468	224	0	0	326
MSTRG.538	640	9209	2477	639	80	857	8619	1639	735	2	2597	6161	1697	752	19
MSTRG.5380	3882	331	47	678	2323	2580	406	1	1158	6856	2154	518	0	337	2841
MSTRG.5381	531	2734	0	1435	2070	493	1843	0	688	4793	510	2281	0	388	2280
MSTRG.5382	1669	1366	0	6121	1214	1940	2709	34	3099	1859	986	1622	0	4055	1037
MSTRG.5383	335	3933	127	299	0	163	2909	0	35	0	171	4507	109	285	0
MSTRG.5384	410	932	0	1520	50	316	2789	0	2284	102	257	2734	0	1529	13
MSTRG.5385	493	4265	22	1622	5324	319	3086	339	1488	21013	328	2698	69	1407	5028
MSTRG.5386	0	783	9806	0	1	51	1512	2503	0	0	2	1760	5705	0	1
MSTRG.5387	0	17	6481	7	3945	0	71	5781	37	4094	0	40	7866	24	4176
MSTRG.5388	1	216	0	673	2	0	21	0	7	3	1	89	0	225	1
MSTRG.5389	54	0	1324	14082	63	7	0	792	12437	214	115	0	1272	2896	166
MSTRG.539	344	442	9177	3975	142	220	360	5267	4833	299	162	557	9313	4335	85
MSTRG.5390	809	310	458	2112	0	580	460	498	1554	0	270	110	153	1904	0
MSTRG.5391	7808	10482	1169	221	162	4326	2564	412	205	3	9164	4020	1108	326	173
MSTRG.5392	3199	3081	0	1309	53	923	3064	0	1118	0	1779	2057	1	575	119
MSTRG.5393	6254	6555	433	154	6316	15854	4987	413	228	2078	1270	5771	379	132	2480
MSTRG.5394	2628	1431	369	7000	741	3532	1611	187	4409	985	290	1161	444	8502	514
MSTRG.5395	4392	1321	3322	27	1820	4927	1103	3533	65	3955	3198	1051	6363	104	2118
MSTRG.5396	0	869	1053	953	3053	0	1239	261	962	1790	0	1123	949	929	4283
MSTRG.5397	3065	2137	203	1769	2260	1714	831	227	1632	1047	1670	2115	229	1481	2052
