gene_id	B100	B105	B110	B135	B175	B200	B205	B210	B235	B275	B300	B305	B310	B335	B375
MSTRG.6299	1726	4720	4042	940	84	1425	5376	3225	649	843	255	5126	4219	958	73
MSTRG.63	519	408	64	702	497	377	433	25	298	584	549	689	121	531	1152
MSTRG.630	394	0	879	590	7	384	0	4608	1013	5	85	0	982	730	37
MSTRG.6300	1	1339	156	1023	132	0	1660	105	1379	17	1	1469	130	853	78
MSTRG.6301	2030	811	8135	5231	0	2406	610	2349	2414	0	1629	604	5038	5573	0
MSTRG.6302	503	1133	1422	12020	23	428	1689	1679	18129	53	401	1149	1516	14881	105
MSTRG.6303	1412	0	1150	1524	2074	1165	0	779	1580	1825	1145	0	1132	1699	1119
MSTRG.6304	942	689	1155	3293	15108	625	670	4851	3274	6553	57	887	1500	2540	31523
MSTRG.6305	0	18	337	178	686	0	7	460	309	140	0	5	495	445	584
MSTRG.6306	122	2347	356	6821	97	89	2487	216	17326	25	114	1892	203	11056	13
MSTRG.6307	913	3119	241	3945	2419	874	2346	224	5933	4011	385	2973	164	2516	1874
MSTRG.6308	10695	711	258	444	0	11383	801	208	460	0	8800	677	371	554	0
MSTRG.6309	423	2571	4197	0	0	284	2203	24615	0	0	377	2087	4941	0	0
MSTRG.631	2726	980	8889	2173	37	3419	462	5705	4135	156	1504	1266	1835	2002	160
MSTRG.6310	276	493	5202	864	328	383	1436	25557	1223	325	181	760	4300	563	336
MSTRG.6311	55	85	42	103	401	21	106	16	216	763	27	19	74	138	643
MSTRG.6312	85	14	4	29	0	23	432	47	55	0	11	28	0	83	0
MSTRG.6313	227	5301	1	188	1927	73	5285	250	480	1495	103	4586	3	290	1671
MSTRG.6314	5594	433	4	197	4803	6212	437	1046	59	2173	3861	375	10	109	1464
MSTRG.6315	1885	1201	4	259	5643	1668	919	1016	335	9291	1141	872	11	159	4101
MSTRG.6316	694	0	5	199	13466	484	0	1025	356	1392	372	0	10	467	12388
MSTRG.6317	0	13444	3	327	563	0	6514	1220	121	810	0	2415	10	361	642
MSTRG.6318	558	396	52	1096	3908	173	822	805	364	3389	485	1072	13	505	3567
MSTRG.6319	1099	98	1	15291	308	952	164	1	18340	389	385	259	1	15451	362
MSTRG.632	14443	875	44	0	284	13881	489	28	60	584	3678	796	78	31	130
MSTRG.6320	1649	0	74	300	898	1185	0	227	70	2075	1181	0	81	278	1021
MSTRG.6321	4020	8	3	489	751	3188	365	578	576	1394	4070	137	2	315	835
MSTRG.6322	697	146	1434	378	41	1064	43	14538	559	42	597	111	144	401	0
MSTRG.6323	3554	1728	2945	128	21	2929	1629	1981	344	91	2354	1562	3938	424	6
MSTRG.6324	448	418	2055	4	161	1303	460	1099	62	222	609	279	1974	107	266
MSTRG.6325	24	2750	391	534	195	60	1693	300	1029	59	9	2484	440	503	238
MSTRG.6326	5898	1252	3010	533	567	3861	4751	2620	627	522	3149	489	3214	748	699
MSTRG.6327	512	320	12	317	33	553	805	62	482	285	388	765	122	320	0
MSTRG.6328	1351	2940	982	91	318	614	1467	807	173	644	736	7649	1862	172	347
MSTRG.6329	0	1105	554	409	5369	0	1500	611	199	13306	0	1019	455	159	5788
MSTRG.633	3682	583	693	649	1421	4071	518	509	151	2194	985	517	68	122	3378
MSTRG.6330	11209	3651	1154	67	112	8383	2096	734	229	220	537	4478	1022	183	241
MSTRG.6331	814	371	89	0	501	638	119	0	30	502	775	279	8	26	273
MSTRG.6332	129	723	820	51	66	83	1560	741	25	112	264	272	1420	23	92
MSTRG.6333	0	552	5857	1402	2777	0	662	8474	2497	1544	0	546	3702	930	1745
MSTRG.6334	0	750	140	262	35	249	674	20	2947	272	85	390	1752	484	24
MSTRG.6335	241	6753	7670	758	6	43	3998	4867	6690	48	116	9617	4667	1704	97
MSTRG.6336	1952	3294	12	3216	10530	1627	22763	6	2409	12461	918	4440	8	1421	7110
MSTRG.6337	696	221	212	631	168	386	273	99	284	244	133	188	87	329	186
MSTRG.6338	1400	494	21	3	2822	823	835	1464	0	5224	1782	1051	3	3	2692
MSTRG.6339	1482	9652	3836	4858	1419	775	9179	2127	7179	1226	568	8426	6704	3382	1686
MSTRG.634	811	1482	10835	30869	31741	1627	3590	6947	16104	79386	352	2278	2330	4674	42455
MSTRG.6340	2066	1557	66	3009	1603	2796	3979	77	2840	2537	261	1376	24	1620	1788
MSTRG.6341	407	4	896	78	2935	554	5	1317	12	1064	766	16	388	9	1943
MSTRG.6342	7	102	2923	1858	87	15	144	817	3541	63	696	21	3316	3074	157
MSTRG.6343	1903	45	730	1250	127800	1785	87	527	1616	56774	6325	24	744	699	110986
MSTRG.6344	5216	65	41	417	9300	3723	48	33	47	3264	2660	13	103	410	182
MSTRG.6345	277	34	1187	6569	0	118	31	1046	11731	118	92	92	666	6215	9
MSTRG.6346	891	2366	2700	1058	322	1285	1668	1220	1346	426	178	497	4029	1315	180
MSTRG.6347	767	480	1450	479	3233	615	1181	2632	910	1644	510	884	2746	306	4708
MSTRG.6348	325	699	1095	2300	283	188	717	1549	6359	74	287	525	1470	3172	298
MSTRG.6349	297	1195	96	959	160	938	1482	8	1003	115	77	1079	24	787	76
MSTRG.635	3789	4475	161	12	117	3944	28134	219	16	46	990	7386	207	57	94
MSTRG.6350	6199	10153	68	71	984	1681	5538	2	42	8900	3386	1366	113	75	666
MSTRG.6351	4903	3357	2366	1972	12055	27761	2515	3092	3547	20070	7137	1950	2422	3823	4300
MSTRG.6352	244	57	1964	0	0	197	267	1309	0	0	134	12	1574	0	0
MSTRG.6353	631	741	366	1252	42	724	465	1428	1551	26	850	747	562	1558	12
MSTRG.6354	963	253	198	0	172	13	1257	168	0	31	28	162	227	0	345
MSTRG.6355	12446	4963	1312	3006	1818	8018	7475	461	607	2293	7566	5739	470	866	751
MSTRG.6356	2374	6820	2251	271	1025	2699	4239	1026	0	984	1022	7517	1980	664	798
MSTRG.6357	211	4729	489	1347	1304	262	19208	957	324	1162	95	5630	667	916	1167
MSTRG.6358	7	12007	113	276	1000	35	23946	41	855	1301	6	19332	124	84	377
MSTRG.6359	43	280	2671	2295	51	21	235	5992	3777	111	80	86	1944	1812	163
MSTRG.636	17880	1167	1331	285	40	18171	7464	1701	3	314	4838	2232	1665	54	42
MSTRG.6360	5508	137	255	37	4435	2502	35	179	80	6230	499	142	225	0	4502
MSTRG.6361	18	0	938	276	1259	118	50	1242	726	550	320	0	221	697	630
MSTRG.6362	113	11	6898	0	1247	123	38	10793	3	396	30	0	6834	1	908
MSTRG.6363	15753	109	0	58	753	3654	757	0	132	517	43	40	0	112	611
MSTRG.6364	5592	78	1441	133	2103	2403	394	1389	291	5136	2342	68	1738	73	2276
MSTRG.6365	104	1921	10	2519	15555	210	12402	40	4217	2353	3	462	12	2787	21211
MSTRG.6366	855	3534	8756	9	521	744	3013	3696	4	683	774	2936	7990	93	1228
MSTRG.6367	253	123	439	129	4365	990	105	96	117	3113	3	54	290	485	1523
MSTRG.6368	13144	5222	8	0	929	13753	3399	1	0	2282	10596	2512	0	0	1411
MSTRG.6369	5499	5	1378	0	9	3994	9	1012	0	2	3315	32	1321	0	6
MSTRG.637	86	33	2126	288	672	56	13	3360	63	472	126	65	2752	395	633
MSTRG.6370	126	1213	471	0	1144	52	1647	328	15	3974	48	1327	513	0	1690
MSTRG.6371	3968	896	441	0	5421	2775	1665	39	32	7646	732	594	289	0	5955
MSTRG.6372	81	1754	2623	433	245	13	1127	469	614	270	16	1553	3374	486	127
MSTRG.6373	1758	833	891	3340	408	1732	4960	770	2109	362	990	1149	569	2107	339
MSTRG.6374	1192	271	17217	0	72	1185	398	31335	0	123	576	484	15204	0	41
MSTRG.6375	2826	680	223	1048	58	1213	593	352	897	11	2016	463	291	813	1
MSTRG.6376	1016	196	7275	80	24	5077	168	3395	72	3	1044	306	5316	12304	44
MSTRG.6377	485	2740	567	1111	2416	456	3641	3	662	2944	608	4119	4	382	2756
MSTRG.6378	268	1543	14	438	739	280	1381	12	184	1163	132	1628	6	499	470
MSTRG.6379	322	363	69	1824	4	247	410	236	657	63	160	380	110	1347	4
MSTRG.638	1880	396	4547	207	2116	2008	2377	3017	103	2233	1231	667	954	176	1259
MSTRG.6380	266	3234	121	1766	2591	209	2706	55	1374	3147	227	2638	127	941	2283
MSTRG.6381	73016	2222	976	6395	859	55821	1695	1483	1506	1753	50736	3156	879	4470	581
MSTRG.6382	18	530	321	206	829	33	669	398	104	526	1153	435	541	97	1141
MSTRG.6383	8528	0	297	730	1662	5176	0	315	603	1580	3180	26	181	543	1085
MSTRG.6384	8	82	151	6	269	5	0	138	11	1392	4	6	87	12	1746
MSTRG.6385	165	921	71	334	0	2573	1084	71	1398	1	2	1595	127	164	1
MSTRG.6386	360	0	739	719	753	469	0	945	663	642	113	0	941	791	984
MSTRG.6387	297	98	0	707	512	482	77	0	563	1404	292	124	0	1135	825
MSTRG.6388	4514	0	0	1845	4729	4457	0	0	1347	3395	4232	0	0	528	4453
MSTRG.6389	1782	827	357	709	13191	1045	1406	455	1071	16619	1091	434	382	2301	15567
MSTRG.639	2107	1229	10438	84	680	2697	7577	6668	135	873	2342	2239	2301	63	650
MSTRG.6390	514	2294	463	214	852	338	1160	1600	46	734	353	2478	590	177	1393
MSTRG.6391	4151	243	0	757	6	2411	55	0	816	1	2104	173	0	747	14
MSTRG.6392	38	903	667	122	3562	69	835	267	164	4581	79	1055	631	42	2281
MSTRG.6393	420	681	3138	29	152	432	698	2816	397	186	707	543	3184	44	193
MSTRG.6394	829	2716	6840	0	4903	606	2247	735	30	22979	337	3990	11954	4	3294
MSTRG.6395	0	2969	1924	497	2911	0	3607	888	313	4455	15	7139	1610	567	1687
MSTRG.6396	1570	1338	14	550	1307	1068	2573	9	640	1200	1669	1833	32	216	1137
MSTRG.6397	48	714	301	0	52	0	1604	76	0	0	5	829	328	0	0
MSTRG.6398	1295	90	637	1448	591	1130	8	544	2109	864	1896	16	354	1010	616
MSTRG.6399	130	2551	489	195	66	0	2835	435	153	105	13	2756	335	446	148
MSTRG.64	529	487	46	24	403	418	760	472	70	347	1064	1045	120	21	569
MSTRG.640	9543	5438	10727	939	340	9579	36062	6961	1225	232	2550	9862	2416	1155	291
MSTRG.6400	0	2686	154	3043	5	0	2471	1888	3848	22	0	2206	108	3155	27
MSTRG.6401	0	86	175	20440	157	0	610	11	14980	379	0	170	82	12436	283
MSTRG.6402	74	3386	0	810	294	84	1255	0	1366	322	14	2821	0	3303	137
MSTRG.6403	1132	538	112	7432	2381	1166	54	32	4083	6241	304	485	174	8133	3065
MSTRG.6404	3382	3842	3053	0	243	1001	1625	1364	0	201	2625	4795	1679	0	166
MSTRG.6405	131	19288	35723	470	322	61	19550	3562	262	280	207	18352	75770	273	32
MSTRG.6406	728	187	907	1428	332	479	265	76	530	155	650	356	571	1010	334
MSTRG.6407	1281	5670	155	1972	997	783	3484	96	4066	335	741	4032	19	2469	562
MSTRG.6408	166	672	2829	11424	11324	132	34	4471	6692	16696	17	1	2926	3678	17430
MSTRG.6409	3476	18	801	0	61	1887	14	285	7	60	3939	9	1318	0	73
MSTRG.641	17598	122	1727	2000	7269	18186	315	1076	2759	6814	4792	260	349	2483	5562
MSTRG.6410	5304	38	5153	1246	479	2616	162	1378	5392	343	8111	148	2520	1186	330
MSTRG.6411	1817	170	5956	3012	76	2891	95	9548	3640	97	1431	125	4693	1632	99
MSTRG.6412	1190	1074	6380	218	323	1291	1631	10	475	505	634	906	22808	207	441
MSTRG.6413	1110	219	145	112	163	52	460	86	166	307	87	354	660	108	1099
MSTRG.6414	3474	213	790	17895	15	2569	159	1573	21924	106	2354	164	597	28279	147
MSTRG.6415	3422	39	112	63	610	2607	39	129	24	613	1949	25	97	76	384
MSTRG.6416	241	126	587	435	348	552	110	460	759	458	279	48	899	604	840
MSTRG.6417	1140	1	4558	1807	274	715	2	8565	806	222	423	2	4296	693	280
MSTRG.6418	2886	317	357	398	111	1618	645	228	727	240	1737	535	370	403	179
MSTRG.6419	673	2243	1314	1994	410	44	3730	1894	842	277	398	2253	1193	1436	219
MSTRG.642	3358	2022	7465	44	1463	3501	1687	3077	184	1132	840	1836	1567	35	1609
MSTRG.6420	4870	229	893	7	2	1692	282	1774	0	54	5457	280	965	0	13
MSTRG.6421	11360	868	0	0	236	18189	1474	60	0	1113	4212	200	0	0	579
MSTRG.6422	356	4868	70	59862	52	216	10916	130	19491	30	179	4722	8	23585	34
MSTRG.6423	7157	0	300	1594	1141	3697	0	648	349	1990	3925	0	329	677	757
MSTRG.6424	385	1359	327	233	6	12	1154	73	283	10	2	1944	168	254	11
MSTRG.6425	10	50	815	2636	366	5	135	422	8455	1901	6	56	359	7939	190
MSTRG.6426	69	6203	372	209	961	199	4529	400	1176	4790	128	7067	500	384	326
MSTRG.6427	203	385	45	789	1923	94	152	336	406	2313	190	332	42	543	1179
MSTRG.6428	984	2051	170	2629	2	1470	1513	190	1410	2	752	1075	122	1495	0
MSTRG.6429	338	9	5600	7833	3848	370	0	2477	2851	7744	290	2	1952	9597	2471
MSTRG.643	21779	1423	520	3	2396	22365	2365	2195	107	4775	5934	2778	370	8	2460
MSTRG.6430	241	153	85	1649	2392	131	82	188	4882	2355	79	136	120	2032	2079
MSTRG.6431	204	599	1328	5217	80	125	902	767	8463	9	93	869	303	2916	6
MSTRG.6432	1	641	3211	5815	2147	3	394	1672	3868	1370	1	627	1547	2113	1203
MSTRG.6433	675	7565	143	3204	967	726	6633	437	6760	1532	459	15342	48	3008	627
MSTRG.6434	95	2417	4228	813	29	38	1782	13410	1765	27	109	1772	3963	1497	57
MSTRG.6435	2819	372	96	656	393	3293	1	86	310	44	1915	482	179	576	537
MSTRG.6436	230	597	13651	105	13	281	719	12043	46	87	215	395	11822	84	122
MSTRG.6437	1300	366	294	1393	5889	1138	478	311	1998	9094	162	251	321	546	5561
MSTRG.6438	7559	437	4083	551	854	8498	166	4219	713	1372	5733	263	3602	1183	1204
MSTRG.6439	0	154	1604	1068	412	0	865	1364	1543	973	0	371	4123	900	210
MSTRG.644	28	2783	26529	859	0	26	19935	18188	943	54	14	5270	33717	852	32
MSTRG.6440	1585	199	2171	1232	1777	1169	44	3207	919	4885	1006	67	2082	1083	2693
MSTRG.6441	8764	0	3533	0	891	4701	0	798	0	1084	6799	0	2156	0	688
MSTRG.6442	518	364	134	359	60	97	243	61	1418	25	76	330	96	498	83
MSTRG.6443	583	3081	136771	659	0	0	2001	2486	1363	0	47	1639	95840	949	0
MSTRG.6444	3655	43429	8246	6707	0	1624	17260	290	5813	30	864	82307	282	2440	28
MSTRG.6445	15	417	296	519	0	0	171	366	337	0	0	632	213	363	0
MSTRG.6446	140	53	5165	665	13	145	36	2268	929	634	105	4	5794	652	32
MSTRG.6447	965	106	68	116	482	625	203	9	210	412	681	102	24	327	151
MSTRG.6448	486	3041	121	555	2334	385	4319	127	334	5469	614	3462	358	627	2120
MSTRG.6449	13285	0	1381	42	0	5717	0	1149	97	0	23630	0	905	49	63
MSTRG.645	169	5429	1893	146	441	162	36206	1819	674	103	53	9717	1006	217	85
MSTRG.6450	2421	0	1069	443	38	1864	0	1124	91	0	1508	0	1168	216	144
MSTRG.6451	548	406	1282	657	181	23	444	8433	495	41	768	264	637	518	198
MSTRG.6452	798	722	13989	0	6338	552	1209	9464	0	6238	249	495	5855	0	3602
MSTRG.6453	1382	0	0	0	935	325	0	0	374	1908	184	0	0	0	711
MSTRG.6454	659	668	0	0	2119	1312	312	0	435	1816	198	1152	0	0	1374
MSTRG.6455	206	3815	0	111	2340	36	3358	87	97	4136	129	1225	89	55	1340
MSTRG.6456	0	1894	0	54	388	0	3027	0	110	196	0	1419	0	46	531
MSTRG.6457	180	2108	12	0	9	222	5591	785	409	6	462	3813	36	2	115
MSTRG.6458	18066	435	591	1663	78	5726	1531	753	6174	107	14039	271	167	81	35
MSTRG.6459	33606	49	2846	19	19	9671	153	7709	35	12	65910	68	3467	12	9
MSTRG.646	3251	1049	27	77	108	3160	6743	87	185	25	872	2095	0	126	12
MSTRG.6460	214	1830	0	3079	76	76	3699	2	1116	36	7	197	137	2204	6
MSTRG.6461	4164	629	67	7549	321	4240	710	0	3401	725	2070	186	422	11016	947
MSTRG.6462	0	442	254	2339	43	0	1608	20	4717	50	0	442	278	2254	20
MSTRG.6463	0	537	6626	865	20	0	532	6696	1104	25	0	889	3866	634	23
MSTRG.6464	344	3586	957	146	11	544	4267	513	0	81	217	4020	1032	68	28
MSTRG.6465	861	320	2297	1836	0	1371	303	2185	2	0	465	327	1600	1337	0
MSTRG.6466	0	747	2850	329	1441	0	541	4621	223	2164	0	708	1405	106	2135
MSTRG.6467	1355	1251	519	151	0	1735	1655	158	175	0	1236	1334	517	232	0
MSTRG.6468	4001	542	21	335	2129	2754	1599	52	163	488	662	1133	225	286	813
MSTRG.6469	7442	88	310	445	268	10113	104	109	790	0	3901	19	292	470	762
MSTRG.647	15537	6698	21653	1478	18344	15560	44048	32082	467	26953	4166	12179	22956	2215	15818
MSTRG.6470	292	526	108	28480	755	293	252	180	41308	1063	0	643	4	26395	595
MSTRG.6471	159	685	144	32	289	86	96	550	150	709	26	523	140	301	125
MSTRG.6472	564	652	409	349	2122	176	701	839	323	2979	5	545	1117	227	1922
MSTRG.6473	619	3	39	82	320	1066	843	35	100	652	465	0	12	258	457
MSTRG.6474	119	506	7	16	1	97	414	0	0	1	77	475	9	16	0
MSTRG.6475	462	1537	17	570	125	532	12	25	498	228	909	15	16	437	104
MSTRG.6476	3124	31	2549	1558	2354	3219	78	4953	2278	3821	2210	104	3130	1793	2549
MSTRG.6477	472	3	0	457	886	389	34	0	1010	1284	369	66	0	358	958
MSTRG.6478	1010	352	1565	4078	2	431	168	2066	3119	4	679	209	2031	1329	2
MSTRG.6479	1493	2852	0	863	1	1706	2595	0	879	1	1343	1682	0	1316	1
MSTRG.648	16	7	362	174	204	168	51	377	46	3	16	17	133	235	48
MSTRG.6480	821	42	1712	2427	318	1448	118	336	9088	429	763	25	1251	5089	240
MSTRG.6481	53	5671	450	5529	2940	60	11238	0	4931	2243	5	4933	1011	3191	2147
MSTRG.6482	22	172	1346	60	15	45	160	879	69	6	9	204	1002	186	33
MSTRG.6483	465	12430	348	836	0	296	14703	475	594	0	595	10460	222	421	0
MSTRG.6484	486	427	2349	2843	763	108	515	2482	1604	875	331	323	2526	1474	877
MSTRG.6485	840	4457	41	3576	15	544	5988	25	3905	549	389	3466	0	3666	4986
MSTRG.6486	449	1288	45	61	1243	487	2012	568	122	623	418	2150	291	316	514
MSTRG.6487	2723	1505	568	3832	395	6	3325	410	4694	179	15	1780	641	1577	468
MSTRG.6488	80	2503	200	9961	1814	270	1072	303	10849	484	181	2235	104	6141	1814
MSTRG.6489	312	87261	2122	612	57	170	23625	3709	451	54	92	31502	3398	320	68
MSTRG.649	26256	1104	38	167	58	25345	6657	1	134	69	19769	1844	60	669	5
MSTRG.6490	134	6899	50	58	1419	117	1199	171	20	1194	60	244	60	29	1045
MSTRG.6491	3776	3	643	309	15	1669	105	590	224	8	1509	75	532	798	76
MSTRG.6492	494	214	2922	1885	16701	389	420	1385	581	9941	87	201	3484	1575	30377
MSTRG.6493	7327	4130	0	121	280	9847	2471	0	99	111	2179	5652	0	95	160
MSTRG.6494	100	2	899	319	600	97	653	385	516	692	190	243	1032	210	510
MSTRG.6495	18314	97	55	0	58	14219	112	6	0	129	10109	66	1314	0	618
MSTRG.6496	312	1730	1205	160	0	441	4272	735	186	0	273	770	468	176	0
MSTRG.6497	3080	12909	642	581	0	4765	6183	328	660	0	1259	6917	540	547	0
MSTRG.6498	1669	0	1509	1193	0	1668	0	277	1564	45	1649	0	1909	1502	0
MSTRG.6499	1899	34	1206	748	5	2772	224	802	996	25	1245	324	1206	1038	11
MSTRG.65	916	640	402	109	338	173	268	544	83	532	498	647	846	63	361
MSTRG.650	1960	4681	79	209	8	2011	29716	71	318	0	925	8586	177	157	53
MSTRG.6500	3002	952	21836	1	3996	768	1259	3093	24	1110	2222	625	28875	3	2209
MSTRG.6501	113053	827	337	180	1303	20900	978	26	201	1267	2889	1224	220	170	2053
MSTRG.6502	6221	1572	524	0	1027	1177	1235	461	0	1079	69	1637	601	0	1484
MSTRG.6503	92	1356	50	478	419	208	1300	107	593	1118	13	593	170	491	1056
MSTRG.6504	244	275	74	2120	156	330	299	28	2914	40	135	314	0	2830	202
MSTRG.6505	5168	7587	1566	169	409	2326	15820	4675	281	1279	5757	7817	1370	172	405
MSTRG.6506	173	3014	1369	0	34	369	638	1451	0	131	51	1683	512	0	20
MSTRG.6507	144	1902	120	10306	46	93	497	350	16871	352	88	964	239	19621	38
MSTRG.6508	3103	637	3705	1003	402	9468	539	4650	14325	350	435	493	3474	871	582
MSTRG.6509	10960	2817	1838	0	550	11831	5705	146	0	504	4528	2906	1461	0	303
MSTRG.651	45	20	18	257	127	62	261	32	306	52	0	47	23	352	108
MSTRG.6510	0	24153	1710	309	0	0	4606	166	139	0	0	34129	1024	223	0
MSTRG.6511	67	893	799	261	1545	14	1401	486	280	1649	15	1518	609	386	1481
MSTRG.6512	39	3070	2719	42	2161	110	1842	5990	2003	3367	180	1087	2900	884	2463
MSTRG.6513	995	773	20690	2087	17830	1418	2303	857	2418	20595	278	952	24114	1791	15282
MSTRG.6514	1457	4277	753	8169	416	970	7552	504	3164	1217	1013	5345	1062	6616	780
MSTRG.6515	0	204	5331	1	5880	0	250	1524	1	7029	21	84	1694	1	5954
MSTRG.6516	1703	441	1353	3129	0	2003	475	1791	1155	0	1672	354	1685	1545	0
MSTRG.6517	0	89	7	2018	1184	0	238	2	778	755	16	187	3	4563	1451
MSTRG.6518	1297	143	1273	5869	14	1337	48	2907	4859	14	386	12	1352	4717	39
MSTRG.6519	201	2	5696	16	774	334	29	6366	165	1272	214	5	6375	366	1103
MSTRG.652	7949	50	1618	482	51	4369	68	2156	526	194	3585	124	2700	432	138
MSTRG.6520	4411	80	275	4514	562	2744	30	272	4107	2631	3555	108	160	4002	1010
MSTRG.6521	2314	1349	472	147	7098	619	831	293	2382	7543	824	1751	369	1333	6388
MSTRG.6522	2286	7	90	190	3488	467	2	150	41	2752	1047	12	123	819	1549
MSTRG.6523	3681	5171	1	88	1903	6403	4462	33	351	3301	2569	5536	4	468	1986
MSTRG.6524	28079	3111	30	8	5865	2957	2676	14	2	11031	33492	2893	89	352	3892
MSTRG.6525	1056	1271	1389	63	125	930	1242	748	2	60	1645	477	1757	852	76
MSTRG.6526	4593	880	4023	269	0	2224	758	5306	101	1	508	1231	4854	294	19
MSTRG.6527	2217	1512	3190	253	111	2636	856	3191	58	97	2467	1039	2874	163	228
MSTRG.6528	1206	805	1218	141	17185	2644	2301	794	173	24066	323	2941	673	1517	19991
MSTRG.6529	6582	197	1060	27	138	6501	9	637	233	84	4721	348	1246	76	182
MSTRG.653	522	966	34096	102	28	345	864	76490	129	10	164	963	37669	101	9
MSTRG.6530	267	746	1542	2971	779	297	801	795	9069	986	97	1212	1649	3484	676
MSTRG.6531	504	858	579	1	1529	503	1403	1903	4	1012	301	1047	2111	3	733
MSTRG.6532	160	10242	31	443	2504	123	3158	70	486	1564	130	6473	335	184	1728
MSTRG.6533	149	17221	770	14896	8	39	27783	589	21787	0	10	16875	1062	20331	2
MSTRG.6534	4200	2533	794	4740	11	3379	1781	1150	3332	32	4097	2326	881	1478	24
MSTRG.6535	1591	53	7614	40	48535	1392	5	940	2	16346	813	132	6116	34	25850
MSTRG.6536	3563	2690	16770	127	1535	2727	2058	22905	1090	2501	2609	1408	19178	528	1681
MSTRG.6537	1380	1038	1896	79	14	1492	410	1307	72	74	255	844	2065	117	44
MSTRG.6538	1117	8078	3626	537	183	696	20109	1707	154	181	998	8232	2499	633	260
MSTRG.6539	1549	3999	398	1155	1795	978	6160	369	223	7399	527	2972	579	312	3871
MSTRG.654	260	125	114	8	37	0	137	35	379	37	0	211	154	27	69
MSTRG.6540	196	1313	5919	12397	238	239	1965	39275	12141	1050	182	1433	5244	5263	356
MSTRG.6541	27	724	3856	6	726	279	948	5692	281	440	775	753	3253	102	1056
MSTRG.6542	1104	197	1702	267	2297	1958	260	1714	125	1149	2555	150	1533	56	1233
MSTRG.6543	1129	250	51	2661	6158	565	262	0	5048	3111	1047	139	0	2327	9791
MSTRG.6544	1025	468	752	851	693	1473	687	1110	1503	149	959	486	490	130	253
MSTRG.6545	5589	1866	149	8	5716	2561	1697	218	3	3284	2815	2714	139	1	3371
MSTRG.6546	21237	1341	236	1137	12165	23182	1465	638	1654	9411	12310	885	362	860	4731
MSTRG.6547	3229	307	1568	300	4795	1629	158	2524	264	8623	2547	40	2395	741	2626
MSTRG.6548	95	356	1338	9	111	14	262	1638	18	40	23	475	784	60	1164
MSTRG.6549	5998	1021	2860	1797	5586	1865	410	9833	705	7803	2316	615	3218	828	3518
MSTRG.655	33	10744	1546	4027	716	0	22208	734	4890	2035	37	10267	1820	4531	954
MSTRG.6550	1311	8538	384	20	4	448	14184	323	31	23	1109	11464	110	44	35
MSTRG.6551	11250	769	216	17356	7	24003	652	99	22293	611	5862	525	106	17408	6
MSTRG.6552	5589	119	469	5966	752	5391	194	165	13737	1002	2806	151	337	7159	1197
MSTRG.6553	1577	519	1098	3017	429	1358	525	302	1449	352	945	524	649	1336	366
MSTRG.6554	59	144	10174	484	650	10	568	9062	593	1577	16	745	12152	769	895
MSTRG.6555	1018	33	749	44	1271	927	235	621	64	2224	425	239	563	50	1243
MSTRG.6556	229	661	83	208	628	286	728	194	95	518	161	704	140	243	657
MSTRG.6557	422	494	67	77	770	654	623	153	2	897	320	462	174	93	696
MSTRG.6558	1979	392	467	2	1023	2148	400	1090	8	1086	2141	373	1200	1	1167
MSTRG.6559	1602	225	44	1	0	1308	233	297	1	0	738	295	333	1	0
MSTRG.656	231	172	2006	870	44	358	598	3318	1028	64	185	195	1491	940	72
MSTRG.6560	2958	420	671	198	507	7861	273	648	4	1367	1856	300	654	92	424
MSTRG.6561	319	31	511	146	779	196	156	295	198	1482	187	51	894	52	836
MSTRG.6562	465	28	468	10	4271	124	172	376	78	4304	263	159	388	58	2120
MSTRG.6563	337	1533	10	1	993	77	1666	7	1	953	161	1292	40	1	1275
MSTRG.6564	132	0	127	26	841	136	90	300	26	1421	273	28	252	48	583
MSTRG.6565	1144	469	403	22	512	429	1041	136	12	352	439	580	401	7	685
MSTRG.6566	7196	1472	13	9	24	12957	2486	69	21	179	5195	2157	24	44	46
MSTRG.6567	971	2288	575	4	348	696	1412	1939	1	267	426	1577	682	47	182
MSTRG.6568	539	375	114	23	551	663	540	72	173	445	475	269	96	240	477
MSTRG.6569	183	3690	1511	0	0	618	4295	1930	0	0	680	3546	1066	0	0
MSTRG.657	1	12	685	125	9991	0	3	685	247	13134	1	16	832	166	7251
MSTRG.6570	17	2064	4	0	0	183	1605	0	0	342	96	1853	0	0	4
MSTRG.6571	1043	55	11	625	75	741	5	84	281	81	483	4	5	5	32
MSTRG.6572	398	2192	1065	26	1299	617	1200	8111	48	3363	271	4599	928	14	34
MSTRG.6573	419	931	2011	22	35408	304	1286	1507	1	21717	263	791	1361	18	24857
MSTRG.6574	165	443	483	2227	5649	471	93	266	1014	3917	314	471	319	1852	14208
MSTRG.6575	529	33	1	1	159	241	160	0	121	286	220	156	2	49	236
MSTRG.6576	34	7283	3817	941	1012	119	12977	3356	1812	1611	4	7377	4362	915	1213
MSTRG.6577	676	982	2739	191	891	1638	1590	1677	746	1020	563	1817	1924	429	591
MSTRG.6578	1755	530	85	3489	172	1862	1665	10	2228	4	869	472	9	2899	74
MSTRG.6579	535	2333	2236	147	30	1465	4864	7857	98	0	214	2545	3556	155	24
MSTRG.658	2	1804	336	0	25	4	1357	168	7	15	3	1477	428	27	59
MSTRG.6580	2334	945	1108	1782	1451	3689	830	1393	2259	4	1216	791	843	1689	1294
MSTRG.6581	2615	175	586	9999	341	1637	95	96	5230	286	1426	140	661	4887	91
MSTRG.6582	1	35	0	0	143	1	39	181	0	140	1	35	0	0	123
MSTRG.6583	3526	0	33	2560	339	4449	0	140	2279	176	2445	0	147	1916	274
MSTRG.6584	2718	0	7163	39126	449	1827	0	12457	11008	649	1360	0	7398	3249	526
MSTRG.6585	64	6	48	4228	19	12	822	99	4258	296	12	25	104	2472	237
MSTRG.6586	3637	787	1274	499	224	2172	578	1308	685	226	3045	170	1953	581	296
MSTRG.6587	1485	2618	542	815	120	1298	4133	2380	796	133	792	3610	315	442	404
MSTRG.6588	445	11164	2353	503	1413	53	10821	5607	1128	1804	235	6721	2547	1383	1105
MSTRG.6589	9978	55	990	16444	537	11684	15	649	17241	481	6680	170	1073	10722	405
MSTRG.659	2380	79	8779	801	16	2437	0	2516	1723	0	1678	43	10037	636	23
MSTRG.6590	80	247	142	7364	1354	181	97	65	6556	1772	98	194	108	3415	806
MSTRG.6591	1333	6	155	0	148	979	0	86	0	394	968	0	145	2	132
MSTRG.6592	642	1089	135	160	1786	1566	619	46	667	2113	351	775	13	195	894
MSTRG.6593	2589	2277	125	62	2611	5467	2097	173	146	5469	1695	1642	739	53	3490
MSTRG.6594	1305	2690	0	762	1792	935	4718	0	374	4992	1089	1469	0	224	2527
MSTRG.6595	233	531	0	0	4712	68	315	0	0	5868	221	529	28	0	3703
MSTRG.6596	0	29	0	204	129	0	78	146	197	200	0	245	0	161	103
MSTRG.6597	1	846	0	415	877	67	154	36	366	511	2	364	0	217	558
MSTRG.6598	0	63	17	12	2461	0	114	20	23	2055	0	23	3	19	2423
MSTRG.6599	25	895	1319	4450	26	737	1378	465	2069	17	30	1614	154	2098	69
MSTRG.66	635	206	656	629	50	422	348	519	737	537	698	78	1179	588	162
MSTRG.660	33621	35	1793	226	1895	60893	0	1207	56	1256	21533	437	2091	179	1294
MSTRG.6600	987	49	914	82	2260	542	35	695	50	1260	116	35	900	8	15098
MSTRG.6601	4773	0	849	2538	1827	5080	1	522	2245	1327	3254	0	1147	17158	15249
MSTRG.6602	0	36	979	2123	3244	0	27	159	2280	3855	99	24	1724	1053	2309
MSTRG.6603	152	462	3576	6027	7481	18	607	2106	1836	9779	521	110	4658	4105	5368
MSTRG.6604	201	0	2159	1607	485	32	0	1782	2710	392	59	0	3095	2087	345
MSTRG.6605	13824	2302	224	1418	346	11081	2738	92	287	115	4934	3532	306	522	311
MSTRG.6606	704	0	633	74	253	428	0	1363	158	264	332	0	596	1394	618
MSTRG.6607	2888	1670	40	1	1633	2036	387	35	4	740	1493	884	43	30	2472
MSTRG.6608	3346	286	52	5121	102	4419	6	483	4542	142	1040	738	53	2192	102
MSTRG.6609	636	1994	714	1774	49	247	1107	300	961	109	436	2278	880	2391	43
MSTRG.661	505	78	584	0	51	598	1	588	0	889	65	275	602	0	283
MSTRG.6610	6	303	531	7580	58	35	609	368	3039	162	203	125	333	2752	43
MSTRG.6611	463	2108	0	1032	0	230	2614	0	882	0	381	2034	0	1047	0
MSTRG.6612	197	1091	1728	69	173	153	1251	2128	305	253	89	1427	1648	177	1075
MSTRG.6613	31	0	2750	32	553	11	6	4293	56	415	3	3	2970	73	4007
MSTRG.6614	262	158	20070	961	1610	411	342	12329	1770	1156	127	120	18802	1467	12449
MSTRG.6615	576	2574	1187	152	1023	761	3869	1987	174	713	1053	2834	1848	154	7478
MSTRG.6616	49	387	6954	589	190	56	699	5312	1047	256	33	567	8093	688	1112
MSTRG.6617	0	885	0	871	0	1	2407	0	3310	0	0	1199	0	1944	0
MSTRG.6618	27	474	377	708	489	31	843	185	694	374	19	428	296	994	3893
MSTRG.6619	528	1834	36	10067	2938	536	1895	54	12768	1955	340	1908	14	15932	22516
MSTRG.662	565	160	2331	0	57	101	1	3014	0	0	221	757	2284	0	46
MSTRG.6620	0	0	1509	11	188	0	0	551	37	208	0	0	1557	30	1041
MSTRG.6621	3894	1085	106	376	27	5865	777	18	25	26	3786	919	48	335	2
MSTRG.6622	0	78	39	2013	11	0	172	2	1372	33	0	547	2	475	8
MSTRG.6623	1838	722	1190	32	1320	491	1017	1682	39	3464	794	337	1299	152	1822
MSTRG.6624	458	530	797	1977	5019	1	405	2188	3316	6517	591	574	1624	2585	2460
MSTRG.6625	2552	1153	9630	590	772	1330	395	4802	598	9102	2232	951	6159	326	761
MSTRG.6626	4504	553	0	16068	0	569	482	4	3181	0	439	770	0	5146	0
MSTRG.6627	2690	26722	2528	12177	1400	2471	11508	2269	13798	6754	1664	28269	2653	15106	4699
MSTRG.6628	854	294	417	6797	1301	1016	147	531	5163	645	848	123	545	11739	1449
MSTRG.6629	0	553	19427	4356	233	5	527	20916	1823	258	2	457	20172	3443	405
MSTRG.663	2714	19062	0	315	8	2452	27818	93	143	0	1616	24447	17	496	174
MSTRG.6630	180	140	277	133	124	221	195	203	81	1408	70	139	178	405	1029
MSTRG.6631	2924	59	550	683	4775	4260	63	844	446	6943	1846	528	462	674	3650
MSTRG.6632	146	0	1728	2968	678	261	0	617	1948	400	82	0	820	1687	846
MSTRG.6633	802	6	2961	8	1137	999	6	1191	8	628	576	39	2355	12	583
MSTRG.6634	2473	0	0	333	728	1591	18	0	453	4566	1924	0	0	71	2418
MSTRG.6635	20	0	42258	100	3743	7	19	11004	151	4416	35	0	33556	55	3933
MSTRG.6636	0	0	1991	9	14	0	41	403	14	147	0	0	1710	38	361
MSTRG.6637	1058	0	37	222	3024	568	0	328	309	3787	650	0	47	44	3930
MSTRG.6638	77	1373	187	193	207	234	1422	271	379	2132	196	831	305	205	1040
MSTRG.6639	1134	1677	2039	1318	148	710	1442	13511	872	1530	274	2099	4583	829	1751
MSTRG.664	806	1752	17418	3208	272	696	1906	2828	4750	13	552	1050	13331	2574	146
MSTRG.6640	23	1470	257	3337	264	18	1022	1438	1409	1312	94	1210	367	1131	7375
MSTRG.6641	660	3462	609	407	219	257	2766	292	298	258	419	3850	729	445	337
MSTRG.6642	1478	299	2900	1281	195	494	157	1244	1633	64	984	299	1567	485	206
MSTRG.6643	1887	1216	4469	1145	36	806	1291	1390	329	342	1087	653	6409	144	1947
MSTRG.6644	34	68	4956	1132	1	8	80	4826	3675	169	190	59	2916	544	46
MSTRG.6645	31936	59	5027	13	943	9740	48	6734	4	5105	33174	20	6068	30	1700
MSTRG.6646	221	61	174	7742	41	151	326	162	7848	51	183	43	129	5079	44
MSTRG.6647	526	752	2	582	1123	621	443	7	1727	2272	456	578	16	1102	763
MSTRG.6648	20	455	7877	2207	185	6	55	5138	2827	332	0	144	5665	1831	106
MSTRG.6649	181	457	13713	3797	13881	123	441	4659	4851	24768	537	287	10761	2809	18124
MSTRG.665	345	60	73	700	81	249	113	163	1689	0	433	0	211	2639	181
MSTRG.6650	0	0	1335	0	3575	0	0	1380	0	3079	0	0	1469	0	2328
MSTRG.6651	14	1282	556	185	43	2	3032	254	94	1	18	1407	800	532	19
MSTRG.6652	5	307	334	92	2	72	280	500	129	0	1	299	419	152	62
MSTRG.6653	0	3837	1172	4671	132	54	5087	1328	2476	562	0	3501	1356	5282	327
MSTRG.6654	0	7302	367	264	74	18	7053	2071	332	53	0	6674	796	242	111
MSTRG.6655	19	1866	1060	2553	366	17	1624	1078	3616	225	1	2098	1043	3112	864
MSTRG.6656	3167	226	1168	891	815	917	863	779	1204	244	466	122	1731	1079	255
MSTRG.6657	1943	5463	0	450	11759	1276	4458	0	160	9643	2229	7530	0	293	5154
MSTRG.6658	1069	0	0	45491	13	806	0	16	20210	212	472	0	2	73359	84
MSTRG.6659	3225	2884	670	124	230	3589	1504	1769	4	140	3749	2671	520	321	60
MSTRG.666	11733	6149	14	755	69	5421	8230	75	1228	0	19114	6969	4	459	65
MSTRG.6660	300	130	923	638	1997	101	31	1968	34	4185	191	59	820	620	2002
MSTRG.6661	884	815	5065	134	1140	1457	1544	1959	114	1109	456	1526	4438	172	308
MSTRG.6662	65	921	344	17	53	88	2110	347	21	61	41	1545	392	35	20
MSTRG.6663	10	8606	502	637	878	51	9031	760	1147	1040	15	4701	547	713	632
MSTRG.6664	13	1059	679	6613	260	118	2601	140	8021	432	6	1038	1142	93	802
MSTRG.6665	81	11413	98	68	7	172	7183	145	56	14	29	4967	64	114	34
MSTRG.6666	716	1922	509	8	1287	391	3206	95	223	686	705	1499	280	16	746
MSTRG.6667	217	4854	702	249	13009	135	5241	561	2752	19527	162	2356	568	1192	12157
MSTRG.6668	533	2604	0	12799	4814	308	4525	0	2093	10246	158	5144	0	7206	4693
MSTRG.6669	0	304	0	134	1600	0	517	975	138	1842	0	272	0	227	836
MSTRG.667	2033	131	10	242	751	1176	254	0	269	4754	1822	62	166	172	646
MSTRG.6670	1	97	0	11	69	1	102	728	58	1	52	128	0	217	70
MSTRG.6671	1817	18354	201	594	214	1957	17922	204	978	4	867	22851	120	584	239
MSTRG.6672	3280	369	51	174	334	5202	317	44	134	253	2073	261	17	188	70
MSTRG.6673	19651	571	0	7820	8	13833	627	852	4651	69	9096	566	0	8492	66
MSTRG.6674	2100	1766	0	57	1	1683	1274	84	48	1	1005	959	0	48	2
MSTRG.6675	410	1344	1667	24	28	675	2083	4866	9	16	62	1878	84	58	46
MSTRG.6676	8454	12	49125	17	14	5088	0	55894	115	157	7475	2	36619	30	91
MSTRG.6677	0	0	2870	173	0	0	0	3167	109	0	0	0	2949	114	0
MSTRG.6678	406	31234	2141	428	0	180	12224	2784	239	0	343	20578	2261	611	0
MSTRG.6679	3179	1045	1911	200	579	1224	2307	335	235	222	3375	1762	1999	197	0
MSTRG.668	604	21	305	602	1323	880	7	145	592	846	646	38	212	587	9360
MSTRG.6680	133	2113	1344	3616	27	52	1239	2595	10186	5	82	1205	1101	3438	24
MSTRG.6681	2320	266	767	88	1207	3942	228	1257	107	1592	2578	299	756	79	980
MSTRG.6682	9129	2275	93	354	1175	10291	8505	1	340	1218	2708	6392	93	72	1273
MSTRG.6683	0	238	65	533	214	1	1537	0	700	383	0	347	33	397	197
MSTRG.6684	1110	667	2404	45	284	2457	404	0	16	552	813	608	1710	54	341
MSTRG.6685	2660	2183	447	252	2778	2531	1244	127	1018	2009	1051	1469	99	324	3737
MSTRG.6686	2897	4716	217	135	198	5819	1865	386	2	109	3203	3682	183	74	157
MSTRG.6687	5006	7686	327	81	1260	6782	6895	265	2	1858	3166	4808	322	4	1209
MSTRG.6688	0	140	563	0	5442	19	36	641	0	5056	29	1442	587	0	4593
MSTRG.6689	292	7254	160	1707	0	433	4204	196	1208	0	220	4031	297	1628	0
MSTRG.669	2024	1	63	299	2569	3340	4	35	326	1871	1568	15	55	186	20033
MSTRG.6690	30	3	414	2687	1695	62	10	263	4112	2629	73	5	481	2205	2558
MSTRG.6691	22233	7	124	844	30377	17975	7	96	840	15936	18575	4	462	480	12856
MSTRG.6692	375	69	699	56	3498	294	2174	530	261	3341	188	37	492	77	2637
MSTRG.6693	636	6502	1329	0	10	776	4034	1546	0	5	739	3539	1760	0	9
MSTRG.6694	1891	3425	262	4	606	1108	6567	1670	70	573	998	4065	354	1	799
MSTRG.6695	407	1079	2318	0	902	587	1660	959	34	816	419	1846	1486	2	273
MSTRG.6696	998	760	3829	4106	351	746	324	2634	1187	1159	869	684	4474	2751	1305
MSTRG.6697	0	922	2231	0	561	0	1963	3871	0	675	0	1675	3846	0	395
MSTRG.6698	1370	952	5491	1042	0	1017	1444	4339	649	0	282	853	4146	353	0
MSTRG.6699	37750	623	270	1694	2	12872	816	259	22	15	17479	1461	430	10	20
MSTRG.67	20	453	739	59	0	104	795	246	75	0	150	710	738	142	0
MSTRG.670	0	2100	38	231	45	83	2276	36	434	96	44	2487	3	1112	466
MSTRG.6700	112	1194	995	0	3044	210	1134	732	0	2086	102	1053	754	0	2441
MSTRG.6701	93	797	2678	246	368	73	922	1598	52	330	34	1221	2009	376	246
MSTRG.6702	21	0	2	1403	45	97	0	102	249	37	34	0	9	3759	10
MSTRG.6703	286	36	14877	1888	502	243	34	8714	1164	1765	254	4	3036	1226	4404
MSTRG.6704	6575	588	455	784	0	8656	2498	323	122	0	6279	453	342	260	0
MSTRG.6705	371	877	3294	0	1636	1351	1773	1539	0	1635	426	913	3935	0	1087
MSTRG.6706	721	2670	8861	5862	4304	352	2960	6727	617	2462	423	1456	6402	3078	4365
MSTRG.6707	2706	846	577	37	1914	955	909	395	10	3127	1146	1057	427	114	1817
MSTRG.6708	3938	308	31	111	2186	1675	370	0	133	393	1952	347	6	119	533
MSTRG.6709	582	611	329	217	4569	336	657	262	274	7531	249	567	898	359	4132
MSTRG.671	211	21744	4715	8	842	74	56241	2802	43	617	130	32255	886	60	6674
MSTRG.6710	7422	944	44	329	748	3690	499	123	300	414	4495	1181	8	309	559
MSTRG.6711	15683	190	2108	308	758	10133	426	343	459	745	7502	124	2293	124	624
MSTRG.6712	6612	1096	95	852	3820	12265	306	81	1072	2401	3189	457	66	637	3632
MSTRG.6713	7361	741	60	668	800	19939	576	114	767	645	12244	703	6	258	956
MSTRG.6714	110	0	0	59	63	48	0	0	29	737	125	0	0	10	199
MSTRG.6715	8	236	817	84	129	41	445	525	52	124	4	119	143	65	167
MSTRG.6716	13	0	1810	3750	600	1084	1065	1233	32086	1090	10	5	440	2697	707
MSTRG.6717	11	10	5825	102	1107	1004	104	3989	52	3417	11	1	1176	43	2559
MSTRG.6718	3	26	3412	19	912	207	31	2293	12	420	2	17	693	17	670
MSTRG.6719	10	1886	843	2703	5267	835	4061	518	3897	6084	9	53	150	3587	5916
MSTRG.672	10187	538	9316	2378	191	8777	96	5945	3195	163	385	224	2009	2937	1775
MSTRG.6720	10	6195	0	880	93	819	6127	0	672	123	10	4458	0	3511	113
MSTRG.6721	11	2348	1861	618	4565	840	2725	1116	799	6563	8	1895	391	737	4820
MSTRG.6722	11	1147	10427	181	1872	822	1706	6746	313	1634	6	1488	2124	236	322
MSTRG.6723	227	716	768	3	21	669	395	419	5	18	12	1802	126	3	59
MSTRG.6724	837	587	17	12860	109	6058	1045	49	20520	84	94	622	8	14043	190
MSTRG.6725	123	166	59	543	1818	281	0	26	259	1811	56	72	20	460	2311
MSTRG.6726	59	2625	0	225	899	9	7	0	153	1241	84	1792	0	422	837
MSTRG.6727	259	466	8534	0	959	163	243	18712	0	218	11	95	9924	0	495
MSTRG.6728	1226	263	1264	9	10875	12898	387	8058	684	9573	459	211	1039	85	5012
MSTRG.6729	1467	287	78	0	9481	1556	339	8	0	14568	1288	304	6	0	9034
MSTRG.673	140	595	203	18	67	121	119	223	0	173	1	136	49	0	19
MSTRG.6730	763	759	0	973	5790	437	1059	0	845	6052	691	763	0	1434	8589
MSTRG.6731	347	44037	94	3035	3311	501	35388	66	1733	3906	312	43500	168	1467	2989
MSTRG.6732	1524	116	15	23185	759	1576	156	0	17624	499	675	265	1	6344	1081
MSTRG.6733	1747	491	43	73	179	1126	247	7	199	113	1973	506	6	45	269
MSTRG.6734	1522	35	384	0	2276	1218	157	307	0	2393	798	334	570	0	1898
MSTRG.6735	1096	650	199	89	126	820	621	2381	174	619	1000	505	1125	85	29
MSTRG.6736	0	912	1815	4102	86	0	685	2736	5237	347	0	1340	2339	3557	120
MSTRG.6737	8	185	42	4129	975	21	476	105	3138	588	3	258	60	2569	938
MSTRG.6738	496	2323	4657	237	2570	1499	1317	4179	308	1508	231	1676	5532	361	1811
MSTRG.6739	1000	5199	679	224	146	1352	1669	183	284	218	631	4721	818	140	29
MSTRG.674	7	677	0	0	51	2	614	0	0	108	130	900	0	0	126
MSTRG.6740	3411	8060	4	359	139	2730	6011	1	2488	297	1339	9108	16	1502	149
MSTRG.6741	1052	4771	16	157	888	1106	4256	17	127	232	921	4834	1	38	198
MSTRG.6742	964	216	916	1356	927	306	118	272	1295	2377	1624	284	969	1003	521
MSTRG.6743	174	593	2177	913	400	249	814	556	2181	254	173	638	1868	1266	485
MSTRG.6744	437	2613	4559	0	844	356	2112	3321	0	1434	623	2304	4727	0	492
MSTRG.6745	887	237	18	5	52	560	42	216	98	5	556	70	417	68	19
MSTRG.6746	0	4514	4693	350	6101	0	25049	3160	106	7539	0	8376	5715	1231	5285
MSTRG.6747	0	4178	150	0	226	827	29627	4480	0	554	0	7505	1284	0	401
MSTRG.6748	20	773	134	0	923	61	369	7	0	1653	4	406	103	0	845
MSTRG.6749	77	2122	51	0	210	97	2977	220	0	152	35	1798	556	0	165
MSTRG.675	259	345	3073	3640	1254	181	195	1820	4195	625	130	253	751	3814	4417
MSTRG.6750	164	3716	30	5	1289	183	3072	5	88	1192	67	2937	177	3	1506
MSTRG.6751	2536	524	4	567	7241	4334	481	1	145	8788	44	321	78	104	5706
MSTRG.6752	6265	286	598	551	0	7646	120	18	1282	0	2104	221	912	741	0
MSTRG.6753	2434	513	216	4628	224	2288	358	268	6558	96	1317	1096	300	3503	472
MSTRG.6754	1617	114	288	2999	87	1829	149	82	3355	121	1320	86	152	1962	179
MSTRG.6755	800	920	124	2392	1312	130	1054	453	2643	3041	119	644	1345	63	3648
MSTRG.6756	1243	50	10	535	198	2473	51	72	843	210	722	4	22	485	311
MSTRG.6757	562	1847	2575	7096	659	950	1999	12343	5453	922	403	2050	3471	4601	995
MSTRG.6758	96	1916	379	22	358	1	1050	456	278	243	62	3054	231	83	242
MSTRG.6759	2882	104	16632	83	29380	0	76	21083	24	22556	1322	58	19661	58	51637
MSTRG.676	342	9292	618	124	83	240	5630	678	194	24	225	14176	431	155	246
MSTRG.6760	1581	263	4328	65	40	186	388	2201	103	9	130	213	2991	68	123
MSTRG.6761	161	0	46	151	423	298	0	6	142	50	96	0	58	132	302
MSTRG.6762	446	339	372	116	35	228	2651	1793	358	6	325	741	595	242	183
MSTRG.6763	751	1186	131	1973	292	872	7959	81	5427	164	476	2416	109	1965	158
MSTRG.6764	85897	6558	1765	354	497	35732	45981	250	567	525	38881	11886	1288	606	763
MSTRG.6765	79	0	38	145	4486	212	0	1	82	5321	108	0	2	123	2940
MSTRG.6766	315	347	13542	306	29	276	2693	10303	113	114	235	716	6862	436	74
MSTRG.6767	118	100	31	1370	15	94	74	440	764	34	394	48	185	626	0
MSTRG.6768	847	0	293	83	14	523	0	252	58	7	466	0	56	33	83
MSTRG.6769	2139	7834	3085	3538	104	928	9636	3640	6872	2737	965	7608	3084	789	557
MSTRG.677	9707	1521	77	0	0	9003	1191	193	0	0	2428	1732	141	0	0
MSTRG.6770	613	1570	741	0	7324	638	8670	1398	0	4034	229	1404	285	0	3732
MSTRG.6771	2497	0	11	2868	14	1484	0	8	1869	137	1106	0	4	1094	82
MSTRG.6772	1643	3992	981	3290	7	2844	6322	1116	1909	66	3779	7553	1137	2277	44
MSTRG.6773	4023	162	407	4	359	4668	43	543	50	640	4511	378	1576	13	611
MSTRG.6774	6843	225	72	14	153	4536	387	16	39	218	3770	461	247	43	192
MSTRG.6775	82	142	1647	184	6510	260	2197	728	56	3259	121	1168	1183	101	7699
MSTRG.6776	926	1717	15435	931	31	566	3234	15525	1986	58	325	2210	14733	462	82
MSTRG.6777	1	20	3715	1299	11	1	18	12879	1096	0	107	6	6561	860	24
MSTRG.6778	2548	10236	2760	44	11	2990	5473	661	11	106	894	7422	1528	51	70
MSTRG.6779	14773	24	147	421	154	13401	43	276	169	149	3872	74	198	477	124
MSTRG.678	15654	532	40	2011	164	16117	831	0	2662	222	4378	835	0	2495	99
MSTRG.6780	13861	446	70	16617	425	15120	543	34	18849	278	3776	559	103	4829	1006
MSTRG.6781	831	102	78	74	48	593	44	1	128	6	664	121	72	60	34
MSTRG.6782	1915	720	0	4524	125	2236	312	1	4060	146	960	563	1	3127	247
MSTRG.6783	4369	3022	152	20	1066	4034	1439	4	18	2265	1745	2115	214	26	1005
MSTRG.6784	534	4451	110	5270	83	400	4695	169	6278	115	228	4104	25	3445	116
MSTRG.6785	134	39	562	0	1936	9	231	478	0	6411	169	567	153	0	1658
MSTRG.6786	454	4565	18	0	294	390	4225	168	0	921	910	7962	70	0	37
MSTRG.6787	832	121	34	20	362	230	1721	29	927	537	174	1694	66	38	419
MSTRG.6788	1084	312	308	11626	357	918	150	422	6846	592	366	179	273	6802	398
MSTRG.6789	93	105	25	7187	181	44	227	25	11995	823	3	479	3	8084	281
MSTRG.679	2815	1774	1397	2662	615	2841	3085	64	358	29	703	2226	2457	287	74
MSTRG.6790	382	25	2	1631	81	236	3	8	746	4	185	99	62	201	3
MSTRG.6791	2378	13	76	5291	0	2013	12	237	1782	0	1757	233	286	1076	0
MSTRG.6792	2674	208	0	5762	1063	735	283	0	7314	1987	3206	232	0	2142	1468
MSTRG.6793	436	227	0	337	1953	1007	112	0	96	2878	462	201	0	54	1263
MSTRG.6794	1236	60	586	620	587	1431	903	442	639	685	366	2607	0	1531	361
MSTRG.6795	3833	6	28	353	0	3997	97	3	245	0	915	119	43	80	0
MSTRG.6796	11885	3902	1434	13	32	12595	7456	705	609	79	3165	3946	1265	42	1
MSTRG.6797	7163	1	191	406	1930	7245	1	179	534	1193	2006	1	48	325	1833
MSTRG.6798	1250	298	0	0	51	1408	392	313	0	179	372	236	3	0	84
MSTRG.6799	0	18611	1049	0	0	0	24492	2054	0	0	0	15286	1530	0	0
MSTRG.68	0	37	498	65	152	0	127	568	123	213	0	150	1024	1	2003
MSTRG.680	327	128	239	0	0	556	52	78	0	0	101	78	305	0	0
MSTRG.6800	3689	4216	183	189	393	3839	4091	753	222	506	916	2841	346	166	125
MSTRG.6801	21330	33	412	660	1747	21765	5	678	589	12	5871	34	425	287	16
MSTRG.6802	1215	535	3329	942	81	1326	1268	1137	1247	2	329	510	3060	1387	57
MSTRG.6803	38	200	312	4793	37	24	23	119	3574	1	18	73	249	45736	33
MSTRG.6804	75	146	1671	486	0	87	73	1751	325	0	16	136	1938	5337	0
MSTRG.6805	0	1495	4709	6434	188	0	626	2039	5580	65	0	1884	6409	5212	342
MSTRG.6806	4845	39	0	7328	1663	4571	1	0	5916	490	2433	5	0	6205	3061
MSTRG.6807	1707	10821	2222	23	70	9293	11300	2054	91	34	827	7224	2402	40	37
MSTRG.6808	0	281	28655	3516	1718	0	338	1251	1152	1212	0	53	15754	1992	1499
MSTRG.6809	3847	2862	4867	7056	573	6404	4277	5532	9269	316	3197	2943	3267	8061	330
MSTRG.681	6022	83	14	399	0	5913	60	27	866	0	1655	83	324	388	0
MSTRG.6810	1013	920	989	62	10508	556	1356	26	53	14906	1246	264	478	61	6820
MSTRG.6811	374	54	720	43	6608	299	8	630	115	3010	469	6	964	48	3356
MSTRG.6812	82	854	1009	0	1	1867	1052	603	0	1	1125	1013	355	0	1
MSTRG.6813	2362	1	8	0	1	2717	748	114	0	1	1743	2184	157	0	1
MSTRG.6814	6	91	663	218	0	2	40	1006	526	0	2	216	1873	132	1
MSTRG.6815	13587	1222	291	2329	216	7112	867	420	5150	743	7634	914	178	2126	70
MSTRG.6816	55	44	0	481	33	59	33	0	807	203	50	43	0	402	33
MSTRG.6817	710	16516	26	1425	589	430	18510	116	1526	252	567	17423	133	1750	336
MSTRG.6818	1125	4420	275	1812	8	519	8828	164	2201	24	638	9310	183	2385	15
MSTRG.6819	6158	3289	11	0	0	2086	1109	6	0	0	1164	2438	21	0	0
MSTRG.682	854	0	240	97	19	1194	115	157	142	3	603	61	153	106	5
MSTRG.6820	5748	128	2729	1520	4719	5353	93	528	317	141	3691	177	4172	479	2253
MSTRG.6821	61	63	463	96	148	167	1	242	106	13	293	77	450	106	125
MSTRG.6822	6293	3	1899	0	155	4007	32	1824	0	136	7743	1	2026	0	146
MSTRG.6823	273	1	2052	25	106	1958	0	1877	216	399	1639	1	1391	250	318
MSTRG.6824	8	207	5945	3	243	0	14	4631	52	454	0	138	7408	0	299
MSTRG.6825	702	495	1480	0	88	249	508	331	0	389	92	96	692	0	162
MSTRG.6826	147	4	160	1016	658	240	165	53	1858	883	511	88	248	4750	1111
MSTRG.6827	3548	0	1690	970	598	390	21	1077	1291	465	1718	9	2159	1191	427
MSTRG.6828	2	1	2102	2320	24	1	1	1399	1039	115	0	1	1553	720	37
MSTRG.6829	251	41	785	0	457	239	41	845	0	751	170	58	611	0	436
MSTRG.683	57	41	955	191	355	156	5	112	125	180	17	43	3	89	2421
MSTRG.6830	400	21	4686	488	158	80	20	2342	930	58	348	6	3462	236	79
MSTRG.6831	188	12	987	593	389	501	271	881	792	201	1701	326	806	364	363
MSTRG.6832	4	0	108	3252	1200	133	0	622	5164	1579	57	0	306	1984	1148
MSTRG.6833	1542	0	234	1027	547	7266	0	294	1541	1476	2245	0	197	888	652
MSTRG.6834	1658	448	550	3	606	2102	642	1433	0	455	835	0	1193	0	1714
MSTRG.6835	506	1552	567	992	270	397	933	2409	2068	399	383	1750	3312	1704	352
MSTRG.6836	18859	798	1205	2078	264	22725	1779	468	2229	211	10262	996	990	2985	279
MSTRG.6837	2275	277	12136	1116	164	2419	515	11410	1156	241	1333	440	12668	884	274
MSTRG.6838	34	446	222	1938	8167	7	658	141	1239	16914	35	510	268	1240	13201
MSTRG.6839	0	2151	139	375	2398	0	2333	15	71	2594	24	3422	317	498	1136
MSTRG.684	187	200	0	85	409	211	54	0	38	339	174	57	0	86	3297
MSTRG.6840	715	463	1853	2675	404	1508	210	1529	2428	289	416	412	412	2597	429
MSTRG.6841	152	1920	393	19	129	24	2194	449	12	51	152	2356	394	45	319
MSTRG.6842	116	3288	165	1503	0	100	2281	124	1696	0	62	3645	212	1696	0
MSTRG.6843	2268	3014	2974	448	9	551	3001	3604	503	372	2592	2750	3214	490	78
MSTRG.6844	53	0	41	251	0	0	0	131	343	0	2	0	147	141	0
MSTRG.6845	13367	20906	631	2309	760	9866	10218	565	2359	863	5018	4147	606	666	1435
MSTRG.6846	5	3759	1184	619	2765	334	3964	107	551	1424	65	2759	1352	397	2501
MSTRG.6847	180	445	21605	1	18283	146	497	6831	0	18873	11	845	17190	0	11074
MSTRG.6848	3996	797	13408	2535	50	4086	946	7528	1953	360	2386	490	19154	1984	48
MSTRG.6849	1247	8	8576	295	0	1167	10	3877	211	0	179	27	8509	279	0
MSTRG.685	385	7057	0	1675	105	0	5395	0	2396	80	0	5007	0	880	814
MSTRG.6850	1042	816	250	205	122	971	1328	61	286	70	693	1705	573	236	84
MSTRG.6851	53	225	299	593	24	433	949	296	955	0	1912	0	492	1593	0
MSTRG.6852	30	21	379	1955	3391	20	132	102	11013	5173	57	91	563	6868	3370
MSTRG.6853	61	317	3173	105	3011	1	208	2362	1724	3903	59	104	2612	9	1549
MSTRG.6854	1932	2134	225	58	350	861	1270	440	3	291	983	2608	65	0	410
MSTRG.6855	3	296	184	100	270	16	431	194	67	211	23	288	130	68	209
MSTRG.6856	19744	61	14	1237	399	18915	36	9	987	1492	14040	17	35	799	655
MSTRG.6857	6993	3972	1398	807	1246	10009	4251	523	1482	918	9766	3943	1110	829	578
MSTRG.6858	4820	1916	0	155	705	1733	2404	2	153	2415	2829	567	0	168	859
MSTRG.6859	78	3653	2848	489	0	1	2603	906	389	0	72	4723	1695	134	0
MSTRG.686	62	10295	26	1999	4900	1	11186	3	2512	3580	3	4843	27	2665	35168
MSTRG.6860	1	1494	339	528	9	0	3308	181	153	81	1	2432	31	237	26
MSTRG.6861	204	971	315	12982	401	3	491	287	3506	99	107	547	402	7034	1041
MSTRG.6862	87	214	825	31506	0	219	583	82	11618	0	49	1681	437	12448	0
MSTRG.6863	291	3847	932	419	0	295	3215	3192	177	0	34	3262	712	141	0
MSTRG.6864	0	2830	597	1111	0	126	2820	442	761	0	40	2244	494	697	0
MSTRG.6865	0	616	847	15963	2	17	715	1478	14409	72	6	520	390	11715	4
MSTRG.6866	48	3480	11553	12290	640	6	2069	10011	16281	451	37	3014	11809	8016	425
MSTRG.6867	18	159	8511	1	38	13	467	3473	0	711	62	248	7941	0	729
MSTRG.6868	120	15910	0	164	3172	266	14643	0	31	3789	274	16487	2	80	2425
MSTRG.6869	0	4369	165	1132	1783	0	3353	252	491	2966	0	3766	162	987	1559
MSTRG.687	160	8	1190	3231	988	0	6	625	4224	666	0	180	249	3911	7058
MSTRG.6870	0	165	60	3968	3359	0	157	72	1078	2127	0	141	57	1404	102
MSTRG.6871	588	25	648	22	599	349	59	283	434	746	0	44	295	9	481
MSTRG.6872	774	363	33	438	3636	629	293	10	281	4896	905	243	5	138	3461
MSTRG.6873	521	61	7562	202	39	392	2	8083	223	105	366	0	7847	107	35
MSTRG.6874	215	241	1889	1333	124	160	219	3456	1204	144	163	261	1798	1079	172
MSTRG.6875	913	366	1826	636	155	1234	944	1586	91	121	411	905	2034	109	186
MSTRG.6876	513	656	2358	2403	103	504	2678	2349	1843	247	344	2079	1473	1726	192
MSTRG.6877	3746	1060	0	190	1220	2472	712	0	49	3989	4584	843	0	40	1092
MSTRG.6878	591	8208	212	50	0	166	7606	101	104	1	469	9388	549	21	0
MSTRG.6879	2370	306	101	2926	387	2038	382	255	2735	546	2045	431	190	1591	706
MSTRG.688	116	458	1621	6	157	0	176	971	58	157	0	210	394	13	979
MSTRG.6880	4119	2079	2242	119	128	2749	1406	2259	56	104	2370	498	1163	219	137
MSTRG.6881	2995	291	267	1192	585	2516	267	160	115	128	2374	327	275	361	401
MSTRG.6882	13305	3366	4070	143	796	9619	5550	6436	707	484	211	3957	4155	129	474
MSTRG.6883	5584	1593	821	7310	66	3888	3383	1235	7094	45	2112	3537	1139	7400	54
MSTRG.6884	23	115	525	4111	27	16	69	229	6464	10	9	153	356	5080	26
MSTRG.6885	588	732	34253	462	41	375	693	5319	270	28	730	1125	24992	321	11
MSTRG.6886	1034	720	57	2568	7355	517	788	0	3059	10218	253	404	18	2407	4920
MSTRG.6887	21	42911	954	746	0	247	17405	34	1230	0	154	23505	1114	523	0
MSTRG.6888	935	22158	149	2055	1845	1234	25490	103	2895	1592	1569	22979	315	1685	835
MSTRG.6889	181	13826	775	0	11	529	12592	951	43	25	0	14305	1158	0	91
MSTRG.689	77	594	473	549	47	0	160	214	645	73	0	155	77	493	20
MSTRG.6890	278	4548	6150	11456	4193	359	3426	5569	5397	4926	271	3892	2792	4606	605
MSTRG.6891	28	28	42	0	10	153	20	91	0	328	81	61	75	0	10
MSTRG.6892	0	11	54	2059	11	0	14	228	7353	133	1	26	87	1075	47
MSTRG.6893	334	110	15	159	43	225	140	17	267	106	130	59	86	40	73
MSTRG.6894	22	422	1	1724	670	28	789	20	6970	1504	15	117	68	736	491
MSTRG.6895	2477	264	9941	300	1182	907	507	3873	123	805	1472	256	16680	751	772
MSTRG.6896	429	1663	88	623	68	319	769	68	1310	11	222	973	232	509	29
MSTRG.6897	2308	2265	2	1676	25	2307	1699	60	1726	18	1340	1683	181	1090	30
MSTRG.6898	882	220	641	186	225	2113	469	1063	1272	196	610	39	680	71	392
MSTRG.6899	3438	460	218	292	801	2071	478	270	2346	862	3870	531	228	344	368
MSTRG.69	195	0	59	0	79	1	0	122	0	200	7	0	499	0	1193
MSTRG.690	1480	21	17289	257	545	610	24	10452	370	1057	3284	2	4341	348	345
MSTRG.6900	2044	632	7533	224	100	2847	257	2601	1754	68	1875	102	11551	464	61
MSTRG.6901	769	1168	67	76	2738	360	2412	120	557	3631	145	749	118	49	2884
MSTRG.6902	2448	509	24	3751	7216	2072	612	126	2282	11402	1875	543	94	2380	5463
MSTRG.6903	2317	929	82	94	0	1758	1235	93	74	0	1201	537	193	22	0
MSTRG.6904	532	64	489	3870	0	149	9	317	4146	0	263	9	782	2430	0
MSTRG.6905	5174	16	43	159	30	2653	15	36	115	805	1689	10	23	37	15
MSTRG.6906	1575	7661	246	3311	5338	1255	9961	72	3276	6193	933	7933	262	2750	4919
MSTRG.6907	388	364	3636	10578	63072	613	842	7855	21538	51468	221	931	4147	11213	18452
MSTRG.6908	243	981	163	59	1332	188	1359	331	0	612	283	1017	147	0	362
MSTRG.6909	671	1378	490	73	3629	1015	2055	450	0	1112	1325	1663	142	0	970
MSTRG.691	241	2939	3337	411	4	62	18315	2049	216	39	197	4836	839	291	15
MSTRG.6910	970	64	601	30	4336	2340	2	246	0	4624	1821	1	454	0	2439
MSTRG.6911	605	7593	929	48	180	435	11832	2532	0	526	444	7422	805	0	55
MSTRG.6912	8260	0	22	1	62	6761	0	0	2	88	6606	0	86	4	30
MSTRG.6913	210	155	41	0	260	306	232	3	0	187	267	633	14	0	82
MSTRG.6914	2219	103	0	0	121	1590	180	0	0	269	417	299	0	0	35
MSTRG.6915	216	2488	1369	869	391	293	4142	1873	5017	302	179	1458	2153	3289	948
MSTRG.6916	3545	291	2787	64	0	5361	305	2399	121	0	1842	327	1653	81	0
MSTRG.6917	120	1234	683	0	0	96	1140	674	0	0	202	1295	513	0	0
MSTRG.6918	1898	583	93	1200	21	2063	269	183	1688	34	1739	362	15	1692	4
MSTRG.6919	341	45352	0	498	365	209	18029	0	465	275	493	29367	0	348	2713
MSTRG.692	13	5880	535	741	433	119	37952	425	15129	329	532	10272	268	844	601
MSTRG.6920	32	18	51	135	1009	42	0	117	216	426	59	38	8	132	2050
MSTRG.6921	219	2252	3134	1292	1199	76	192	1268	1299	866	187	1215	2810	596	11093
MSTRG.6922	104	131	130	65	473	134	264	383	79	1024	250	190	145	47	7161
MSTRG.6923	2081	493	40	926	19	2143	1126	77	1362	42	1476	1211	43	1517	337
MSTRG.6924	680	6082	297	73	5788	347	6006	6	12	5551	44	3119	530	37	3432
MSTRG.6925	49655	389	649	60	4487	26525	576	347	28	5668	34406	314	61	46	4508
MSTRG.6926	20177	14	250	61	9	28050	279	129	64	21	14469	51	184	45	9
MSTRG.6927	789	25	2175	28	2267	827	21	35	59	1387	801	157	28	38	2000
MSTRG.6928	885	27	0	2725	5958	523	160	0	5607	9421	619	456	0	3500	5614
MSTRG.6929	3239	10341	1	460	20	2489	6003	38	1007	68	1830	14871	78	171	143
MSTRG.693	142	88	750	2099	2248	136	1403	997	1408	2676	94	148	520	1603	1996
MSTRG.6930	31	131	76	588	86	31	84	9	626	159	15	250	137	841	69
MSTRG.6931	2679	14	127	3217	0	208	72	17	3067	0	233	250	186	2650	0
MSTRG.6932	1619	841	1764	2156	39	926	1170	149	2584	31	268	724	3427	1267	20
MSTRG.6933	914	217	2115	1812	1201	604	212	1423	3710	3328	477	193	1677	1877	1478
MSTRG.6934	11	7240	670	1078	1435	2	3256	46	1234	1767	45	10654	881	1288	718
MSTRG.6935	2139	47	0	160	1382	930	112	0	16	1715	1241	77	0	120	2069
MSTRG.6936	2679	58	7353	541	1343	1512	68	737	429	1003	1209	88	3493	615	1559
MSTRG.6937	1015	37	206	77	0	375	194	9	274	0	16	51	213	167	0
MSTRG.6938	654	200	122	390	2103	470	107	69	711	429	294	143	133	315	395
MSTRG.6939	645	349	296	931	119	217	584	246	810	96	19	818	246	742	749
MSTRG.694	1058	10	15	981	612	16	64	58	813	2088	73	7	11	886	979
MSTRG.6940	2001	245	298	169	0	2459	188	565	351	0	865	247	458	173	0
MSTRG.6941	591	83	195	1002	34	344	16	303	2465	164	303	20	117	779	173
MSTRG.6942	1163	0	580	4	1	1420	0	621	109	44	419	0	1123	75	0
MSTRG.6943	23	54	790	5727	7	11	159	629	4484	53	21	7	493	4698	3
MSTRG.6944	10330	12	1	117	0	9906	29	7	126	0	5950	4	21	47	0
MSTRG.6945	683	2296	411	0	1932	819	899	344	0	1220	705	1639	352	77	13942
MSTRG.6946	926	4351	40	7	1961	1303	4455	9	0	967	693	3780	71	20	845
MSTRG.6947	2261	88	531	182	0	1937	179	213	121	0	2034	86	326	8	0
MSTRG.6948	4906	1271	831	2	427	4553	3544	1213	3	774	2872	1517	981	58	218
MSTRG.6949	0	725	3010	2119	467	0	750	2897	3221	380	0	49	4839	1406	289
MSTRG.695	0	1948	2911	112	837	0	11915	6784	90	1258	0	3440	3167	122	997
MSTRG.6950	168	624	591	90	1867	143	483	608	165	4648	413	570	721	124	1361
MSTRG.6951	169	56	282	1792	910	209	1	417	1861	1486	225	15	349	1422	1125
MSTRG.6952	2387	0	7568	2799	25	3675	0	10016	3199	3	409	0	15322	2060	0
MSTRG.6953	395	1420	2457	37	1075	160	1357	1094	1	2055	353	2429	1526	3	1464
MSTRG.6954	3318	359	559	0	67	5073	1223	378	0	134	2222	709	491	0	357
MSTRG.6955	1399	2929	136	1041	1138	1129	3478	143	129	925	1081	2599	557	579	1056
MSTRG.6956	758	1011	0	1573	1806	161	786	0	3933	2410	402	715	0	2320	1983
MSTRG.6957	46914	100	9	673	1574	17074	245	489	650	1294	21105	51	84	1039	1053
MSTRG.6958	216	0	0	401	327	1	0	0	820	67	261	0	0	870	455
MSTRG.6959	977	315	885	464	1930	99	167	888	296	2127	415	0	1597	257	1880
MSTRG.696	0	456	6417	120	167	0	2319	15174	145	210	0	595	2133	106	131
MSTRG.6960	202	96	3465	253	7	223	26	1413	654	5	122	19	3059	646	10
MSTRG.6961	15	1964	22201	1078	1359	94	12	2929	1440	1409	3	14	17041	1379	1563
MSTRG.6962	5	93	48	545	2057	85	5	223	533	2215	9	33	48	868	2078
MSTRG.6963	828	48	0	396	221	1034	1	0	621	354	1238	30	0	560	129
MSTRG.6964	9793	0	200	224	1940	7993	0	223	289	1909	3601	0	157	284	814
MSTRG.6965	1146	43	18	271	550	533	69	3	5369	536	490	129	14	653	387
MSTRG.6966	15	120	4276	2218	2	332	45	4989	4312	0	35	182	4670	2738	0
MSTRG.6967	7	1027	3976	118	2298	17	915	4332	120	1866	73	2700	2110	219	2271
MSTRG.6968	14	1679	455	141	403	181	1966	376	223	281	423	1520	657	76	302
MSTRG.6969	325	566	245	1	190	1755	133	240	24	155	1105	243	189	14	198
MSTRG.697	2354	124	933	9569	477	2177	164	2217	56447	365	625	179	2223	6140	587
MSTRG.6970	16965	0	661	583	307	3723	0	3606	90	648	13069	0	1234	343	815
MSTRG.6971	108	6320	1508	7365	2004	146	742	1201	5861	8240	204	3058	808	2660	4389
MSTRG.6972	11	232	1035	2673	35	54	38	3776	3461	1295	186	196	1276	2805	5
MSTRG.6973	753	129	0	228	79	859	86	0	408	55	511	161	0	139	119
MSTRG.6974	321	242	16	17	1102	274	338	244	23	1159	184	379	41	20	890
MSTRG.6975	8896	348	511	375	583	2974	410	145	292	852	8127	458	1594	603	623
MSTRG.6976	114	205	0	96	515	87	205	0	139	461	78	254	0	244	472
MSTRG.6977	79	441	0	1144	423	175	702	0	1377	142	39	730	0	1006	352
MSTRG.6978	178	407	0	74	8374	159	552	0	35	3418	117	300	0	678	5732
MSTRG.6979	589	52	9	73	20780	418	40	139	309	11817	833	24	4	291	16600
MSTRG.698	2971	41	2	945	0	2987	2	165	606	0	805	2	6	1008	0
MSTRG.6980	90	129	19	193	16	60	199	0	322	4	56	96	0	231	22
MSTRG.6981	91	4449	758	0	386	22	7426	1192	0	210	44	1915	1118	0	470
MSTRG.6982	77	188	5155	150	1245	36	49	6646	171	573	49	79	5381	138	819
MSTRG.6983	112	465	2963	0	1062	227	248	2503	132	1530	299	339	1730	0	729
MSTRG.6984	4824	27	2211	156	456	3418	11	1477	275	298	3397	13	126	125	127
MSTRG.6985	129	3255	50	4	2352	169	3448	32	67	1962	95	4002	81	6	2802
MSTRG.6986	1524	4221	707	47	48	3498	1948	802	11	110	871	4826	775	37	32
MSTRG.6987	295	265	5070	190	2664	630	454	3532	115	2670	272	409	4897	197	1962
MSTRG.6988	648	369	23	504	110	365	293	277	211	75	394	379	115	307	162
MSTRG.6989	705	254	128	97	937	1431	513	173	267	181	268	382	252	184	482
MSTRG.699	16	1131	11	1293	3191	6	199	50	703	2237	0	2386	20	1389	24328
MSTRG.6990	47	8103	163	0	117	3	13477	169	0	488	6	13086	184	0	63
MSTRG.6991	0	1423	102	4474	3435	0	1517	343	3002	5125	0	1101	236	2792	3274
MSTRG.6992	3271	376	1328	23117	2337	2855	399	3769	22778	2138	3210	387	1609	11349	2171
MSTRG.6993	2934	52	397	787	4119	2827	207	616	4446	5989	1158	359	754	343	3502
MSTRG.6994	1694	0	211	1214	327	1029	0	25	1049	383	657	0	127	1018	432
MSTRG.6995	0	7	512	57	1528	0	344	81	12	3302	0	77	331	142	886
MSTRG.6996	7	0	1250	269	600	65	0	292	221	942	0	0	686	350	482
MSTRG.6997	3695	913	89	419	130	1014	1167	41	435	620	2472	1406	109	326	266
MSTRG.6998	162	8	114	19	1	258	17	62	19	1	28	2	73	165	4
MSTRG.6999	540	3062	2475	7369	1563	0	1648	4444	9269	1596	632	3081	1554	3697	1264
MSTRG.7	2808	606	3024	1081	1334	4389	172	4551	200	106	1889	676	2949	465	1167
MSTRG.70	17	249	0	1088	95	14	8	0	678	191	18	2	0	12644	1211
MSTRG.700	765	144	357	21330	5	726	62	521	22643	28	203	209	277	22762	27
MSTRG.7000	412	6029	0	5272	2275	293	13234	0	7636	2284	31	4752	0	3375	2047
MSTRG.7001	415	47	1735	68	0	90	427	1154	58	0	127	29	1364	50	0
MSTRG.7002	2909	0	2744	9889	1798	23	0	2692	14087	6997	8	0	2185	12736	1089
MSTRG.7003	69	134	56	6	129	1	251	961	2	177	8	142	193	20	116
MSTRG.7004	29	4673	883	16	922	5	5285	990	32	5208	26	4603	884	82	396
MSTRG.7005	0	4127	1309	545	273	0	3396	1069	66	196	0	2431	1053	323	683
MSTRG.7006	10	416	108	152	540	22	437	21	65	818	44	515	47	693	640
MSTRG.7007	13	187	122	116	1517	26	386	113	159	1467	82	127	244	48	853
MSTRG.7008	116	700	321	2657	81	89	1629	297	3430	59	232	1724	501	1642	42
MSTRG.7009	702	235	10079	117	3333	304	15	11736	84	3544	1200	99	6914	97	2346
MSTRG.701	33351	466	2	0	188	32129	194	104	0	242	8942	885	0	0	378
MSTRG.7010	1731	1079	79	354	199	1296	1456	33	231	83	781	1117	51	264	29
MSTRG.7011	779	1300	3651	1176	140	222	3183	3574	819	380	240	2202	3232	1374	55
MSTRG.7012	15385	0	4201	70	142	11767	0	4399	72	590	14712	0	4748	36	83
MSTRG.7013	5475	8	2	454	128	2746	121	1	212	612	2240	54	0	293	125
MSTRG.7014	181	497	0	134	122	210	171	0	591	318	62	1579	0	0	33
MSTRG.7015	37	0	0	0	2520	65	0	0	0	1549	30	0	0	0	1466
MSTRG.7016	369	0	54	6114	12982	168	0	1602	6013	14914	147	0	35	4968	11819
MSTRG.7017	0	0	9809	1553	7521	0	0	5586	3250	9586	0	0	7835	1680	5753
MSTRG.7018	5065	6	8197	328	45	289	102	13844	58	126	2055	6	8349	363	119
MSTRG.7019	82	352	1	11	288	33	0	215	21	40	202	0	0	146	55
MSTRG.702	6580	333	266	102	9	6799	198	365	411	79	1735	166	102	52	43
MSTRG.7020	164	614	850	1087	578	90	1146	454	987	616	123	865	374	1055	768
MSTRG.7021	171	5054	4159	223	3322	320	7543	790	947	1673	377	3972	684	84	1524
MSTRG.7022	358	2884	3858	538	3	311	2716	1586	841	1	407	2695	3235	449	21
MSTRG.7023	260	1908	1434	3873	360	189	2092	1028	2574	269	115	85	1540	1945	167
MSTRG.7024	506	599	420	1039	107	629	977	156	1107	135	503	692	464	1431	49
MSTRG.7025	840	6709	11	1392	1	730	3881	1167	1047	18	286	6370	89	616	0
MSTRG.7026	15	66	327	62	2356	35	98	377	90	2279	8	73	128	126	1427
MSTRG.7027	166	163	120	425	5966	134	91	162	504	15697	134	170	198	375	5374
MSTRG.7028	625	31	840	6033	2	299	183	540	10232	3	364	100	221	5465	2
MSTRG.7029	30	81	0	804	2	15	173	0	1395	6	20	113	0	574	10
MSTRG.703	815	778	3428	117	35	1214	404	2630	66	0	300	482	4527	151	0
MSTRG.7030	4512	72	67	984	1	3612	368	177	983	1	3018	365	67	1266	1
MSTRG.7031	2462	1806	0	1452	0	1932	1882	0	28840	0	5584	1703	0	17250	0
MSTRG.7032	387	341	30	448	0	356	622	32	5105	0	270	817	19	2714	0
MSTRG.7033	251	296	757	199	912	154	93	448	154	3953	271	214	158	320	2931
MSTRG.7034	402	512	3450	194	72	416	92	1620	976	81	361	302	379	1077	455
MSTRG.7035	9273	1018	4251	16	0	13186	648	3054	60	0	9469	1028	1004	6	0
MSTRG.7036	1615	100	2461	13	1743	1179	122	1188	29	1119	680	177	1946	13	13866
MSTRG.7037	383	84	6408	0	480	345	106	4533	0	295	360	28	6776	0	3244
MSTRG.7038	39	3505	4470	1516	147	44	5695	3777	1805	145	280	5832	5735	1398	1128
MSTRG.7039	0	0	16	132	897	0	0	73	132	1097	0	0	9	145	546
MSTRG.704	92	0	434	3594	0	2	0	43	2709	0	14	0	888	2759	0
MSTRG.7040	16	1179	2587	182	59	308	1068	1164	245	42	28	1062	2395	265	81
MSTRG.7041	0	15	8217	3695	1166	0	0	9387	2075	1520	0	19	6841	3343	2145
MSTRG.7042	1181	2933	2	1303	221	909	487	42	1618	26	1277	297	34	803	91
MSTRG.7043	4249	204	241	4875	23	1327	654	348	2020	9	3979	152	150	1644	8
MSTRG.7044	8305	1082	0	1826	2330	8573	1298	0	4532	5095	1528	808	0	996	2218
MSTRG.7045	69	1485	0	863	389	261	1480	0	138	702	27	1308	0	322	325
MSTRG.7046	80	51	959	13708	543	21	20	1873	10932	646	1	50	709	3285	919
MSTRG.7047	183	40	37	0	1927	157	75	99	0	3280	89	15	31	0	1670
MSTRG.7048	30	106	1266	405	2299	0	189	6141	576	1243	0	125	2096	207	1364
MSTRG.7049	5229	629	22	3386	1655	4889	316	35	1458	2732	4103	724	4	2247	2231
MSTRG.705	1010	0	13	91	4255	975	0	65	6	2913	590	0	15	172	30452
MSTRG.7050	7118	372	647	124	1155	3689	710	753	587	939	2844	481	430	164	1224
MSTRG.7051	477	364	1288	239	181	334	984	1665	432	15	297	272	1993	166	152
MSTRG.7052	207	75	3022	1677	305	257	35	4157	2026	590	85	104	3730	1533	357
MSTRG.7053	1069	2143	31	115	449	1774	1985	39	195	694	1393	2654	38	197	376
MSTRG.7054	331	22	0	659	979	47	49	0	438	721	12	39	0	475	709
MSTRG.7055	2011	3	842	326	237	1275	20	79	866	234	969	4	889	858	247
MSTRG.7056	2699	2969	447	61	489	3077	4213	186	84	1895	1408	3483	111	104	733
MSTRG.7057	0	0	17888	1549	11	0	0	22590	2910	77	0	0	14120	2133	95
MSTRG.7058	16	0	10166	328	5102	150	0	25166	58	3964	32	0	8489	341	7576
MSTRG.7059	676	9	883	460	27	146	9	291	300	23	1503	28	525	270	51
MSTRG.706	16	4	102	112	149	35	5	251	449	138	8	47	70	520	775
MSTRG.7060	0	70	3104	139	33	0	1002	904	186	2	0	37	2865	349	0
MSTRG.7061	0	10032	4	114	0	0	6046	304	1260	0	0	6832	9	638	48
MSTRG.7062	0	30403	262	439	10	0	16443	128	1314	69	0	21541	154	587	6
MSTRG.7063	4	617	141	219	0	97	265	132	343	0	3	429	113	192	20
MSTRG.7064	657	3786	27	2310	123	116	1262	89	2002	39	44	1103	1	1895	27
MSTRG.7065	352	2764	0	1659	0	1184	2058	0	1811	1	594	2044	1	1560	79
MSTRG.7066	2068	69	0	617	26	1922	833	0	1860	7	1361	2	0	840	1
MSTRG.7067	4601	506	18	0	1580	3745	358	138	5	2580	1581	177	12	15	1612
MSTRG.7068	3266	41	23	10960	35	3174	292	397	9317	67	2508	58	263	6781	27
MSTRG.7069	1525	735	0	3994	1534	868	3458	0	2577	1636	0	1064	0	3568	1785
MSTRG.707	5505	735	384	7036	2586	4624	4492	210	6469	1788	4066	1318	515	4581	19400
MSTRG.7070	1569	0	3453	92	1965	1000	0	3397	138	2841	71	0	4628	147	1676
MSTRG.7071	677	0	4797	44	40	933	0	2883	82	0	519	0	889	30	1
MSTRG.7072	7751	473	1423	532	0	4819	3763	68	181	0	4743	1026	781	304	0
MSTRG.7073	52	1910	487	17	231	192	8674	911	429	20	64	1016	477	76	283
MSTRG.7074	174	2868	44	4735	357	214	19131	5072	13180	155	219	5573	4400	6353	267
MSTRG.7075	128	8018	270	50	5	128	5253	978	47	0	73	6446	322	45	6
MSTRG.7076	18	9493	208	1114	1704	334	9463	145	1615	3164	237	8136	259	1275	1422
MSTRG.7077	2111	1555	321	1089	674	3087	403	291	1637	342	2068	828	209	1473	1188
MSTRG.7078	407	4245	2918	0	294	108	1547	3464	0	598	208	2055	2178	0	544
MSTRG.7079	206	8881	1122	501	461	115	18521	995	762	159	318	7630	1002	340	707
MSTRG.708	15859	952	2954	981	2327	16041	5722	1746	459	436	8884	1760	2417	1119	603
MSTRG.7080	1132	2	0	3223	425	466	183	6	11571	717	664	8	3	1970	485
MSTRG.7081	104	299	16	236	1186	44	167	2	402	1054	90	146	0	208	1575
MSTRG.7082	117	102	1345	75	697	44	107	2462	864	750	48	71	2600	177	657
MSTRG.7083	3019	1	528	1323	0	3089	8	222	2233	0	1361	0	559	1303	0
MSTRG.7084	0	8552	1886	2313	471	0	4490	2382	2903	6334	0	20536	2364	1743	278
MSTRG.7085	1409	4156	1318	287	2043	1231	6458	1111	171	2858	809	5857	2293	282	2805
MSTRG.7086	77	4406	2170	3832	2651	92	5695	1007	2539	3123	106	5068	1481	3972	3764
MSTRG.7087	4091	14	2673	53	19	2057	63	1827	296	40	2234	26	2989	80	72
MSTRG.7088	48	3506	1681	2575	96	364	1199	1871	6528	193	68	2894	2177	2697	227
MSTRG.7089	44	6466	9	17	95	104	8158	1	105	152	155	7568	8	51	129
MSTRG.709	1	217	1254	37	0	1	1338	4229	138	0	1	405	960	103	0
MSTRG.7090	91	30	8519	562	465	133	149	1598	1349	132	91	15	10257	416	485
MSTRG.7091	103	1418	26812	71	5492	72	1420	6108	41	5310	54	741	22661	28	3924
MSTRG.7092	100	0	378	4193	90	39	0	154	5571	148	64	0	524	9320	86
MSTRG.7093	776	57	1365	1051	58	1224	52	471	583	104	310	32	1005	1054	81
MSTRG.7094	1643	803	549	66	304	1275	671	653	74	259	860	364	558	10	563
MSTRG.7095	84	1390	157	226	1246	35	975	256	260	975	27	1414	156	377	7652
MSTRG.7096	154	2820	1856	1245	292	157	1950	1662	243	169	104	1402	896	165	2577
MSTRG.7097	841	0	769	3247	195	397	0	570	2732	286	648	0	507	2955	135
MSTRG.7098	12601	48	3	1440	29	12576	207	0	6	12	3987	93	0	197	14
MSTRG.7099	116	5311	30	39	7	38	34356	34	213	112	80	9395	14	241	168
MSTRG.71	102	1847	997	802	84	45	889	458	659	208	18	5847	700	8682	1235
MSTRG.710	2349	10299	1006	481	315	305	62438	1030	418	603	2451	18389	1056	297	244
MSTRG.7100	4341	0	3119	3	0	3512	0	3110	2	0	2947	0	2997	8	0
MSTRG.7101	21	0	535	356	9	55	0	165	583	86	14	0	1135	346	0
MSTRG.7102	4906	1479	268	3700	173	2802	107	286	4128	217	2540	740	308	4120	1105
MSTRG.7103	0	552	480	1	35	0	869	415	1	6	0	862	1061	1	38
MSTRG.7104	0	9583	13	4792	123	0	7998	2	6729	118	0	7498	8	3586	578
MSTRG.7105	72	712	2632	529	476	910	785	11610	162	202	24	529	6060	478	391
MSTRG.7106	19454	3328	521	3347	82	19535	2825	5309	1314	166	11920	2020	3	2114	205
MSTRG.7107	10965	875	47	90	0	10241	1390	5	63	0	6987	991	0	76	0
MSTRG.7108	23	74	77	13210	393	2	9	54	15049	197	32	13	190	9033	330
MSTRG.7109	209	38	1040	73	17029	493	1	1043	26	20492	38	3	891	175	11170
MSTRG.711	10494	956	5916	5578	104	4904	5987	3872	5149	182	7483	1658	4407	5282	87
MSTRG.7110	271	1366	820	105	305	36	3064	979	62	2771	43	2146	971	132	520
MSTRG.7111	1141	315	133	648	0	431	104	79	16264	43	303	349	308	435	2
MSTRG.7112	1	785	351	1142	1055	1	872	130	678	1130	1	1005	237	448	943
MSTRG.7113	3614	2286	650	227	17	1257	2219	1180	569	4	1398	2145	340	123	129
MSTRG.7114	15	1845	509	8041	274	96	1555	1299	4024	412	2	1436	675	3786	409
MSTRG.7115	220	405	255	2	481	69	119	565	0	296	72	616	46	0	165
MSTRG.7116	164	3662	1798	3	4182	161	2105	1873	132	3014	83	3270	1779	75	2695
MSTRG.7117	90	338	0	2507	6014	239	694	0	1998	7939	24	469	0	2002	3497
MSTRG.7118	1342	482	0	160	5886	1204	338	0	201	6696	245	504	0	104	4035
MSTRG.7119	0	154	2165	2031	78	0	236	2624	3417	70	0	192	1830	2164	39
MSTRG.712	5744	1132	12777	63	165	5404	6906	12997	3866	112	2796	2144	11307	74	62
MSTRG.7120	190	1530	1873	872	11915	110	1497	7907	1012	10428	79	759	2037	598	10252
MSTRG.7121	0	916	305	91	2	0	679	1727	147	13	0	628	218	87	24
MSTRG.7122	87	2	461	422	157	16	0	6425	190	136	18	0	320	182	305
MSTRG.7123	1490	67	433	1200	39	1722	18	233	184	42	349	28	696	572	52
MSTRG.7124	7393	2049	643	6556	111	5484	2675	1431	4452	70	733	2190	637	8451	78
MSTRG.7125	9142	379	1640	104	2157	9319	283	1959	5	2465	2721	382	1216	17	1390
MSTRG.7126	67	283	1669	86	84	54	117	1413	13	39	13	359	1206	6	169
MSTRG.7127	512	663	584	67	235	417	460	120	43	155	101	1150	96	20	439
MSTRG.7128	53	2507	910	34	688	25	10000	760	44	692	10	6885	871	42	862
MSTRG.7129	7099	566	528	22	200	6257	3427	313	106	269	6625	10	348	102	161
MSTRG.713	4	262	1900	1572	38	6	1542	130	966	50	5	601	910	633	4
MSTRG.7130	4280	40	433	0	182	4389	9	82	0	46	3355	0	129	14	51
MSTRG.7131	22	48	2845	4745	373	45	111	1454	2590	398	13	116	2869	1138	344
MSTRG.7132	3556	11	234	3708	0	1134	0	50	1528	0	1622	23	121	4531	0
MSTRG.7133	7906	1019	1109	4192	0	7603	579	158	9077	0	6511	774	681	2797	0
MSTRG.7134	292	1155	74	0	3873	50	1105	1108	0	6041	36	1033	82	0	3490
MSTRG.7135	18	164	7141	176	1455	122	133	5573	325	2134	19	217	7681	0	1237
MSTRG.7136	3265	314	5007	28	317	2070	296	6550	2	48	778	156	5406	61	334
MSTRG.7137	0	575	454	68	18	0	952	334	41	8	0	330	456	14	147
MSTRG.7138	35	7718	1051	0	796	44	3764	558	32	941	6	9231	1589	0	923
MSTRG.7139	2919	25310	379	3219	275	3962	11763	260	2578	798	1511	23598	452	2591	58
MSTRG.714	55	0	8942	2637	1590	77	14	4380	3062	1479	90	0	11643	2327	1234
MSTRG.7140	1802	306	89	2130	493	1921	113	83	2417	507	1737	809	81	1032	359
MSTRG.7141	3573	1174	4264	1328	3073	2143	620	3422	3902	2386	3156	862	3845	993	1651
MSTRG.7142	0	1558	174	3081	743	0	1448	138	1106	875	0	1165	60	3106	1073
MSTRG.7143	25	433	102	28	889	1	270	510	128	852	0	147	37	31	825
MSTRG.7144	898	1543	182	160	65	173	1738	1279	99	54	548	1197	157	66	83
MSTRG.7145	769	438	171	120121	46	1622	459	670	17984	30	223	343	295	20451	69
MSTRG.7146	0	26	134	574	6743	0	80	422	856	10049	0	41	38	749	5863
MSTRG.7147	54	2222	12	373	703	262	2570	82	2538	1089	162	1857	0	6878	645
MSTRG.7148	3	641	3715	194	997	122	216	1602	111	660	2	380	4869	72	577
MSTRG.7149	0	855	3509	8429	977	0	195	2361	6135	15305	0	639	3334	4322	3024
MSTRG.715	4174	799	4904	498	1824	4189	637	4057	2157	1321	2613	579	6423	481	16821
MSTRG.7150	2941	0	8570	513	592	4387	0	18958	206	3782	2081	0	7326	404	1659
MSTRG.7151	3965	3944	81	268	172	3775	3735	0	28	190	1054	4813	0	119	99
MSTRG.7152	10041	2660	42	5115	169	9044	1821	0	5212	668	2486	2532	0	2365	1255
MSTRG.7153	2767	4361	1	271	671	729	5927	1	144	503	758	4541	1	0	5732
MSTRG.7154	0	543	5	1828	1006	0	390	24	1831	697	0	426	14	1720	6059
MSTRG.7155	340	1138	0	113	156	513	631	0	57	76	89	1457	0	23	992
MSTRG.7156	708	702	0	2230	271	376	1154	0	1228	146	332	605	0	1527	2064
MSTRG.7157	4053	2087	1035	251	2530	4037	3155	6306	211	2550	1566	1940	2925	460	1918
MSTRG.7158	2143	2146	279	79	522	985	2998	158	192	549	1282	2126	70	67	338
MSTRG.7159	9	0	0	668	3608	0	0	0	739	730	5	0	0	671	1250
MSTRG.716	8558	12	3	1365	521	15488	69	7	1336	387	384	17	8	1518	3715
MSTRG.7160	39	2375	6148	1052	529	0	1909	4080	1555	171	3	939	1281	413	478
MSTRG.7161	1780	2045	1729	14123	1539	2642	9126	884	6142	4671	1696	1471	393	4586	1171
MSTRG.7162	3244	143	577	1629	658	2806	224	320	1846	147	2132	76	270	1693	353
MSTRG.7163	1071	748	934	432	10700	778	1827	641	476	6573	696	942	850	447	6975
MSTRG.7164	2124	269	56	1599	0	1470	288	75	2597	0	1115	796	60	2108	0
MSTRG.7165	588	627	1334	0	335	79	1124	2378	0	214	534	678	2787	0	212
MSTRG.7166	4295	1504	46	102006	1874	2754	1844	12	36470	1899	3003	1217	23	41747	1873
MSTRG.7167	225	102	183	705	0	108	166	53	812	0	246	30	45	670	4
MSTRG.7168	1800	1654	3009	24	310	1680	2284	4742	46	266	1269	1229	3592	34	137
MSTRG.7169	2885	2056	272	772	1779	2444	1906	555	1035	1817	1939	1491	405	690	1872
MSTRG.717	171	9	239	1723	22	802	60	159	2825	15	191	9	237	5809	71
MSTRG.7170	2059	193	811	2481	218	1956	144	831	2496	199	709	54	1289	1521	231
MSTRG.7171	1160	14	2109	902	562	720	1	2907	454	490	540	16	2143	642	639
MSTRG.7172	6	211	2629	20	249	0	253	1382	9	572	0	199	1590	9	284
MSTRG.7173	3768	172	1674	399	33	2375	161	3901	146	205	2752	200	2837	714	90
MSTRG.7174	392	130	1040	5	1301	226	211	1062	36	946	294	44	1710	1	1389
MSTRG.7175	359	3972	46	0	137	110	2294	55	0	162	293	4425	29	0	163
MSTRG.7176	596	2803	0	26	4	699	2040	9	90	3	1220	2692	50	88	110
MSTRG.7177	3773	11497	680	141	375	10946	14596	1991	59	450	4314	10923	783	111	265
MSTRG.7178	229	45	35	300	130	3763	26	282	0	136	13	65	12	0	514
MSTRG.7179	1433	80	543	2	179	1050	0	856	379	905	723	0	412	5	219
MSTRG.718	2665	9	1163	882	4025	2005	41	925	1082	2911	3824	8	913	1887	32417
MSTRG.7180	1062	10	6139	5562	13	1100	37	2808	4167	17	741	24	5713	4318	180
MSTRG.7181	232	0	282	0	495	187	0	301	0	1992	181	0	190	0	371
MSTRG.7182	306	0	580	624	229	286	0	1916	359	138	129	0	704	304	271
MSTRG.7183	583	1184	7	1	44	905	4579	94	58	17	270	3494	144	11	99
MSTRG.7184	8993	140	38	449	1698	3353	1206	28	651	1332	7102	321	31	675	1141
MSTRG.7185	31257	0	62	15	592	11921	0	21	99	399	19720	0	33	12	332
MSTRG.7186	501	3928	0	7263	110	317	25772	3	11855	254	1125	6877	96	8444	159
MSTRG.7187	1553	1056	65	445	338	652	5694	14	1008	575	874	1712	35	493	619
MSTRG.7188	5118	260	100	426	0	4306	1851	31	611	0	2309	599	6	430	0
MSTRG.7189	575	950	0	2073	4285	191	751	1	1771	15108	199	704	85	47	4775
MSTRG.719	17	488	11342	81	10	29	776	7364	144	40	107	760	2332	148	42
MSTRG.7190	2638	82	0	34	422	1911	117	0	75	1088	1307	33	0	5	896
MSTRG.7191	501	69	16	512	11758	151	34	2	648	8831	170	57	0	141	6594
MSTRG.7192	1158	1120	2283	228	3411	148	2705	1975	200	3122	631	1917	2334	396	4359
MSTRG.7193	99	61	58	1011	114	226	44	164	752	90	60	40	81	1101	114
MSTRG.7194	5294	216	1774	311	31	4268	83	1237	153	71	4591	95	2337	155	26
MSTRG.7195	3292	55	2116	316	500	1968	31	2306	135	139	1750	26	2108	142	298
MSTRG.7196	5488	3798	0	258	6	5524	5151	0	826	219	3537	3407	0	301	22
MSTRG.7197	752	312	455	2736	75	288	540	107	3049	42	634	194	529	837	76
MSTRG.7198	1426	876	1774	653	1	1100	795	3320	1446	52	1195	1299	1854	592	7
