gene_id	B100	B105	B110	B135	B175	B200	B205	B210	B235	B275	B300	B305	B310	B335	B375
MSTRG.2699	1062	9109	1494	3201	49	453	4735	1519	2025	171	344	6130	1879	2300	16
MSTRG.27	677	78	156	6	0	705	0	5	72	0	314	205	151	24	0
MSTRG.270	254	182	1383	110	312	135	108	525	881	307	137	27	1242	453	327
MSTRG.2700	8941	1527	3887	1774	1092	13645	1553	2458	1603	723	6281	1918	4319	802	1074
MSTRG.2701	3	3322	35	3178	130	36	3299	1	1345	67	0	4763	3	342	190
MSTRG.2702	15	923	26	2254	258	103	249	107	925	543	0	683	307	1883	511
MSTRG.2703	786	1699	0	1983	25	481	2110	0	1639	57	217	1447	0	1337	51
MSTRG.2704	4680	848	599	758	589	6905	1059	297	4917	420	2119	1011	427	997	539
MSTRG.2705	345	675	12	92	1317	165	658	104	0	425	336	181	150	4	2230
MSTRG.2706	484	320	2337	57	286	653	371	1323	24	495	97	397	1842	57	194
MSTRG.2707	784	12298	37	312	8277	1077	14312	85	366	8480	544	8375	59	260	3585
MSTRG.2708	13817	21186	838	3062	286	12923	6475	663	4918	146	8039	16678	727	2515	202
MSTRG.2709	2259	0	10874	137	0	2876	0	361	270	3	2990	1	12672	88	0
MSTRG.271	282	109	152	542	442	230	1	347	446	693	128	60	66	481	1704
MSTRG.2710	0	105	7098	538	33	0	39	5037	419	79	0	116	5405	290	152
MSTRG.2711	1448	122	24	714	1618	644	72	11	521	1843	550	67	109	745	1642
MSTRG.2712	15307	11196	5171	47	789	16578	6334	21232	64	814	5718	9160	8336	186	524
MSTRG.2713	126	630	582	478	270	0	585	665	923	402	0	562	263	489	314
MSTRG.2714	2472	1466	4773	560	147	2653	1848	2651	287	480	1094	1593	4947	140	132
MSTRG.2715	1469	152	506	3768	569	1086	264	1001	5439	412	199	384	442	2514	397
MSTRG.2716	435	253	1188	35	4361	194	726	1877	10	5284	20	947	1401	45	6674
MSTRG.2717	366	425	744	11	8	105	126	931	1	11	68	338	1215	25	17
MSTRG.2718	11	1805	0	2338	2317	41	967	1	1077	1395	137	1236	1	1078	870
MSTRG.2719	6	471	536	205	1050	34	267	503	146	966	110	608	768	389	885
MSTRG.272	62	1421	287	679	3797	40	2026	208	422	7550	8	1390	288	747	4193
MSTRG.2720	10487	820	97	124	64	5074	712	99	186	324	4756	1066	26	21	368
MSTRG.2721	2664	921	604	41	833	1452	1367	475	1	1413	1799	745	771	25	886
MSTRG.2722	4414	1585	918	242	1569	3493	1434	2149	194	2391	4285	589	631	193	809
MSTRG.2723	505	1320	684	176	3749	281	1223	1652	237	6114	358	1337	519	139	1486
MSTRG.2724	2304	1824	405	124	882	2278	1420	651	241	622	1148	2360	226	221	447
MSTRG.2725	1749	529	2007	58	96	1225	211	2196	29	176	1322	264	2398	118	139
MSTRG.2726	550	4400	85	4190	0	479	2798	321	7951	0	38	4117	102	4006	0
MSTRG.2727	539	62	1087	9412	199	357	2	588	4141	36	228	10	848	5521	108
MSTRG.2728	17016	125	155	1393	968	21447	302	47	1400	266	7234	248	229	832	665
MSTRG.2729	22627	0	55	4627	218	4092	0	30	4556	266	16045	0	74	4740	473
MSTRG.273	536	167	8253	3005	565	549	275	11623	2635	506	539	680	13145	1145	184
MSTRG.2730	6	256	526	211	518	4	563	336	82	1040	0	263	613	112	867
MSTRG.2731	24	2066	1556	114	11	6	1686	325	265	14	246	1602	2621	321	2
MSTRG.2732	69	166	205	3935	0	47	107	525	760	0	118	64	263	1970	0
MSTRG.2733	12927	857	9478	336	5	6748	1046	4493	368	34	9069	640	6542	479	10
MSTRG.2734	761	7781	12	2220	1	604	3689	14	2182	44	492	2471	89	1284	0
MSTRG.2735	2225	7444	292	4005	0	1549	5514	298	6066	0	1966	6656	170	5985	0
MSTRG.2736	84	60	31	2413	9	58	18	154	3491	402	20	165	204	2038	92
MSTRG.2737	348	3485	2259	227	2	968	34018	1496	289	524	1084	15891	3279	203	692
MSTRG.2738	479	591	775	14089	593	117	892	525	10561	989	196	325	929	5498	393
MSTRG.2739	1723	1463	782	5430	262	1285	1655	753	2323	881	1019	1388	667	4870	377
MSTRG.274	7202	650	236	4942	73	9363	477	156	6041	7	4273	645	137	4768	27
MSTRG.2740	521	4036	379	1128	0	365	2693	876	583	0	517	4302	170	974	0
MSTRG.2741	1039	409	577	1496	149	632	474	392	663	327	1170	391	664	536	0
MSTRG.2742	928	1046	4529	101020	114	2232	2104	3299	29424	172	132	1039	7174	8060	76
MSTRG.2743	74	318	77	10	0	11790	735	67	57	0	14	642	82	28	0
MSTRG.2744	1901	96	3578	3632	2397	1151	147	1584	2780	1467	1174	22	1468	2914	798
MSTRG.2745	19	627	961	5315	95	36	622	863	3425	1717	6	777	794	3878	89
MSTRG.2746	1670	510	150	64	1266	1643	876	314	144	3798	1522	304	438	36	1142
MSTRG.2747	139	364	2900	0	424	181	1343	3812	0	392	199	337	2375	0	252
MSTRG.2748	65	291	5351	60	355	679	689	9473	2599	388	165	198	2629	1206	643
MSTRG.2749	4633	1942	530	86	3119	3010	1380	331	328	1809	3501	1969	348	292	8734
MSTRG.275	694	77	215	2885	48	457	439	195	1118	29	159	455	207	2025	11
MSTRG.2750	80	139	28	134	104	1	251	4	61	46	9	44	9	220	17
MSTRG.2751	32	697	0	0	733	44	697	0	0	1039	37	613	0	0	328
MSTRG.2752	0	6	214	1874	559	0	27	77	1576	816	0	7	122	1093	634
MSTRG.2753	377	106	1318	1628	7	337	66	338	4027	80	218	170	893	2283	2
MSTRG.2754	105	627	377	115510	56	91	376	339	13642	40	145	564	391	92699	318
MSTRG.2755	3192	2309	178	2233	130	1885	844	123	3738	684	1986	3374	16	457	25
MSTRG.2756	82	127	600	2468	575	128	591	1236	5155	845	81	194	894	1501	530
MSTRG.2757	22	8403	4	2087	1469	22	5398	12	1666	1659	17	6000	0	898	1523
MSTRG.2758	1032	23	19	359	421	969	5	24	300	938	401	51	5	358	348
MSTRG.2759	7319	106	0	304	48	3484	197	0	175	80	671	99	0	282	564
MSTRG.276	138	656	46	1270	64	11	498	58	2008	205	14	644	8	813	39
MSTRG.2760	7732	67	34	636	37	4833	274	223	510	2	3740	303	31	641	11
MSTRG.2761	46	2584	0	760	30	11	2040	0	881	0	112	2875	0	514	41
MSTRG.2762	4627	1066	12	314	1815	32483	575	551	667	2811	12001	1031	71	279	2171
MSTRG.2763	742	158	25	2345	26	715	390	314	502	0	307	292	779	965	36
MSTRG.2764	1578	366	811	4862	0	1486	1444	1184	10510	0	1249	319	565	3467	0
MSTRG.2765	5529	575	0	1133	2405	3386	507	879	1224	3694	4130	478	2	951	2065
MSTRG.2766	383	3688	16	6527	2	486	4664	221	6612	0	214	3512	32	4747	2
MSTRG.2767	1203	87	6	15	4908	1535	64	2284	1	8174	587	95	224	12	4229
MSTRG.2768	950	4599	0	45	8710	1059	1686	0	177	5598	1418	1840	0	6	4543
MSTRG.2769	337	670	278	281	2277	609	851	748	998	4466	381	676	0	508	920
MSTRG.277	1796	24	601	2810	1155	1574	346	338	993	1558	900	183	1320	299	672
MSTRG.2770	838	141	101	5573	343	468	380	501	6888	194	821	500	151	1749	257
MSTRG.2771	1383	746	0	3463	17218	1354	1298	0	1421	20529	544	1219	0	1311	11049
MSTRG.2772	547	1740	2435	761	102	1196	2783	2894	317	93	275	1095	1960	887	145
MSTRG.2773	281	4486	70	515	7056	545	7673	9673	480	5200	139	1950	196	329	8449
MSTRG.2774	2392	1074	1022	368	5308	1609	749	824	190	2961	1958	490	959	924	2235
MSTRG.2775	175	0	0	594	75	169	0	0	1447	73	37	0	1	1042	59
MSTRG.2776	734	257	3661	105	675	575	37	804	77	676	395	118	7035	202	631
MSTRG.2777	179	0	10	7900	1954	86	18	381	22945	2068	133	29	20	5364	1094
MSTRG.2778	68	887	983	766	242	12	359	1342	1308	185	15	733	872	1027	294
MSTRG.2779	659	48	553	1263	362	395	150	468	1160	491	425	114	571	940	317
MSTRG.278	178	24	5138	3229	291	213	63	10195	4568	458	292	63	5161	1709	1002
MSTRG.2780	2769	7	1010	748	343	762	19	9666	1998	162	3973	9	1277	1863	284
MSTRG.2781	224	130	3	115	56	512	69	34	79	677	169	6	24	34	150
MSTRG.2782	11022	768	6	58	338	7857	975	69	500	313	5250	929	10	288	219
MSTRG.2783	32	87	52	288	3001	30	41	4	1078	4048	8	38	282	3225	3069
MSTRG.2784	272	0	234	333	2822	134	0	1754	237	1844	155	0	80	139	1901
MSTRG.2785	105	5	903	1018	1104	132	68	639	2328	2235	247	10	650	677	911
MSTRG.2786	3356	5	1418	270	3952	2072	76	1402	161	2524	3588	4	2135	435	2104
MSTRG.2787	1710	0	731	1235	776	754	0	2654	448	1170	1446	0	492	833	703
MSTRG.2788	4247	12	52	599	661	3807	432	97	788	3638	3289	76	395	600	487
MSTRG.2789	232	4	91	889	103	723	356	13	1406	10	58	1065	18	1347	13
MSTRG.279	53	555	682	1125	23	95	449	551	2197	92	2	848	316	956	5
MSTRG.2790	1211	776	114	1190	33	623	831	1	2034	58	864	707	37	1231	100
MSTRG.2791	3853	315	93	3902	392	3930	1002	98	5641	228	1762	870	45	9249	316
MSTRG.2792	81	45	2271	1582	1143	80	22	2279	1374	623	50	39	2276	8562	1818
MSTRG.2793	3105	142	45	28	120	1554	29	0	349	188	1592	135	3	18	274
MSTRG.2794	239	289	0	23	270	39	713	0	5	100	33	0	0	21	191
MSTRG.2795	955	306	2424	6	890	756	70	2863	1	563	586	379	2600	5	608
MSTRG.2796	172	0	5227	3633	152	362	0	7462	1747	283	342	0	6605	1043	346
MSTRG.2797	3703	2742	11084	4092	347	3737	663	1928	4022	1010	1623	3201	3732	1441	465
MSTRG.2798	5309	143	1407	63	778	7724	576	551	3	296	1344	965	1200	112	367
MSTRG.2799	1176	345	3849	8222	3466	589	230	2966	7754	4479	372	221	3444	11398	1851
MSTRG.28	3057	0	18	110	2155	2159	0	110	953	813	2426	0	32	393	2376
MSTRG.280	970	198	125	136	2134	493	79	7	163	867	600	87	41	133	1106
MSTRG.2800	46	552	390	0	69	121	317	402	0	0	104	764	293	0	74
MSTRG.2801	0	3219	20061	4066	1155	0	2235	10495	3691	1238	0	7223	20188	1473	1280
MSTRG.2802	309	1055	109	569	123	47	955	109	653	219	73	629	172	236	266
MSTRG.2803	1335	661	9935	32	129	245	874	5515	38	135	666	692	10502	28	27
MSTRG.2804	142	1270	4790	118	29	313	4561	3038	227	0	322	1618	3989	54	51
MSTRG.2805	369	12	56	994	269	85	16	207	532	193	1	32	89	661	309
MSTRG.2806	24	95	853	845	117	15	41	453	507	140	11	324	964	844	148
MSTRG.2807	826	386	1417	1821	34	1094	686	904	2386	33	982	210	1999	1962	104
MSTRG.2808	156	1184	330	1794	5151	70	728	216	1212	6626	86	845	313	868	3978
MSTRG.2809	0	993	477	95	933	0	1187	597	452	798	0	1480	467	89	1004
MSTRG.281	164	2431	33	1043	416	383	2217	110	663	511	408	1532	23	197	388
MSTRG.2810	43	571	825	14	1569	50	844	407	11	943	8	526	650	2	1589
MSTRG.2811	0	67	93	265	3967	0	134	5263	281	3752	0	533	124	223	3124
MSTRG.2812	16	104	399	386	4473	294	5	199	530	5404	30	12	377	592	4694
MSTRG.2813	21	88	3552	1920	7	449	4	4146	1819	4	1395	54	3896	4299	28
MSTRG.2814	861	1878	3374	1418	224	911	2803	2315	911	82	680	2215	3373	1478	190
MSTRG.2815	132	150	3773	42	332	65	0	2070	29	591	4	30	2429	18	337
MSTRG.2816	1527	43	1625	1013	3131	1121	0	1385	1228	1070	351	0	1417	1067	3748
MSTRG.2817	5	2529	1383	2255	358	27	2874	3770	5030	352	14	2842	608	1646	472
MSTRG.2818	0	4225	163	385	1907	0	7871	2	512	2310	0	4901	16	478	1771
MSTRG.2819	335	12430	66	1438	4783	577	4470	84	702	5075	1	5174	131	2375	5920
MSTRG.282	842	81	18	4961	55	594	171	92	7397	261	747	84	2	5963	366
MSTRG.2820	961	853	355	324	1561	197	0	175	517	2124	336	0	487	133	1435
MSTRG.2821	0	457	2241	14	533	0	548	1668	24	697	0	518	3004	27	570
MSTRG.2822	5547	295	240	1	230	1932	303	294	46	201	4266	235	238	0	100
MSTRG.2823	514	17191	81	491	3	2032	13241	39	525	4	664	15115	92	414	0
MSTRG.2824	545	52	1197	26	10762	290	142	739	125	8677	106	216	1337	181	6398
MSTRG.2825	451	8759	76	159	7	401	4904	217	66	30	530	11956	220	199	5
MSTRG.2826	4181	3991	100	2260	4369	1738	2681	62	1824	3716	7521	3415	118	3003	5927
MSTRG.2827	567	35	507	3	1003	14	117	792	49	1124	28	67	359	13	1215
MSTRG.2828	1370	928	41	3599	1140	940	556	256	5613	1080	449	1053	123	3117	589
MSTRG.2829	617	233	361	257	55325	416	333	39	328	51104	343	287	297	161	20701
MSTRG.283	139	1	1786	4670	754	292	5	824	4320	335	349	2	2058	4434	1134
MSTRG.2830	1562	241	2797	680	4	4534	585	2901	348	28	1132	196	2771	546	38
MSTRG.2831	93	938	21	0	5065	34	404	1	25	2453	17	610	28	4	3696
MSTRG.2832	57	75	1334	448	3178	7	900	672	875	4476	8	201	1515	591	4203
MSTRG.2833	72	426	90	20724	37	52	243	302	10836	91	550	294	361	9731	9
MSTRG.2834	526	3240	140	73	47	695	4018	200	31	124	67	3884	26	46	44
MSTRG.2835	941	2661	56	27	0	862	2448	2	11	0	706	2630	80	21	0
MSTRG.2836	1309	1266	254	329	34	1272	2029	63	248	2126	1034	820	533	441	1119
MSTRG.2837	1524	2577	173	2757	97	1437	1098	177	2859	184	572	469	208	2700	182
MSTRG.2838	62	1440	242	135	92	114	1211	206	348	74	508	1932	333	381	202
MSTRG.2839	53	1754	208	1155	73	1	1678	203	1573	142	5	1387	295	1579	82
MSTRG.284	911	3769	513	2144	2627	395	3862	830	3874	2816	1137	5097	575	2788	1351
MSTRG.2840	95	1408	6004	0	0	139	3731	9114	0	0	29	1337	5638	0	0
MSTRG.2841	2304	122	2410	46	1912	2090	0	1875	258	2686	1736	7	2657	94	741
MSTRG.2842	55	65	757	0	1519	0	50	162	0	3848	5	57	676	0	1694
MSTRG.2843	0	393	4502	619	31571	0	283	4081	564	70270	0	397	4524	302	26139
MSTRG.2844	2653	2078	6307	146	2384	2785	1983	4019	279	2778	1714	3468	5529	223	404
MSTRG.2845	6517	203	228	935	1746	7972	266	38	812	3637	3794	145	211	793	1413
MSTRG.2846	10190	726	603	65	1567	3326	309	477	69	1524	3741	499	733	118	986
MSTRG.2847	2414	807	3322	481	396	19	443	523	555	277	38	910	2821	455	305
MSTRG.2848	619	132	547	16	274	409	220	413	20	481	524	302	492	32	275
MSTRG.2849	340	105	1839	11820	485	330	78	1170	8830	556	107	154	1703	10746	469
MSTRG.285	2848	2617	66	107	1	2142	1652	457	142	0	1141	4097	306	100	0
MSTRG.2850	20728	582	5507	9594	685	15065	1039	6921	19617	813	10393	565	5481	10474	433
MSTRG.2851	126	28	1521	944	594	136	312	1859	777	780	169	115	1787	1235	575
MSTRG.2852	12226	129	233	641	1852	4859	219	307	853	767	12733	195	261	591	1587
MSTRG.2853	5958	2007	14422	934	4488	3158	1363	7570	714	7252	2468	2285	12440	776	2897
MSTRG.2854	114	2593	12	337	1069	71	1186	98	333	985	35	1877	22	634	974
MSTRG.2855	1063	0	3955	33	3879	572	0	1697	42	9321	849	0	7477	17	4351
MSTRG.2856	354	164	807	519	16	599	282	1278	732	1	225	381	1217	250	2
MSTRG.2857	277	166	1274	47	367	287	159	691	68	399	263	11	859	20	195
MSTRG.2858	481	47	46549	16198	375	642	1	342	11381	993	415	56	24756	5891	527
MSTRG.2859	1048	251	8	48	3535	1055	152	107	2259	7077	592	280	16	33	1292
MSTRG.286	16	30	2909	1686	3382	26	96	1464	1993	5070	143	0	2112	1945	4013
MSTRG.2860	461	275	23968	24	170	278	218	20498	618	342	328	181	18056	29	292
MSTRG.2861	4700	418	7724	12	2258	4221	320	17758	9	1006	3264	481	8998	8	862
MSTRG.2862	3477	315	1	779	1308	1826	284	2	979	879	2141	402	1	560	1515
MSTRG.2863	910	5112	5	1555	1302	2023	11300	5	425	1298	454	4032	24	2033	2170
MSTRG.2864	3718	1072	1	6830	342	1409	793	1	1792	219	258	828	21	3357	1338
MSTRG.2865	2609	1821	216	270	551	1129	1784	0	247	1208	1738	993	0	264	1077
MSTRG.2866	1932	4058	1	1517	95	1552	3836	2	4413	58	1116	4344	1	1070	179
MSTRG.2867	1347	3657	170	2986	4453	3309	2309	6	5369	18923	434	3854	287	3321	6922
MSTRG.2868	199	202	216	1372	26	0	84	2	1057	74	8	104	26	1709	42
MSTRG.2869	64	248	2	3765	662	91	355	2	5407	1031	127	371	5	4450	1054
MSTRG.287	22	29	25	359	2688	127	11	37	452	2805	8	77	46	392	1895
MSTRG.2870	393	3038	0	37	1068	290	1582	0	44	1474	277	2564	0	43	872
MSTRG.2871	31	1698	56	328	746	0	1660	1656	341	1844	1	1945	1207	203	922
MSTRG.2872	3684	3732	0	25227	123	3875	6146	0	24928	21	3878	5879	57	13299	79
MSTRG.2873	201	1889	128	23771	77	260	1890	335	15059	439	85	1592	274	12407	106
MSTRG.2874	1054	678	155	84	206	272	633	82	5	740	289	817	313	26	497
MSTRG.2875	944	243	0	222	346	488	302	0	207	243	740	188	0	84	259
MSTRG.2876	72	2853	1583	1270	913	69	1108	1451	1362	1448	160	2008	2459	376	738
MSTRG.2877	118	11	1427	703	396	108	94	3198	188	421	221	20	2677	164	589
MSTRG.2878	345	4418	64335	2	635	73	2941	37649	1	1234	96	6395	90478	1	732
MSTRG.2879	3289	25	2477	758	2049	1634	43	3362	919	3257	2383	7	450	1404	2421
MSTRG.288	5	616	12	3	17	8	857	0	49	95	0	1187	2	11	1
MSTRG.2880	67	2443	1995	67	3099	0	2848	1976	81	6870	157	1643	1911	2	9594
MSTRG.2881	2977	2655	1837	306	611	1235	3577	1845	114	1133	2125	2242	1686	278	1417
MSTRG.2882	252	1382	472	331	2266	287	1656	391	407	1800	277	784	415	706	983
MSTRG.2883	273	54120	505	377	6015	199	21297	232	316	6179	22	9109	430	357	6857
MSTRG.2884	24	22	378	314	5055	8	115	107	467	6292	33	48	317	307	5669
MSTRG.2885	273	2106	321	52	0	116	1962	147	127	0	226	2040	140	163	0
MSTRG.2886	324	87933	103	36	2341	209	126672	38	71	3997	153	92152	100	25	1260
MSTRG.2887	442	11	772	14	454	369	32	1206	68	632	599	0	648	18	212
MSTRG.2888	302	46	109	1	357	255	149	483	36	537	266	15	429	9	337
MSTRG.2889	6109	56	1923	2	98	8016	50	325	5	234	2857	90	2764	4	276
MSTRG.289	4117	1089	3490	2129	20	4232	1051	4422	2379	35	4327	269	5360	2041	31
MSTRG.2890	1323	0	4815	482	1102	1028	0	8365	42	829	894	0	4296	87	1070
MSTRG.2891	1215	79	1581	114	696	2410	1601	748	133	872	1123	1425	1511	67	716
MSTRG.2892	4988	99	671	12061	315	3957	310	288	7195	204	4178	226	596	9428	743
MSTRG.2893	6330	38	370	73	1637	2733	111	740	889	2037	3267	113	839	531	853
MSTRG.2894	208	143	3468	6814	1302	37	68	3174	8205	1379	90	261	1736	10273	625
MSTRG.2895	256	0	190	3855	106	109	0	234	4662	301	112	0	290	2379	583
MSTRG.2896	282	1693	3354	310	14	330	2456	1066	104	7	342	1543	2200	362	56
MSTRG.2897	3971	1468	707	305	814	1097	2684	470	131	544	2764	1894	741	126	5688
MSTRG.2898	2179	165869	1308	71	1103	1939	60973	1268	50	1008	1736	219068	1516	88	1756
MSTRG.2899	4796	2055	552	2496	1251	5469	3546	168	1894	1095	2832	493	1758	3390	1304
MSTRG.29	47	3173	2086	2568	55	277	21509	175	3304	53	441	5679	1348	1682	64
MSTRG.290	2976	2368	38	384	453	2347	4617	34	538	1406	3250	1535	137	598	744
MSTRG.2900	2404	2098	737	838	19	2015	2246	1402	957	17	1411	1791	1032	994	22
MSTRG.2901	1206	1338	5771	535	1132	936	1647	19706	589	800	1419	1229	8189	695	8348
MSTRG.2902	202	443	983	2122	490	180	356	1575	2201	3594	165	550	1584	1616	294
MSTRG.2903	1077	713	1135	1475	487	1342	637	789	1032	334	553	418	1180	1574	3774
MSTRG.2904	8278	492	1101	847	597	2990	236	1437	258	256	6814	444	1511	254	1175
MSTRG.2905	14	348	175	119	418	22	327	47	124	430	0	237	51	79	89
MSTRG.2906	3780	1092	117	226	32	2378	1129	963	41	14	1249	1026	136	190	226
MSTRG.2907	3714	546	696	457	29	3385	1297	1313	152	17	2011	610	647	181	106
MSTRG.2908	1982	2691	365	0	21	1394	913	158	0	14	786	1863	244	0	106
MSTRG.2909	36050	4084	937	11	412	16453	6610	1341	0	386	56	3513	996	17	410
MSTRG.291	20	51	23	847	2558	62	62	23	1195	1275	0	21	0	1239	483
MSTRG.2910	14	1832	2370	567	63	80	1030	3305	26	109	27	790	1757	225	160
MSTRG.2911	13408	995	1781	37	95	11498	410	3128	1	115	10403	832	2312	2	124
MSTRG.2912	14056	10	722	14913	1550	23331	1	428	3944	993	7671	1	1225	1380	1771
MSTRG.2913	1	308	1860	11050	136	10	920	2598	6380	272	1	670	2772	10414	419
MSTRG.2914	2	1744	2855	258	1343	1	2960	1905	435	2671	3	1145	8251	2990	1700
MSTRG.2915	10	2085	2283	1	152	4	1266	1970	3	191	10	1667	2138	4	98
MSTRG.2916	1	867	6	8731	593	1	532	8	5221	156	1	1025	50	3501	320
MSTRG.2917	39	1199	5	8983	448	2	986	1	6195	408	92	1244	1	5767	589
MSTRG.2918	261	1	1739	2524	12133	138	0	1043	1830	12684	32	0	1765	2951	5906
MSTRG.2919	196	475	3229	124	48	1	276	2402	630	34	7	1633	3506	289	59
MSTRG.292	1363	119	3052	1958	2924	1150	174	1388	180	3735	870	57	3079	1425	1660
MSTRG.2920	0	737	100	154	283	0	1554	9	374	224	0	1307	127	286	385
MSTRG.2921	304	5142	6043	1925	411	2049	10389	7545	4668	812	1308	7556	6196	294	558
MSTRG.2922	416	1345	0	994	1702	256	1463	0	1840	1269	316	1949	0	1207	14138
MSTRG.2923	83	1100	158	685	0	76	1000	317	495	0	70	1046	165	378	0
MSTRG.2924	0	1291	4559	474	11	0	1495	2162	257	0	0	1626	2323	272	40
MSTRG.2925	2006	153	394	153	136	1937	89	1100	120	66	1165	60	441	281	63
MSTRG.2926	2225	179	480	2627	0	3050	506	994	785	0	1832	284	576	4821	0
MSTRG.2927	254159	1233	1106	2058	2411	82925	1310	1026	5638	979	255568	1357	1388	3727	9108
MSTRG.2928	2804	321	1058	1972	170	2927	314	588	765	206	193	210	1324	847	1701
MSTRG.2929	2437	856	287	951	661	2624	1983	236	883	649	1971	826	447	1360	439
MSTRG.293	1571	519	36	97	1392	920	465	41	82	1693	187	181	0	44	1016
MSTRG.2930	1509	2856	1554	1410	0	1533	3280	2373	1133	3	1165	2324	1883	816	1
MSTRG.2931	512	2595	1168	345	405	376	2951	1261	240	583	536	2977	1174	80	379
MSTRG.2932	1997	936	526	337	9180	614	1134	860	129	11479	475	1318	96	418	8763
MSTRG.2933	936	1290	598	635	8657	607	2261	516	2395	17079	898	30	205	535	9732
MSTRG.2934	66	678	45215	9446	684	58	1166	10828	4426	581	71	1318	30903	2197	983
MSTRG.2935	1350	6789	1756	6759	636	1039	11658	3006	7661	1057	935	14465	2198	5040	677
MSTRG.2936	1685	1144	56	264	604	1645	1124	36	254	529	794	3016	46	177	312
MSTRG.2937	2058	1063	2062	4234	72	838	683	1299	1723	55	1509	1039	522	1588	40
MSTRG.2938	5554	3282	1943	541	12479	7157	4429	1144	268	17304	3183	4369	447	638	4618
MSTRG.2939	1756	9	498	523	82	1502	24	1827	464	1883	1738	7	292	461	36
MSTRG.294	2530	4788	10	956	83	3396	5743	8	905	182	1070	6460	90	1068	110
MSTRG.2940	7206	391	1814	2381	160	8638	19	1101	2272	179	5181	224	358	2664	149
MSTRG.2941	30	9186	1927	2334	24	2	8924	880	5988	10	12	7313	2671	5284	19
MSTRG.2942	418	0	594	1219	697	1045	0	852	1709	757	523	0	140	1453	670
MSTRG.2943	4711	214	92	330	1208	3925	206	45	622	970	1183	141	14	435	2307
MSTRG.2944	2355	8257	659	1346	5771	778	4632	695	4126	2940	884	1927	507	1660	2809
MSTRG.2945	1754	779	101	17	357	1012	939	103	149	105	1764	537	288	2	376
MSTRG.2946	1498	392	111	1020	1327	732	610	44	828	2417	1132	534	264	1499	966
MSTRG.2947	547	879	2355	1	4925	251	1301	1567	0	4359	1888	877	2785	2	3209
MSTRG.2948	943	60	206	265	1111	1326	42	527	395	1508	1138	34	509	293	1281
MSTRG.2949	6703	1637	2348	412	2011	10432	792	3712	1812	4554	5726	1198	1980	1107	2212
MSTRG.295	1457	4809	33	35	608	2291	3889	56	53	546	733	5067	18	24	267
MSTRG.2950	1474	336	384	4879	19	1326	347	443	2259	45	1584	530	299	4866	25
MSTRG.2951	1178	3137	246	954	66	979	2555	291	761	60	913	2097	354	814	142
MSTRG.2952	1380	1431	746	75	115	1564	1072	408	187	383	1525	1023	663	144	56
MSTRG.2953	254	250	448	469	15698	82	2260	767	547	26787	97	386	856	420	11669
MSTRG.2954	263	1675	18223	345	14818	493	10931	7516	1612	13735	145	3301	11608	737	11165
MSTRG.2955	2658	26722	115	309	27	1797	15792	144	252	13	1577	7247	124	166	44
MSTRG.2956	973	1703	29	65	6	1731	2158	17	0	5	413	1874	38	0	11
MSTRG.2957	160	2531	0	162	893	81	16120	4	451	1480	139	4723	3	253	253
MSTRG.2958	677	409	30	4916	515	595	1030	6	5445	373	732	315	2	4336	221
MSTRG.2959	1270	1150	403	1549	280	360	8062	416	1283	306	772	2072	674	1192	361
MSTRG.296	177	376	669	102	4445	199	345	2395	119	6352	38	446	577	165	5791
MSTRG.2960	777	345	609	593	1	1048	277	909	175	1	1087	1241	705	1137	1
MSTRG.2961	2678	683	10408	2103	567	5200	730	6575	2100	1578	6451	110	2204	1642	1244
MSTRG.2962	5798	49	5601	0	1	4872	305	3533	0	0	10124	97	1086	18	1
MSTRG.2963	84	8	0	607	54	108	30	0	825	107	5	0	0	477	4
MSTRG.2964	5	39	244	307	255	1	197	604	615	161	6	74	79	291	315
MSTRG.2965	1648	771	0	18	434	1426	665	0	18	335	892	539	0	41	487
MSTRG.2966	6111	0	28	7	351	5354	214	94	7	501	5158	277	11	2	472
MSTRG.2967	6376	86	166	1045	331	8205	147	28	752	51	4551	229	0	510	485
MSTRG.2968	0	2481	334	7609	63	0	1555	181	13963	159	0	2900	7	5587	253
MSTRG.2969	197	204	994	192	18	223	522	427	237	41	124	471	187	86	9
MSTRG.297	1045	2288	2158	2045	2981	591	3083	672	2938	5519	80	2611	777	2823	2858
MSTRG.2970	3629	2964	602	3074	295	6515	3544	825	1506	32	701	3065	363	2363	140
MSTRG.2971	911	601	135	1073	142	807	472	21	589	113	524	610	120	93	193
MSTRG.2972	158	462	50	936	181	290	360	69	522	131	135	274	85	390	136
MSTRG.2973	1578	782	486	2091	61	942	349	471	3923	86	912	503	552	1640	97
MSTRG.2974	1419	346	10493	14	12608	765	875	6726	2	6790	675	691	9801	0	13055
MSTRG.2975	488	29938	12027	1398	175	309	8909	14890	1027	647	552	17029	19826	560	353
MSTRG.2976	3219	98	998	13	5763	2061	251	424	79	7827	1745	132	1289	56	6999
MSTRG.2977	1470	35	547	293	2320	1226	17	697	426	2652	823	12	879	543	2009
MSTRG.2978	643	488	443	253	0	984	481	312	505	0	198	575	569	188	0
MSTRG.2979	111	387	636	536	278	71	1121	493	553	134	11	692	1021	469	265
MSTRG.298	6480	221	3949	89	1889	5988	1430	4161	221	3362	6271	403	1871	176	1879
MSTRG.2980	5380	4393	19	252	20	5259	29993	56	1578	3	1412	8118	44	247	5
MSTRG.2981	2279	2037	548	75	122	1727	12535	360	210	123	4800	4079	468	54	32
MSTRG.2982	2242	2	143	56	1881	1891	1	23	148	2623	2018	18	101	106	681
MSTRG.2983	278	826	14203	1415	845	258	4514	13682	2348	1248	85	1766	8634	1803	808
MSTRG.2984	7746	3342	79	548	350	7805	23486	2419	448	805	2025	6239	45	537	561
MSTRG.2985	788	0	68	1610	1312	1312	0	218	386	1123	158	0	39	1286	1198
MSTRG.2986	3736	146	19	996	1020	3692	86	6	1695	798	1025	78	3	1669	516
MSTRG.2987	1269	58	822	783	305	512	400	1131	695	250	1607	74	739	907	103
MSTRG.2988	622	0	3344	89	1188	694	0	705	108	797	69	0	4088	99	1392
MSTRG.2989	204	1015	1941	843	674	217	6460	1578	929	105	56	1924	1975	2079	292
MSTRG.299	6461	1187	49	3234	106	5242	7410	124	2343	93	5687	2232	12	2750	859
MSTRG.2990	155	1657	5126	9186	186	122	10725	7900	7325	105	26	3194	3235	6406	73
MSTRG.2991	3	64	1508	1582	228	31	112	2209	490	28	0	16	2354	1276	157
MSTRG.2992	166	153	3342	0	178	148	199	4757	60	250	39	12	3625	0	172
MSTRG.2993	898	436	164	555	21	693	2860	38	301	27	603	966	97	830	46
MSTRG.2994	21	459	45	4210	0	166	1256	135	2498	0	180	428	57	1736	0
MSTRG.2995	24	18	4976	805	8	106	45	4262	2113	0	128	46	4264	1091	16
MSTRG.2996	960	530	4441	182	459	1067	663	3763	69	19	1172	763	6313	1287	694
MSTRG.2997	3	16246	11	4209	10179	193	10105	117	4269	4449	84	10923	9	2832	3369
MSTRG.2998	2660	3755	78	165	3983	3675	11261	64	99	1833	3062	6949	113	562	3959
MSTRG.2999	520	3672	7803	1674	215	682	5368	3523	808	537	320	3367	10812	267	405
MSTRG.3	503	972	16	8	812	187	6535	517	274	589	5231	1869	50	21	6263
MSTRG.30	0	0	4	165	253	0	0	60	541	465	0	0	33	359	140
MSTRG.300	485	4206	135	3737	560	282	26292	228	3159	407	266	6434	41	2433	3963
MSTRG.3000	361	1029	114	1093	6586	169	698	740	2	4412	220	1232	561	456	5821
MSTRG.3001	1020	1115	7765	2	6359	475	666	8535	0	7144	467	858	12510	0	5069
MSTRG.3002	480	1259	3252	2110	1656	607	920	2608	3376	2745	555	1157	1328	2390	2030
MSTRG.3003	32783	304	0	478	170	10844	294	0	912	647	16494	629	0	1688	269
MSTRG.3004	153	337	446	18	142	140	556	104	27	298	128	185	198	48	245
MSTRG.3005	11	121	58	3448	47	7	154	153	3287	65	28	10	74	2548	131
MSTRG.3006	585	18529	2314	8025	182	417	17991	3727	4806	236	506	9125	985	5336	208
MSTRG.3007	18	1	0	397	1303	17	3	30	743	3531	22	1	0	570	770
MSTRG.3008	21196	59	1045	339	790	21083	2903	1271	379	1367	5226	23	1057	436	1218
MSTRG.3009	2565	19	564	0	527	3777	113	393	0	505	541	21	538	0	319
MSTRG.301	2766	0	1069	952	1943	3460	1377	338	1026	1312	1903	862	302	725	14257
MSTRG.3010	11479	12	2296	223	292	11333	4	1716	1393	220	3071	3	2215	582	364
MSTRG.3011	0	54	2853	1826	27	0	109	1749	717	18	0	136	2336	680	14
MSTRG.3012	8812	1	318	13429	1975	8622	0	0	11252	2367	2209	25	74	9407	10384
MSTRG.3013	257	653	17	5379	3102	311	1124	25	4059	4655	63	763	0	2997	3951
MSTRG.3014	0	1677	116	2038	1878	0	1114	88	2257	1047	0	2749	110	1295	1752
MSTRG.3015	330	2093	279	1014	990	87	1185	16	345	850	11	2805	284	446	1140
MSTRG.3016	1477	1675	68	505	1183	1544	1926	44	602	810	345	1444	99	594	818
MSTRG.3017	452	3739	102	243	287	680	8919	70	817	240	242	3627	43	457	80
MSTRG.3018	4	1710	0	21	163	12	2026	0	93	780	50	3048	0	49	673
MSTRG.3019	717	4460	174	1814	87	683	3799	13	2733	24	696	4868	80	2465	72
MSTRG.302	781	4579	4833	3813	2409	734	25565	5713	2511	1643	207	8758	7709	2913	15539
MSTRG.3020	14791	46	668	427	842	12374	111	10	1277	1275	8654	83	530	862	556
MSTRG.3021	4301	9651	54	1064	5235	11723	9314	1	1236	4599	5291	9277	5	921	3481
MSTRG.3022	4034	16783	11360	684	6010	2824	17842	262	339	6454	1964	13202	4984	534	5244
MSTRG.3023	143	8	3817	866	1965	130	7	5173	543	3225	317	6	8214	555	1399
MSTRG.3024	846	41	413	923	195	511	115	749	1152	212	861	14	539	688	259
MSTRG.3025	878	1	1	161	3783	608	1	2	131	1466	663	1	3	468	1894
MSTRG.3026	921	17	1	59	267	550	1	0	141	641	809	123	8	159	225
MSTRG.3027	32	1	8720	86	530	2	1	4515	37	481	8	1	5802	29	368
MSTRG.3028	452	5383	6920	15	512	440	6338	5572	45	778	104	5913	6644	20	753
MSTRG.3029	221	201	1905	62	1242	80	753	2308	21	1762	14	415	2211	20	1020
MSTRG.303	3815	1214	3522	1229	505	3763	7952	5227	965	324	932	2271	3896	292	4274
MSTRG.3030	29364	9770	171	636	1010	19041	9829	565	55	2981	9954	11506	248	477	1255
MSTRG.3031	93	3468	205	3	609	2368	2860	533	107	1671	14	1781	295	21	1259
MSTRG.3032	221	323	348	241	354	482	51	397	87	481	234	244	381	237	443
MSTRG.3033	67	34	3074	874	1177	51	39	7115	616	2623	4	32	903	875	1329
MSTRG.3034	940	188	1077	127	8	1044	82	1268	271	176	325	113	1467	193	0
MSTRG.3035	2081	56	592	443	657	1051	118	308	571	714	3937	25	437	543	789
MSTRG.3036	4392	3462	164	723	9	714	1813	172	966	31	1339	1640	187	886	55
MSTRG.3037	449	2	62	0	248	176	19	5	0	420	509	25	61	0	258
MSTRG.3038	1696	924	79	23	434	1602	1089	34	30	2078	655	961	154	37	562
MSTRG.3039	4532	692	2473	597	2652	5007	738	631	659	1251	1871	680	8721	543	2003
MSTRG.304	13904	2611	398	288	1127	11867	17824	156	570	820	2442	5394	697	153	10691
MSTRG.3040	2282	873	4081	260	1379	1970	1532	8696	349	1474	2126	1194	5062	347	947
MSTRG.3041	5209	764	1284	0	861	4591	499	54	0	577	4641	557	2600	0	681
MSTRG.3042	46	1017	2661	4972	88	16	1817	845	10487	149	113	1556	2215	5299	177
MSTRG.3043	148	893	1999	6985	356	70	184	720	14124	693	7	296	1656	8497	333
MSTRG.3044	20655	184	412	1870	441	14918	172	270	1397	724	34743	82	99	855	878
MSTRG.3045	7471	369	168	4594	0	9375	28	123	1900	194	10961	249	404	582	0
MSTRG.3046	7	57	904	10485	237	30	36	2564	5635	155	0	62	809	1326	272
MSTRG.3047	6	18	6180	238	38	31	52	1970	187	0	0	44	4587	79	0
MSTRG.3048	43	28	5990	105	129	165	24	5573	9	174	25	29	5130	92	104
MSTRG.3049	84	0	2256	489	3289	91	0	3460	304	5493	47	0	2087	444	2559
MSTRG.305	186	472	2119	850	816	1769	1947	2676	1213	274	1387	681	2064	727	1142
MSTRG.3050	6595	86	217	56	1810	3051	3	191	577	1301	5223	10	354	61	2426
MSTRG.3051	201	8	933	344	1191	835	0	794	131	1155	287	18	830	475	1079
MSTRG.3052	11361	788	3675	4006	534	10467	46	1435	8704	684	10231	360	2013	2274	689
MSTRG.3053	4210	7225	1337	892	643	3172	2268	332	42	649	917	849	1061	6	316
MSTRG.3054	500	44	622	1	246	88	0	389	1	579	714	10	702	2	295
MSTRG.3055	333	5707	2033	1	23	100	1197	1885	110	14	121	4396	2568	146	64
MSTRG.3056	38	460	2386	578	4	118	329	4612	764	1	42	470	2267	1196	19
MSTRG.3057	12050	22	372	535	939	5531	5	567	11	926	6254	11	609	1	598
MSTRG.3058	0	12019	1569	546	5593	27	5422	2928	443	9129	6	5780	1434	616	4304
MSTRG.3059	1249	6842	564	341	193	1449	5974	814	430	176	1216	6182	694	1134	66
MSTRG.306	15330	2292	482	63	61	13570	465	225	3	50	4021	2966	95	28	36
MSTRG.3060	760	2430	853	81768	3241	766	2271	635	26760	2137	614	2700	1295	31642	3033
MSTRG.3061	2112	196	32	9315	844	1583	660	30	8397	970	1178	299	92	5963	129
MSTRG.3062	2056	227	894	212	736	1427	854	3389	524	599	1260	398	1162	715	225
MSTRG.3063	776	528	5794	1	2259	10	373	2155	1	3534	111	437	5024	1	1910
MSTRG.3064	20	2450	1118	65	1136	12	3518	974	91	829	3	758	764	29	826
MSTRG.3065	36	1128	112	22	8	8	1340	227	6	195	2	1665	305	8	122
MSTRG.3066	230	553	495	81	222	135	341	1052	31	166	109	386	659	165	500
MSTRG.3067	398	489	607	49	141	68	366	1461	94	51	189	358	1014	38	36
MSTRG.3068	6568	73	328	2586	157	2157	23	218	5639	76	185	91	360	3058	119
MSTRG.3069	17	60	50	7289	324	28	27	1	9861	374	8	114	3	4696	385
MSTRG.307	3932	150	8883	20	862	3804	72	5480	0	447	1100	74	1877	0	370
MSTRG.3070	0	2956	283	309	14	0	2894	825	843	35	0	13209	158	876	14
MSTRG.3071	774	2762	3447	7377	188	25	10072	3364	7921	86	649	3952	4427	9488	96
MSTRG.3072	8111	488	1516	1139	416	3746	623	846	375	2460	5816	541	1556	709	339
MSTRG.3073	295	2268	762	356	1234	166	4208	336	213	2455	284	2698	1464	563	1532
MSTRG.3074	14	1930	3727	4677	384	9	999	3679	5145	392	27	1092	3329	4598	448
MSTRG.3075	1	239	0	28	1234	1	292	0	40	439	1	84	23	35	1725
MSTRG.3076	8443	104	529	323	806	3662	161	1418	371	1250	4606	80	399	390	1162
MSTRG.3077	8142	85	354	190	712	6423	17	815	680	860	6342	32	409	1844	844
MSTRG.3078	3978	933	46	103	63	2962	1844	53	173	95	4093	962	59	107	125
MSTRG.3079	278	5420	4	3165	790	655	2358	7	3355	452	268	2762	59	2291	614
MSTRG.308	8593	465	8241	1224	15	8550	192	4343	1034	61	2701	429	2140	1148	28
MSTRG.3080	222	5320	5868	5686	8944	370	5705	12736	7594	7656	217	5788	6670	3447	6458
MSTRG.3081	40	2089	214	145	1923	12	2974	196	175	783	15	2354	176	84	711
MSTRG.3082	518	192	6520	6	631	450	223	6864	42	251	403	332	6347	2	785
MSTRG.3083	6244	117	970	7	3152	3106	88	1121	59	2956	699	94	130	64	1398
MSTRG.3084	1742	3933	884	10063	1219	1286	1578	717	9006	1782	1294	1869	526	8583	1102
MSTRG.3085	419	3182	1128	10877	204	306	1036	244	19295	126	247	1984	580	6398	1422
MSTRG.3086	47	821	16	719	3434	29	555	128	304	2894	103	617	79	404	2863
MSTRG.3087	4223	606	446	10	184	2344	653	343	38	178	17997	1314	735	28	253
MSTRG.3088	3956	1697	160	7	1078	6295	1235	55	334	1293	2918	1584	8	149	621
MSTRG.3089	438	956	182	5	882	247	1921	293	6	6	240	1316	211	10	597
MSTRG.309	2331	56	1932	6123	0	309	24	1142	7144	0	1130	30	390	2762	0
MSTRG.3090	1571	1969	732	0	1497	2195	2429	368	0	2509	2134	1058	456	0	1597
MSTRG.3091	2292	283	701	147	386	1213	566	2749	320	1005	817	385	409	147	555
MSTRG.3092	377	1483	36	1882	11	169	3264	299	2137	43	82	1668	49	1302	45
MSTRG.3093	2318	180	1771	573	2550	671	128	2311	651	3871	657	155	2820	620	1895
MSTRG.3094	1183	14	603	1024	6057	1590	116	694	1727	6124	649	185	493	1041	6391
MSTRG.3095	5749	15	1559	2105	436	3559	76	430	5934	703	2459	31	1980	2959	668
MSTRG.3096	6224	1455	908	2086	258	5455	710	1093	972	308	4448	1912	1812	1458	335
MSTRG.3097	2459	34	826	1948	0	2987	57	1346	2413	0	1388	113	727	1644	0
MSTRG.3098	170	665	64	2015	342	261	905	42	1199	680	207	657	102	960	970
MSTRG.3099	4282	377	624	635	1195	1458	480	130	527	625	1471	275	838	236	1593
MSTRG.31	229	209	26	0	1658	355	1509	28	0	2461	391	384	7	0	1185
MSTRG.310	137	118	3894	340	91	78	47	2772	469	73	122	129	909	387	70
MSTRG.3100	5415	2029	9244	3636	10363	1589	2674	8348	4502	10355	3667	2223	8274	4449	6662
MSTRG.3101	1321	4256	2384	251	3514	716	2010	462	345	4091	768	3959	2564	145	2332
MSTRG.3102	622	1207	0	45	1664	768	1907	89	36	2135	1070	1160	0	142	1040
MSTRG.3103	1908	939	690	341	582	1217	958	261	8038	178	1352	918	936	369	291
MSTRG.3104	1403	112	3834	588	612	2145	322	913	811	539	899	179	2406	380	559
MSTRG.3105	2031	687	1401	0	630	2060	857	2539	0	563	551	751	1398	0	533
MSTRG.3106	326	423	242	114	548	408	2169	245	815	471	279	803	1320	274	450
MSTRG.3107	1740	331	2083	33	54	2910	181	1756	10	37	1416	255	2586	3	85
MSTRG.3108	228	51	2121	0	1024	161	95	543	0	2571	120	20	1357	0	1448
MSTRG.3109	9	251	328	91	465	58	441	290	25	1190	73	210	227	34	400
MSTRG.311	573	53	2124	19	2612	205	86	415	5	1944	525	36	3068	12	20359
MSTRG.3110	623	3520	1165	38	1029	857	2569	565	1	1377	647	3943	529	11	1209
MSTRG.3111	1674	1540	1105	22	512	787	1287	2	1546	382	2139	2608	642	17	98
MSTRG.3112	81	2102	2540	19	738	65	2555	2991	35	591	188	2341	2534	81	962
MSTRG.3113	371	833	1016	198	781	379	604	1818	1128	1128	196	460	1626	137	850
MSTRG.3114	10239	495	15	529	106	4482	654	81	463	146	7908	565	47	530	294
MSTRG.3115	5789	35	2992	1084	85	3145	11	2325	1789	110	4939	50	2441	3690	138
MSTRG.3116	1369	806	3782	10201	60	776	1392	1578	2444	44	794	799	4993	2259	105
MSTRG.3117	204	6661	467	1542	960	233	6566	681	2557	82	147	7551	865	1697	962
MSTRG.3118	539	191	353	23	148	1477	165	503	10	142	473	169	385	19	250
MSTRG.3119	377	4666	0	797	501	172	8285	0	422	457	242	5354	0	392	894
MSTRG.312	33	0	106	1324	113	8	0	185	638	157	20	0	58	974	1641
MSTRG.3120	50	878	378	57	134	89	1126	530	2675	228	11	224	1272	283	155
MSTRG.3121	623	884	12083	277	577	744	766	8426	282	399	214	591	13425	292	4297
MSTRG.3122	4557	1147	4167	2257	919	3586	1012	2078	1264	561	3641	583	3697	649	6999
MSTRG.3123	2166	26	2148	1074	0	1257	127	1673	1000	0	2855	123	1530	257	0
MSTRG.3124	3448	505	392	792	19	2230	475	215	277	15	2136	700	650	572	216
MSTRG.3125	945	309	885	2144	271	773	357	678	2472	57	774	321	657	897	136
MSTRG.3126	851	438	807	513	935	973	514	1505	243	675	528	452	691	344	6881
MSTRG.3127	868	472	826	1	0	740	148	522	10	0	540	236	650	1	0
MSTRG.3128	46	1639	67	6561	4784	16	1705	82	4267	6262	35	709	96	5109	4427
MSTRG.3129	6622	2358	921	471	3518	9498	3660	1390	27	11264	6420	3225	1140	757	4401
MSTRG.313	47	151	956	7399	2648	30	71	887	2084	2649	64	119	538	7620	3271
MSTRG.3130	172	565	560	364	1369	159	572	3835	5	1335	144	613	1075	76	830
MSTRG.3131	6917	1775	651	605	3958	7275	808	2671	614	12080	5107	1910	1329	730	2307
MSTRG.3132	1117	960	1011	67	2798	1009	1429	1331	0	5923	127	1574	1019	29	1955
MSTRG.3133	1412	899	1006	285	140	796	1202	199	252	136	513	1066	375	245	72
MSTRG.3134	1013	8995	637	160	49	807	7955	354	107	25	600	8012	946	46	38
MSTRG.3135	51	1657	682	1338	79	393	456	882	4223	205	109	1256	1084	2397	116
MSTRG.3136	384	0	192	9230	306	260	111	213	10922	86	520	0	411	9588	410
MSTRG.3137	17	0	189	1516	2883	12	100	266	810	3967	5	4	355	1080	2341
MSTRG.3138	343	382	127	838	14	168	286	40	766	1	79	854	120	356	5
MSTRG.3139	527	3416	39	571	455	377	2280	17	305	22	468	1744	37	72	4
MSTRG.314	33	5759	41	32917	3205	25	37501	11	6477	4335	56	10412	42	20572	2503
MSTRG.3140	175	865	1497	3395	5	169	3283	111	7690	76	91	937	1061	5577	83
MSTRG.3141	1427	158	259	260	0	2279	304	267	240	0	550	1398	293	270	0
MSTRG.3142	2415	2487	846	110	295	130	2227	272	0	630	61	2646	894	0	1246
MSTRG.3143	2124	1259	99	0	0	2430	1181	107	0	24	2422	796	127	0	12
MSTRG.3144	601	326	81	1550	493	743	141	81	5328	8	409	662	63	2821	0
MSTRG.3145	2442	945	2092	439	502	810	793	1301	1259	403	2126	482	436	217	553
MSTRG.3146	891	823	3365	221	355	1200	33	2075	393	485	1299	341	602	359	993
MSTRG.3147	239	56	0	1114	11581	82	37	0	2320	11404	115	30	0	777	9029
MSTRG.3148	797	2986	109	1178	15042	868	3647	71	4431	32053	741	2844	31	2009	11726
MSTRG.3149	159	2152	305	1	7	71	1902	131	3	5	60	2058	248	27	13
MSTRG.315	0	69	34	2602	857	0	167	13	1531	716	0	196	67	9919	769
MSTRG.3150	14881	22951	3276	37	89	8754	26873	1992	2	53	7944	14470	710	37	55
MSTRG.3151	1748	25101	0	84	1	637	13440	0	366	1	655	16866	0	26	1
MSTRG.3152	0	64	5966	1300	45	66	5	8593	1295	5	0	53	8144	656	90
MSTRG.3153	720	8	5334	513	1	223	5	10974	384	1	581	12	6375	380	2
MSTRG.3154	4703	1683	1785	14111	85	2440	1452	1074	6432	55	1192	742	1216	10650	34
MSTRG.3155	1160	1	10072	1589	2858	2041	1	1064	1784	3844	690	1	4209	903	1466
MSTRG.3156	204	5903	439	2363	10360	182	2388	21	429	13845	876	4954	243	278	9968
MSTRG.3157	4077	172	184	3959	4083	2820	251	87	85	5111	2186	10	128	445	4200
MSTRG.3158	1059	246	94	216	910	221	198	35	509	559	1516	303	64	131	720
MSTRG.3159	1460	799	135	2480	228	1141	643	491	1805	233	424	1158	149	1960	433
MSTRG.316	148	360	0	317	2454	74	1870	0	90	3163	68	814	0	177	2044
MSTRG.3160	982	190	484	1392	7799	30	413	94	756	14038	477	379	416	1634	7986
MSTRG.3161	3062	360	3447	665	18	3302	816	3506	669	32	2478	527	3448	659	9
MSTRG.3162	1603	314	808	642	415	2397	26	194	1067	462	1985	140	5	939	375
MSTRG.3163	41	58	2	2	60	61	213	9	33	309	31	201	21	11	59
MSTRG.3164	3804	53	0	485	129	2081	30	0	854	154	2196	80	0	305	220
MSTRG.3165	3665	99	367	142	130	2346	30	592	263	185	3205	139	1717	315	63
MSTRG.3166	448	114	698	1520	2464	606	49	12	767	3201	474	42	1	945	1730
MSTRG.3167	634	76	477	4877	77	798	61	523	1669	133	432	27	1329	1784	115
MSTRG.3168	0	11	10312	617	83	0	51	7597	383	406	0	10	11954	316	74
MSTRG.3169	179	708	9163	24	1759	1387	546	6695	97	2278	1479	709	6218	8	1546
MSTRG.317	0	1702	125	163	464	0	1371	87	209	639	0	2925	110	237	314
MSTRG.3170	936	685	635	11814	512	875	44	400	20886	642	822	97	556	6456	679
MSTRG.3171	12106	163	94	720	941	8987	283	258	1572	1381	10815	165	42	395	1018
MSTRG.3172	4173	45	9	0	0	3506	47	27	42	1	3544	47	20	0	1
MSTRG.3173	2758	8761	171	125	2709	1732	8800	30	186	4654	1444	10475	30	204	2669
MSTRG.3174	146	3683	11	1535	1731	89	3562	132	917	942	54	3775	133	1002	1802
MSTRG.3175	229	366	12	7517	1561	181	864	0	5631	2275	485	649	110	4474	1229
MSTRG.3176	1075	467	5	640	1636	853	387	9	960	928	646	562	7	560	751
MSTRG.3177	880	0	77	101	516	967	0	57	22	856	347	0	30	171	219
MSTRG.3178	885	89	3950	45	3062	502	1149	3478	3	5921	675	1085	4623	9	2917
MSTRG.3179	78	954	15251	643	233	87	1141	10353	430	208	85	1779	16224	552	177
MSTRG.318	24	3495	9070	158	42	40	4177	6236	93	25	12	3338	2157	200	40
MSTRG.3180	1106	9153	86	363	43	1027	7888	3	513	46	834	11310	21	243	79
MSTRG.3181	2185	4223	1	2630	535	3187	3214	2	1326	4090	1802	3527	1	4268	205
MSTRG.3182	707	1980	75	13729	338	1173	1767	265	19019	498	384	1410	111	9509	257
MSTRG.3183	1461	176	120	77	714	1462	86	41	168	1768	1058	47	5	694	2736
MSTRG.3184	843	266	6838	32	7172	394	145	11435	7	3112	247	614	10123	52	5410
MSTRG.3185	634	818	979	31	1621	386	981	427	36	2225	485	863	774	42	2027
MSTRG.3186	701	820	363	386	36	742	1496	172	378	16	544	1061	417	724	12
MSTRG.3187	244	801	4229	34	597	177	517	8146	8	432	320	720	6201	5	566
MSTRG.3188	115	79	26	55	167	145	165	46	30	3236	150	74	18	113	249
MSTRG.3189	107	2155	518	0	215	60	3162	814	0	258	184	3430	356	0	273
MSTRG.319	18903	773	426	327	211	18781	864	271	593	507	5031	735	114	314	181
MSTRG.3190	27	983	127	705	2958	36	1401	1611	1454	600	67	1762	226	816	304
MSTRG.3191	30	1126	333	3	763	59	1685	173	2	829	45	1084	455	23	273
MSTRG.3192	569	1471	83	14	118	104	565	96	9	466	37	662	84	193	14
MSTRG.3193	42	646	2567	1324	46	64	488	3327	1326	12	6	710	2440	823	4
MSTRG.3194	7	599	4898	2208	698	106	708	4432	3259	376	33	757	3222	1182	708
MSTRG.3195	191	205	471	8109	1890	148	126	566	1375	2640	228	381	1059	2538	949
MSTRG.3196	1423	510	2	898	815	767	214	42	346	400	905	516	21	387	666
MSTRG.3197	152	375	96	494	21	158	211	67	572	0	26	442	134	436	2
MSTRG.3198	6599	83	43	4448	4824	6807	38	240	9312	3932	1684	102	70	2094	5334
MSTRG.3199	0	749	0	1214	539	0	77	0	1232	679	0	392	0	578	663
MSTRG.32	192	241	205	168	395	0	538	1112	387	491	494	525	385	314	223
MSTRG.320	1124	2654	2320	601	667	1020	2199	1229	282	1151	399	3159	4283	607	481
MSTRG.3200	0	5	74	261	48	0	137	298	11	0	0	29	94	10	51
MSTRG.3201	0	241	1951	1560	233	0	169	2123	1380	162	0	229	1623	1084	203
MSTRG.3202	8392	1126	556	749	61	7505	542	823	240	71	6236	1080	871	533	40
MSTRG.3203	9148	209	1109	668	1552	10037	145	1399	593	3468	6457	310	1312	338	2079
MSTRG.3204	1869	91	3848	93	8161	1260	137	6667	43	11324	800	54	3705	78	13140
MSTRG.3205	7902	1202	2041	0	0	4681	8500	768	0	1	210	2293	1909	0	72
MSTRG.3206	2594	2297	2003	3472	6	1552	14103	2613	19134	1216	256	3731	2075	1342	218
MSTRG.3207	1	0	1909	1381	0	32	0	971	629	0	0	0	1163	771	0
MSTRG.3208	236	47	439	25	0	181	384	481	39	0	146	148	443	45	0
MSTRG.3209	330	3	3896	2910	135	76	63	3389	658	70	92	3	3071	1809	145
MSTRG.321	2741	111	4766	2875	64	1579	29	4372	709	4	2688	54	4424	774	0
MSTRG.3210	195	388	311	6698	20	290	67	268	2747	64	22	266	283	3009	58
MSTRG.3211	302	1159	631	188	25	129	7489	7754	928	1135	548	2259	235	436	74
MSTRG.3212	1078	730	640	9	20	54	5112	955	4	14	35	1331	285	138	79
MSTRG.3213	0	0	10417	176	202	1	0	4900	392	1061	26	0	8132	469	98
MSTRG.3214	1	7065	2127	4472	473	98	9791	2631	4345	531	211	7672	2988	3113	525
MSTRG.3215	90	6908	61	1285	465	82	7279	25	3670	470	71	9084	19	1114	426
MSTRG.3216	0	1317	718	47	5338	0	1404	427	12	20478	13	1145	594	11	7522
MSTRG.3217	313	7974	71	98	15	484	3001	4221	55	108	721	3135	303	39	39
MSTRG.3218	0	2474	300	3824	830	45	426	681	11847	1528	9	669	304	2574	717
MSTRG.3219	644	55	4299	956	192	10	23	45	1121	131	1	43	2642	2434	1412
MSTRG.322	4747	139	1842	2140	0	3342	233	2714	8330	0	3306	188	2920	662	0
MSTRG.3220	567	275	1512	206	1177	591	124	922	80	615	1113	105	316	204	1546
MSTRG.3221	24823	125	627	4810	3907	22530	57	492	1693	7983	11208	86	807	2904	4908
MSTRG.3222	28124	196	2365	1151	454	15744	278	1707	1653	374	20898	268	1323	1619	55
MSTRG.3223	97	50	119	0	153	2	75	152	0	254	2	79	55	48	304
MSTRG.3224	103	45	1458	7251	0	3	320	337	12087	0	31	105	651	3902	0
MSTRG.3225	150	328	6444	20410	0	121	210	5696	18410	0	44	448	6948	13133	0
MSTRG.3226	11	634	468	610	1164	6	138	13	748	6343	5	19	844	495	2443
MSTRG.3227	3844	1	607	4029	392	1799	121	900	3622	1258	985	178	998	5252	244
MSTRG.3228	792	103	73	467	177	327	77	0	694	367	198	107	57	814	418
MSTRG.3229	1	274	342	0	966	1	689	77	0	1532	1	1139	375	0	706
MSTRG.323	864	948	699	2791	1018	719	795	315	901	1387	629	818	210	725	899
MSTRG.3230	5174	0	118	53	629	2838	40	15	4	2931	5137	12	42	69	1309
MSTRG.3231	193	446	2510	172	193	224	14	4861	16	418	7	1	2834	116	311
MSTRG.3232	303	526	8113	975	118	220	670	8992	874	275	369	1415	10158	449	365
MSTRG.3233	1446	106	0	153	66	688	148	0	21	31	1621	9	0	132	140
MSTRG.3234	238	2514	172	28	86	413	1667	1320	2	129	332	4591	134	49	36
MSTRG.3235	509	19386	31	278	741	654	16993	1	47	1046	369	13906	2	79	725
MSTRG.3236	70	27	0	740	477	200	20	0	41	464	179	34	0	223	400
MSTRG.3237	6	79	112	221	9642	13	120	84	230	12253	76	82	176	250	14158
MSTRG.3238	63	5939	107	643	1282	66	8262	85	487	1198	216	7422	90	779	932
MSTRG.3239	33	757	23	871	1131	77	605	7	572	641	17	656	23	840	700
MSTRG.324	2795	59	203	31	6588	1903	0	306	5	7855	1503	31	267	33	4108
MSTRG.3240	1206	420	9	1832	4150	470	102	2264	114	71	413	459	5	113	1171
MSTRG.3241	232	5228	38	2735	247	205	6823	72	1732	431	155	6765	30	2457	213
MSTRG.3242	117	28	190	890	1773	72	24	1889	628	1561	40	28	161	481	1784
MSTRG.3243	3447	420	499	206	1189	2565	752	342	167	672	2143	438	859	127	2008
MSTRG.3244	20639	514	385	347	263	12952	491	351	283	523	10869	1000	452	441	305
MSTRG.3245	2	616	26	0	377	4	419	81	0	724	2	829	22	0	479
MSTRG.3246	26	130	10112	0	24	45	106	15447	0	68	35	132	5244	0	70
MSTRG.3247	141	2732	1199	566	369	128	2393	3795	502	433	63	2199	643	388	317
MSTRG.3248	153	5561	82	164	153	31	5205	1	169	264	4	4051	3	58	198
MSTRG.3249	3765	159	657	483	977	6806	97	470	163	603	4714	41	120	579	469
MSTRG.325	631	0	722	4040	270	426	0	596	7982	476	73	0	790	3553	407
MSTRG.3250	1140	7	1567	49539	3286	494	55	1209	16261	1847	572	76	2390	6397	2500
MSTRG.3251	388	0	5244	0	1126	270	0	11718	0	1100	460	0	8107	0	1140
MSTRG.3252	11045	122	716	150	10068	3875	586	560	87	10219	10637	97	82	3	9293
MSTRG.3253	546	1951	293	2328	55	615	2384	274	756	20	469	1323	288	1125	231
MSTRG.3254	1919	459	0	515	17	600	871	0	1139	1	2418	792	0	701	2
MSTRG.3255	407	1346	0	693	439	279	1328	0	335	476	793	1267	0	694	684
MSTRG.3256	3250	1	1516	2645	268	2462	1	4117	1948	333	1948	1	3778	1969	411
MSTRG.3257	6844	4332	592	1338	4770	5403	7418	944	789	7022	3242	3528	775	523	3654
MSTRG.3258	0	1730	2718	3064	56	26	1184	4576	1155	560	12	2160	3019	3107	448
MSTRG.3259	26	2382	1	288	9	118	2788	4	672	220	20	2758	9	298	31
MSTRG.326	61	1012	84	15681	0	18	1259	22	6659	1	11	1003	51	5630	1
MSTRG.3260	67	1554	75	0	371	135	1253	120	0	414	49	943	45	0	691
MSTRG.3261	0	35	719	862	49	0	76	759	881	55	0	119	693	706	20
MSTRG.3262	151	761	573	1	967	690	501	806	0	860	89	258	468	50	667
MSTRG.3263	2259	4354	12097	986	1878	2143	5190	12039	2789	1601	1197	3570	14998	1724	2215
MSTRG.3264	717	263	1366	12	99	730	297	645	1	185	707	228	1202	28	102
MSTRG.3265	1214	123	1325	226	32	1412	89	96	95	894	874	207	468	136	41
MSTRG.3266	4884	542	3404	29	2904	6772	9731	8	46	8043	2352	925	1084	25	2861
MSTRG.3267	2166	656	327	12	0	906	242	428	3	0	2380	301	156	66	0
MSTRG.3268	1994	485	2515	50	726	2288	529	1502	2	1383	2225	301	2996	29	674
MSTRG.3269	2445	1221	85	9141	31	1204	2923	90	9733	49	820	5217	97	13150	70
MSTRG.327	220	5820	0	777	1241	199	6932	0	714	880	97	3139	0	666	1277
MSTRG.3270	33	3140	1491	98	26	147	2741	714	172	3	92	1690	2432	93	237
MSTRG.3271	551	1932	27	863	1491	497	1875	167	1010	1439	171	2572	53	781	956
MSTRG.3272	3595	44	785	1283	2109	5254	20	538	1612	1824	2442	29	851	1305	1662
MSTRG.3273	370	883	658	5722	10	296	460	1315	6315	64	189	708	1003	4635	110
MSTRG.3274	95	59	67	1661	11974	80	4275	125	881	8746	156	588	61	980	9758
MSTRG.3275	1851	314	468	2346	172	13033	697	909	1615	432	225	385	456	1862	49
MSTRG.3276	939	1584	279	1261	381	728	1995	358	1447	598	343	54	307	920	279
MSTRG.3277	55042	1334	1206	102	139	15777	2083	749	23	215	26364	342	666	220	75
MSTRG.3278	9889	1480	57	186	226	8402	346	1	183	490	7471	543	0	60	425
MSTRG.3279	1	750	3336	963	3914	1	526	639	442	10421	1	757	3220	571	1941
MSTRG.328	1046	315	1265	228	4253	858	432	1367	3084	3833	626	392	1122	684	10778
MSTRG.3280	1	1759	1319	53544	1367	1	2641	884	12546	1053	1	1018	1859	1094	1040
MSTRG.3281	330	1454	5177	0	333	962	632	3405	0	5	752	688	7415	0	10
MSTRG.3282	1	25	728	424	1390	1	0	799	399	1813	1	1	918	59	1104
MSTRG.3283	2	5771	116	2775	388	1	4920	25	3040	386	2	6236	435	128	644
MSTRG.3284	51	475	2046	4565	705	2	70	1185	4362	386	0	751	1414	3365	448
MSTRG.3285	70	0	215	843	54	100	13	1	978	42	9	1	106	243	88
MSTRG.3286	60	11	899	105	0	30	1	592	242	0	70	33	1134	38	0
MSTRG.3287	145	650	247	627	1687	33	948	626	1394	14908	31	1058	435	593	2722
MSTRG.3288	1613	105	11376	1124	1177	2323	0	15818	2433	793	3852	46	12727	2036	834
MSTRG.3289	6688	458	50	2805	2031	2297	396	24	5913	2115	1183	503	180	1941	1008
MSTRG.329	0	11	7032	345	22127	0	7	7138	106	11003	0	17	3308	235	29620
MSTRG.3290	3106	195	4	1957	6002	2377	83	7	1999	2117	4089	95	32	1014	4251
MSTRG.3291	67	1952	553	11	381	25	5903	456	0	214	30	2059	879	0	467
MSTRG.3292	896	7058	248	417	83	591	10665	136	560	244	519	9954	241	347	346
MSTRG.3293	44	0	265	6089	3623	4304	0	156	6477	4831	172	0	75	3434	2819
MSTRG.3294	297	324	1	4971	996	493	2366	55	4370	3363	167	357	1	2586	613
MSTRG.3295	2946	5	0	1042	191	1758	54	4	2490	120	18	6	3	980	109
MSTRG.3296	1225	0	685	747	36	921	0	1435	815	70	299	0	1140	887	71
MSTRG.3297	330	198	2	803	4311	825	61	10	688	7616	11	185	46	1274	2692
MSTRG.3298	687	38	30	2445	835	495	80	20	1353	1389	475	110	182	794	986
MSTRG.3299	2638	13	1561	699	22	2164	65	1375	2653	18	802	17	1874	510	86
MSTRG.33	1053	662	1946	0	0	172	382	2450	0	0	72	637	2006	0	0
MSTRG.330	1403	16	1	89	2196	1210	4	8	237	2291	684	5	2	179	4235
MSTRG.3300	1587	18	2836	36852	104	680	977	908	9135	111	684	69	2128	13880	90
MSTRG.3301	7074	31	184	0	3489	3888	77	175	0	2314	4461	61	604	0	2495
MSTRG.3302	6	201	15	164	6776	19	1064	53	224	8908	8	196	166	204	3555
MSTRG.3303	822	579	29078	917	9524	897	461	4203	2146	23684	961	505	28863	1524	3269
MSTRG.3304	117	596	392	17	589	0	535	521	53	748	110	370	634	0	457
MSTRG.3305	81	7893	3925	835	2988	0	16015	4735	3661	2769	99	6006	3564	1139	5504
MSTRG.3306	74	1180	0	13765	482	17	3068	0	8035	552	0	404	1	8031	918
MSTRG.3307	621	414	1583	2761	0	383	3058	89	1298	0	646	875	2999	4216	0
MSTRG.3308	169	1268	244	553	27	37	864	6	1024	18	14	1442	8	536	125
MSTRG.3309	2798	350	1840	1068	953	3941	389	1774	653	687	1330	210	1565	1683	593
MSTRG.331	7672	996	299	4352	85	6362	990	407	1831	18	2547	1172	430	2187	89
MSTRG.3310	8535	568	505	346	80	10323	534	102	72	48	9218	61	576	253	162
MSTRG.3311	780	7300	1029	277	37	331	5474	134	189	5	508	6550	374	768	58
MSTRG.3312	7	90	40	134	57	4	90	34	64	57	91	60	168	69	28
MSTRG.3313	267	168	0	94	481	2190	248	0	81	110	112	202	0	91	227
MSTRG.3314	7	0	2544	1212	129	28	0	11801	57	2	4	0	2960	580	76
MSTRG.3315	0	19	1223	304	155	0	9	800	120	383	0	12	1089	104	204
MSTRG.3316	193	2363	1	231	447	84	3650	232	73	651	139	4035	0	147	643
MSTRG.3317	41	491	2212	283	1896	188	1258	1068	60	1091	81	789	3536	172	849
MSTRG.3318	115	109	6817	768	2357	1152	84	981	389	1903	54	60	5459	1039	3886
MSTRG.3319	35	1138	677	30	472	56	1523	399	23	1016	81	1043	556	54	551
MSTRG.332	379	11214	1	167	7	467	7176	1	135	6	301	17459	1	2	16
MSTRG.3320	410	1601	7	60	1574	1246	4430	3	77	1148	108	1894	174	92	12643
MSTRG.3321	1366	16	165	6979	0	644	96	309	3902	0	1041	28	565	8215	34
MSTRG.3322	5218	110	3966	4180	0	6491	139	3275	9699	0	5892	47	4015	1813	36
MSTRG.3323	660	891	1262	2947	6834	529	876	3722	1113	8833	72	721	648	838	5694
MSTRG.3324	377	539	233	28	6819	227	580	23	38	7993	271	503	163	22	4476
MSTRG.3325	0	16127	4129	112	535	0	12532	6138	26	279	0	23113	4817	9	490
MSTRG.3326	0	1222	1148	16	45	0	892	1237	124	137	0	951	1950	69	16
MSTRG.3327	1777	761	3930	0	38	4179	388	1258	0	63	2232	303	3305	0	29
MSTRG.3328	485	1266	9076	54	87	977	81	13586	50	100	673	235	4269	64	165
MSTRG.3329	1069	267	11589	1624	1	1233	655	21876	1856	1	606	229	6266	1353	3
MSTRG.333	124	29182	0	1362	202	89	14371	3	356	85	170	40866	0	343	211
MSTRG.3330	2297	3680	652	2748	65807	3392	1634	750	3048	23190	1118	3296	626	2772	67233
MSTRG.3331	157	55	4109	391	6317	94	23	3708	395	8819	18	13	6965	665	5664
MSTRG.3332	1345	1237	630	739	171	1062	846	1088	1233	747	511	2040	1039	841	644
MSTRG.3333	592	794	0	614	1	532	763	0	720	1	354	932	0	270	1
MSTRG.3334	27031	846	1069	2929	1	14767	1222	782	6443	1	26572	1061	701	2168	1
MSTRG.3335	1829	40	127	1830	87	753	87	32	3243	172	788	64	143	1612	98
MSTRG.3336	604	469	52	52	44	268	860	4	78	28	60	602	61	78	55
MSTRG.3337	1257	453	216	5150	53	84	303	42	10122	78	33	417	69	4726	76
MSTRG.3338	306	969	368	9385	532	592	599	48	7760	575	67	1131	398	4533	337
MSTRG.3339	3988	109	86	397	0	2343	0	5	17	0	3711	0	121	415	0
MSTRG.334	11961	6869	12	19	127	5400	4337	29	8	162	13565	17991	17	24	197
MSTRG.3340	1871	2934	195	2586	0	717	1242	318	299	0	1976	3079	246	582	0
MSTRG.3341	45	902	63	86	417	132	1127	98	370	276	60	1515	51	610	337
MSTRG.3342	621	6528	144	130	127	517	3149	92	171	89	729	5813	121	109	34
MSTRG.3343	960	953	344	1329	27583	1216	680	309	2116	27396	800	869	635	1733	11716
MSTRG.3344	75	427	2493	6798	0	196	91	761	10426	0	155	423	1679	6811	0
MSTRG.3345	739	1409	3224	1347	74	699	1603	1357	1654	70	525	1257	2796	1001	5
MSTRG.3346	326	705	993	1539	1522	309	789	1043	1662	1037	347	782	875	2751	837
MSTRG.3347	1350	234	159	2	612	944	597	102	5	827	844	393	238	160	959
MSTRG.3348	72	3992	5733	24	537	8	5091	3803	0	240	8	4274	1206	0	726
MSTRG.3349	3376	237	0	0	1934	1482	468	0	0	1744	2771	91	87	0	1696
MSTRG.335	36756	2	101	34	147	10673	2	49	15	126	47330	46	93	12	207
MSTRG.3350	1810	40	9649	21	1113	1300	10	23287	53	2085	1537	11	10810	1	541
MSTRG.3351	13687	8	9381	1190	45	6436	74	16023	1538	38	6619	10	9901	845	15
MSTRG.3352	655	514	305	369	2399	120	498	110	198	1395	1304	992	824	176	4405
MSTRG.3353	1071	94	40	615	123	707	66	38	929	46	761	45	125	686	183
MSTRG.3354	475	3459	19	507	23	86	3520	47	391	0	968	2918	62	315	51
MSTRG.3355	96	341	157	142	0	11	249	480	190	6	38	158	683	90	19
MSTRG.3356	961	68	577	5460	5459	494	814	29	3560	10584	924	25	647	2795	9148
MSTRG.3357	312	2476	84	5698	745	581	6002	69	5907	834	371	2071	80	8401	772
MSTRG.3358	483	0	1003	2681	211	330	0	485	2563	495	325	0	1142	1615	274
MSTRG.3359	107	569	112	865	0	131	821	6	578	0	34	1004	182	488	0
MSTRG.336	4692	29	1415	23	272	3425	15	754	71	508	9226	97	1167	12	289
MSTRG.3360	8312	4	1	825	697	15547	2	1	1839	554	4274	66	1	729	795
MSTRG.3361	1388	14	156	182	1	3200	4	3	87	0	615	190	105	770	91
MSTRG.3362	1314	1573	55	303	807	1387	1785	0	407	1465	360	991	302	572	1406
MSTRG.3363	7836	3918	84	148	90	13125	1334	34	96	126	3657	3112	5	39	76
MSTRG.3364	135	124	555	3160	2445	370	225	615	3517	1915	18	353	529	1721	2212
MSTRG.3365	10	11055	0	3	1397	88	10044	0	3	1626	3	8525	0	1	1503
MSTRG.3366	732	1109	0	1	2405	458	1518	0	1	1798	881	802	0	2	2225
MSTRG.3367	15	130	637	97	3422	10	186	277	247	3151	6	45	508	57	2020
MSTRG.3368	653	426	192	362	1699	620	516	121	587	1769	431	650	75	252	2152
MSTRG.3369	2489	3304	494	333	118	2010	4447	162	499	20	1430	2634	514	553	131
MSTRG.337	1	76	6970	3897	543	1	13	2158	4769	164	155	77	15118	7550	641
MSTRG.3370	200	160	412	3462	181	356	244	541	17063	112	73	156	287	6070	68
MSTRG.3371	1	2117	30003	880	830	75	1874	1378	1286	585	1	584	16390	669	542
MSTRG.3372	0	321	0	5099	513	0	10	0	5066	452	0	6	0	3310	418
MSTRG.3373	1224	2106	1691	85	41606	1048	1919	808	286	13082	967	1580	1082	145	857
MSTRG.3374	12	690	671	440	0	13	331	1081	405	0	28	910	1171	456	0
MSTRG.3375	31	338	793	7733	338	4	344	251	3694	305	212	229	781	3232	52
MSTRG.3376	1538	61	2251	874	2371	1247	39	1431	1795	3096	775	76	2190	1012	133
MSTRG.3377	2842	0	1459	181	4044	1642	0	1847	157	3470	2221	0	797	249	3177
MSTRG.3378	211	2213	2832	0	873	253	15970	1048	0	726	288	2740	4446	0	183
MSTRG.3379	149	1396	206	0	76	126	878	452	0	110	44	1057	264	0	29
MSTRG.338	62	270	20000	0	2852	23	52	2613	8	841	76	211	25545	20	1094
MSTRG.3380	1966	90	0	7228	6	1801	81	0	15369	3	838	42	0	12786	34
MSTRG.3381	962	0	885	336	314	1540	95	867	1144	1174	641	11	905	549	1216
MSTRG.3382	870	3989	1	9841	647	611	2298	0	10751	2322	872	3962	125	8489	776
MSTRG.3383	3580	5675	1328	3831	1693	4684	2437	2463	3102	4786	1847	3270	1656	3211	1292
MSTRG.3384	1256	509	361	2249	1591	1065	422	38	3334	2630	51	264	291	2347	655
MSTRG.3385	258	20	21	892	5	20	14	3	1268	1	2	172	20	1133	0
MSTRG.3386	42	327	62	0	294	3	289	20	0	398	0	654	195	0	212
MSTRG.3387	2451	2973	6606	252	3620	1800	3250	7915	364	4630	1590	3179	14071	158	2077
MSTRG.3388	1475	1668	71	3	3548	364	2628	87	31	2614	1617	842	112	5	1768
MSTRG.3389	401	53	281	84	955	272	10	167	98	1536	162	20	65	91	644
MSTRG.339	137	86	4631	33535	411	62	203	2108	24496	3663	67	156	10852	7773	687
MSTRG.3390	99	37	732	0	701	72	74	719	42	713	67	21	576	2	1296
MSTRG.3391	0	4529	314	0	1808	0	7437	518	0	1432	0	3307	170	0	626
MSTRG.3392	6206	1699	1826	5	690	18946	1851	2032	162	2365	1265	2185	2067	14	480
MSTRG.3393	217	83	3492	24	26288	10	42	3543	90	9603	0	188	3737	2	15781
MSTRG.3394	1964	3468	3204	610	4	904	1678	1380	655	28	1236	2513	2407	517	0
MSTRG.3395	29	13956	4739	346	0	0	15874	4221	446	0	4	8039	3012	450	0
MSTRG.3396	6654	18302	2001	1003	121	2378	16136	1723	1316	124	5627	8763	1962	1349	78
MSTRG.3397	5839	904	146	9609	782	2213	1012	40	3830	1745	1171	802	327	35216	1020
MSTRG.3398	823	4626	245	3419	19	550	4193	52	2906	8	489	6687	164	1808	4
MSTRG.3399	24	400	1245	366	784	58	1044	620	107	2360	151	1197	676	295	1139
MSTRG.34	112	22	443	1001	123	6	82	550	1460	155	91	45	557	1379	129
MSTRG.340	179	260	37	1953	1295	150	385	21	1949	806	92	436	624	1519	1028
MSTRG.3400	255	0	47005	59	6314	371	0	6143	58	8231	629	0	1620	261	5138
MSTRG.3401	4052	32	0	2278	2294	3250	39	0	2867	2803	2729	76	0	4041	1981
MSTRG.3402	1627	1250	343	188	416	3078	1067	397	577	788	621	841	62	248	542
MSTRG.3403	776	156	2914	0	938	224	80	4371	0	597	82	129	141	0	1270
MSTRG.3404	5594	37	4555	0	273	7390	21	3807	319	176	2000	13	4815	14	328
MSTRG.3405	1576	106	570	10422	210	1501	27	354	170335	100	1523	54	209	47502	933
MSTRG.3406	116	151	142	247	0	65	63	256	580	0	118	159	33	247	0
MSTRG.3407	4407	56	512	22	78	1483	20	326	3	60	2002	55	992	223	101
MSTRG.3408	11818	370	1312	468	959	12152	434	4263	226	27	3284	294	1512	402	674
MSTRG.3409	0	670	112	2904	206	0	462	171	1669	85	63	751	159	1637	133
MSTRG.341	231	511	182	572	1663	177	1179	84	807	891	412	631	178	852	1717
MSTRG.3410	10999	2784	1872	1514	433	11061	2537	2974	1038	287	4814	3503	1709	251	578
MSTRG.3411	2856	1	2284	64	626	4785	9	1289	46	664	1105	1	1068	63	843
MSTRG.3412	7643	3597	4	101	17	17086	24684	0	16	71	3083	6569	0	12	19
MSTRG.3413	1040	0	409	68	53	874	0	1037	2	60	766	113	511	49	106
MSTRG.3414	4886	17882	4330	32	5672	4187	10015	2845	48	5430	4805	12529	3884	19	11466
MSTRG.3415	674	9170	2937	266	23	698	8592	6612	266	58	1000	5742	4645	356	71
MSTRG.3416	0	482	986	3419	2636	0	334	4102	7370	22367	0	443	1338	1929	3323
MSTRG.3417	57	1	799	2428	3073	49	1	550	3674	1735	83	1	1117	3996	1099
MSTRG.3418	1463	235	1855	5963	381	985	337	3504	3253	3	776	76	3750	1204	19
MSTRG.3419	1312	31	2186	6942	1	11	29	1997	1359	82	97	27	1006	3278	350
MSTRG.342	704	471	26	7598	40	969	338	8	2096	9	422	737	5	4798	46
MSTRG.3420	138	97	795	1	0	73	0	4597	53	0	63	0	465	1	0
MSTRG.3421	253	8	29205	3	52	75	282	1418	3	24	136	159	26949	20	53
MSTRG.3422	338	9	0	818	418	445	10	0	94	359	248	16	0	92	508
MSTRG.3423	221	196	1390	820	81	269	313	948	747	197	304	515	1322	677	46
MSTRG.3424	527	0	159	564	935	289	0	681	559	1848	570	0	406	530	579
MSTRG.3425	3332	0	32	44	3666	1243	0	23	131	6618	994	0	2	14	2760
MSTRG.3426	3632	10	31	1789	264	2157	8	9	2784	363	3672	19	12	1309	610
MSTRG.3427	1432	638	9958	25	692	1390	282	5567	106	1075	1269	375	9312	155	923
MSTRG.3428	214	31591	4411	14266	493	109	10813	955	14446	461	146	6882	2755	7923	192
MSTRG.3429	399	0	592	16047	2129	386	0	977	45044	2946	401	0	443	11985	1148
MSTRG.343	198	2391	207	10	634	218	971	354	117	1420	99	958	376	45	152
MSTRG.3430	0	115	949	387	57	0	138	331	51	87	0	13	1057	37	93
MSTRG.3431	0	1969	270	1	3284	0	956	86	1	5342	0	1119	362	1	3904
MSTRG.3432	477	417	266	110	6050	321	1309	143	6	5800	443	921	1207	73	5383
MSTRG.3433	315	744	0	4	234	98	348	0	15	58	75	906	0	0	563
MSTRG.3434	23265	3222	136	404	43	11270	1588	124	27	27	1812	2557	159	456	54
MSTRG.3435	0	1565	1206	1	2152	0	2525	71	1	559	0	1695	755	1	1186
MSTRG.3436	108	2069	521	21447	71	138	2152	186	10446	58	3	5256	80	3536	26
MSTRG.3437	2268	1576	842	46257	67	968	654	663	13458	136	899	320	1072	9659	115
MSTRG.3438	766	0	14	68	1298	889	0	12	35	1311	812	0	38	43	1083
MSTRG.3439	766	656	89	818	53	256	859	292	801	172	771	967	116	895	81
MSTRG.344	605	58	158	16	3624	211	507	150	51	2838	532	109	301	88	2133
MSTRG.3440	2795	1972	196	1	3792	1621	2383	247	0	8673	1998	2027	189	1	4084
MSTRG.3441	1470	357	5769	551	1373	3067	97	2080	207	1317	1026	238	15497	287	1151
MSTRG.3442	3610	236	42	98	809	1473	90	27	10	1378	6773	127	92	22	1381
MSTRG.3443	1273	42	6	558	208	200	10	4	736	387	159	120	29	648	977
MSTRG.3444	0	6381	4605	0	0	0	8860	19208	0	0	0	20125	5913	0	0
MSTRG.3445	1219	90	3365	0	0	596	126	223	0	0	651	92	1636	0	39
MSTRG.3446	3	617	20	318	0	1	840	1	143	0	57	585	74	70	0
MSTRG.3447	2257	120	2	19	356	2341	1	135	74	237	1474	7	1	13	368
MSTRG.3448	29	503	1	41	747	4	654	284	2119	1387	27	184	251	10	297
MSTRG.3449	78	1100	0	576	299	56	2287	0	870	202	100	1112	0	1650	200
MSTRG.345	2282	785	550	24	703	893	818	944	6	503	717	675	569	50	597
MSTRG.3450	55	1773	123	2936	672	81	1016	41	6018	988	89	1623	62	2503	352
MSTRG.3451	52	248	1023	218	0	15	130	986	87	0	77	156	1083	28	0
MSTRG.3452	7	764	4253	1867	3819	0	472	5451	2550	4623	0	483	4321	640	3739
MSTRG.3453	9168	2329	369	17	1951	9487	2161	363	1488	1948	12672	1752	692	468	2561
MSTRG.3454	128	4311	904	33	1318	107	4125	1317	67	1095	42	3169	927	195	527
MSTRG.3455	1140	1572	399	1619	648	928	1844	490	549	3236	378	1781	345	924	685
MSTRG.3456	277	125	2445	796	80	27	43	2614	1000	34	179	326	1712	433	570
MSTRG.3457	487	138	58	6	208	821	63	76	22	381	212	75	103	0	549
MSTRG.3458	14	1476	4222	6	100	3	845	6162	390	54	0	697	4650	69	23
MSTRG.3459	1409	60	7578	1810	2553	1861	8	3974	1865	2387	835	11	4068	1202	1790
MSTRG.346	462	853	668	71	16466	1020	599	255	140	5692	3	322	951	153	6709
MSTRG.3460	4412	34823	247	8582	4	2234	10026	27	5776	3	2954	1161	628	7758	7
MSTRG.3461	2745	0	2885	5010	226	1711	0	317	6210	239	1265	0	840	4766	79
MSTRG.3462	6033	36	34	94	20	3860	140	1041	4	12	2305	3	12	129	25
MSTRG.3463	2404	409	120	2517	86	1397	427	139	980	168	1606	67	92	1054	34
MSTRG.3464	157	2583	1468	1297	441	49	4334	1534	2181	405	202	141	1488	442	533
MSTRG.3465	206	4709	132	17750	130	78	4997	901	14487	408	58	4340	304	6450	446
MSTRG.3466	1587	89	4707	93	3433	718	65	5053	353	12855	696	34	6086	287	2084
MSTRG.3467	48200	223	1644	10	983	9535	298	1519	111	993	1062	32	1436	78	781
MSTRG.3468	0	2245	1624	17567	4280	0	1069	2026	4388	3965	0	549	3182	5268	4210
MSTRG.3469	25	2557	11	684	117	55	4238	50	1324	279	0	2325	352	723	153
MSTRG.347	1235	28	2973	950	971	787	26	412	1017	584	624	45	1678	266	1020
MSTRG.3470	490	26	18	31	429	371	0	43	261	416	34	2	45	129	571
MSTRG.3471	3536	1444	99	656	5127	3358	2903	28	972	3521	141	2181	18	834	2974
MSTRG.3472	5444	1619	1110	0	5395	4064	1346	1584	1	3150	3213	973	809	3	3313
MSTRG.3473	177	13	397	157	360	43	5	136	83	925	7	0	288	83	497
MSTRG.3474	221	428	598	1701	546	251	333	1038	683	781	12	580	896	557	465
MSTRG.3475	950	5291	476	6036	5	1187	2479	167	5844	6	410	3873	510	3702	20
MSTRG.3476	4271	2475	145	615	0	4771	2853	233	1439	0	2230	2641	69	1086	0
MSTRG.3477	23	689	6075	3598	100	11	1495	2850	1136	83	6	876	4474	1735	699
MSTRG.3478	2267	580	5556	175	0	3388	483	5566	159	0	912	634	4612	112	0
MSTRG.3479	954	1473	2245	218	470	1082	2967	1008	528	236	384	2532	3751	89	1406
MSTRG.348	1934	572	510	260	943	685	597	1608	612	810	167	322	181	9	111
MSTRG.3480	9	2133	1297	761	14625	2	2398	471	291	5449	1	870	805	515	90476
MSTRG.3481	509	794	786	3642	13977	373	3041	3854	4231	5253	212	1073	1894	2817	85382
MSTRG.3482	7053	25565	131	2569	547	3810	6064	264	4024	555	3433	14649	564	1867	2250
MSTRG.3483	3540	0	348	215	1093	3313	0	860	123	762	1478	0	709	156	8217
MSTRG.3484	802	254	326	1020	1311	1578	229	53	530	965	409	207	72	1058	10530
MSTRG.3485	754	1112	218	66376	2079	883	1513	55	55283	11667	1060	1431	38	18039	4026
MSTRG.3486	893	13	3651	371	3135	833	38	3216	286	3723	1038	10	2778	145	2444
MSTRG.3487	13	14	2	1	2192	11	13	1	1	2780	62	8	1	1	1789
MSTRG.3488	2911	12289	157	1808	646	1397	6100	132	1897	944	928	10310	32	2107	724
MSTRG.3489	1322	6792	427	634	0	3108	2769	430	284	0	455	3926	569	298	0
MSTRG.349	19	2668	1502	2034	215	324	2455	1002	3511	181	0	2635	1379	1363	285
MSTRG.3490	27266	467	103	620	247	6010	707	23	192	233	7061	516	116	918	1679
MSTRG.3491	16	898	440	343	96	19	548	419	15	80	13	1108	536	50	771
MSTRG.3492	0	530	5055	7125	4	0	245	34880	3068	47	199	498	3139	5152	3
MSTRG.3493	1015	328	886	45	0	1556	202	977	19	0	1479	862	956	1	0
MSTRG.3494	37	325	5678	341	38	31	224	4548	269	187	8	762	5749	190	18
MSTRG.3495	18	120	80	27	6742	2	94	66	12	7395	7	181	66	1	24049
MSTRG.3496	1163	1215	37	1	1709	2368	89	133	4	1430	1327	955	126	2	1054
MSTRG.3497	15364	276	582	125	197	7579	75	587	225	87	10923	173	712	430	267
MSTRG.3498	4078	87	16	1993	49	2173	33	22	4416	63	1641	37	8	1137	149
MSTRG.3499	1837	267	5817	21	2539	1445	268	3284	361	2493	1690	365	4281	9	3760
MSTRG.35	748	63	0	0	162	814	878	0	0	258	204	187	0	0	400
MSTRG.350	3399	13074	2175	42	55	2533	5813	956	24	36	2036	3827	1031	68	60
MSTRG.3500	494	913	15	0	73	224	761	16	49	43	1008	1201	71	5	138
MSTRG.3501	372	63	847	32	174	195	81	752	24	413	718	44	799	11	289
MSTRG.3502	25	129	0	4770	1	32	221	0	3548	8	69	144	0	2399	40
MSTRG.3503	195	105	0	1132	0	116	214	0	1871	0	111	102	0	1618	0
MSTRG.3504	1550	7217	1153	5663	124	119	5070	363	4972	50	1095	12515	504	4806	34
MSTRG.3505	434	86	40079	312	12276	154	80	14367	356	127602	184	125	13764	228	13108
MSTRG.3506	383	5244	38420	22	336	207	20983	13586	40	369	323	5720	13432	91	221
MSTRG.3507	982	1325	1879	1582	9	789	497	729	1854	6	1031	495	929	815	93
MSTRG.3508	23	3	19	3171	302	108	2	10	1942	245	69	5	6	1357	195
MSTRG.3509	96	0	6947	7928	2210	289	0	5543	7099	1799	85	0	7070	5981	1363
MSTRG.351	12313	801	38	0	41	5400	616	9	72	212	1810	1028	36	17	109
MSTRG.3510	234	167	3592	35	34	234	76	2684	187	57	151	56	4099	28	67
MSTRG.3511	9072	1380	19	209	1056	4591	994	4	270	779	12284	1359	19	181	416
MSTRG.3512	185	4084	2745	1482	609	109	5700	2608	281	710	120	5112	2989	479	318
MSTRG.3513	6707	485	966	300	520	29428	251	1757	267	709	4270	900	1078	18	851
MSTRG.3514	1425	968	0	25	86	399	1249	0	45	13	296	1070	0	26	6
MSTRG.3515	80	458	714	1045	51	44	402	705	845	0	39	296	147	1744	59
MSTRG.3516	37	1648	17	227	34	6	1473	22	345	34	14	1778	3	885	3
MSTRG.3517	120	463	316	325	241	315	760	150	319	205	17	163	56	308	168
MSTRG.3518	37	52	0	262	2378	1433	88	33	104	4281	311	98	4	166	2352
MSTRG.3519	0	2724	0	0	1555	0	5166	0	0	3652	0	5677	0	0	2146
MSTRG.352	1255	717	427	1131	16	488	2359	8704	1630	61	941	1095	153	1611	44
MSTRG.3520	181	6665	14	96	7169	46	1686	129	64	5464	74	3941	4	181	2976
MSTRG.3521	1526	243	23	3404	4723	1114	53	146	1818	1818	1187	417	20	1049	3068
MSTRG.3522	5616	19	3702	5882	586	5509	21	2191	4193	65	3839	27	858	3972	53
MSTRG.3523	505	1966	4726	1989	667	402	753	3179	407	605	1135	823	979	603	614
MSTRG.3524	933	351	9154	2349	386	991	49	2309	2325	363	825	122	5845	2198	450
MSTRG.3525	624	126	2171	4144	39	574	189	2129	10415	119	271	153	1671	5266	3
MSTRG.3526	2718	1317	309	0	1566	2022	1733	48	0	1964	1448	1307	446	0	1284
MSTRG.3527	80	117	67	0	30	46	477	49	0	57	55	291	201	97	36
MSTRG.3528	6800	6118	2874	56	0	5324	4157	1450	286	0	4950	7166	4348	31	0
MSTRG.3529	7709	1141	374	41	118	4254	1541	704	500	50	1889	1140	403	196	100
MSTRG.353	1692	255	4041	543	3465	1314	201	2954	994	1718	197	245	3068	777	1906
MSTRG.3530	219	1549	0	128	0	84	1740	0	31	0	265	3064	0	57	0
MSTRG.3531	3391	24	80	471	0	483	0	33	738	0	1295	6	36	358	0
MSTRG.3532	698	0	11	218	493	110	0	4	353	3262	59	0	28	216	353
MSTRG.3533	184	1027	0	2121	47	129	2010	353	1989	2111	118	885	1	1858	11
MSTRG.3534	1862	392	0	2405	1468	1873	243	62	1802	1461	1119	227	0	2751	1052
MSTRG.3535	6140	848	17380	64	5524	5948	737	182239	11	5220	5661	835	13267	111	5881
MSTRG.3536	1574	397	278	98	255	1128	268	1185	34	182	983	346	295	140	188
MSTRG.3537	1777	397	16	1224	45	1814	265	9	1133	21	3120	143	111	720	51
MSTRG.3538	29	3453	602	18	48	11	2943	265	56	48	335	1975	234	29	93
MSTRG.3539	0	5455	2455	427	425	0	3971	744	1	846	0	5186	3243	178	989
MSTRG.354	324	124	18434	16	1	188	74	3361	19	0	252	74	17672	2	3
MSTRG.3540	1	1606	63	139	2141	0	2573	65	255	4026	38	1833	108	261	1647
MSTRG.3541	0	396	70	432	82	0	409	26	388	101	0	525	54	441	51
MSTRG.3542	1214	1085	1060	10	1232	1554	3397	840	5	2527	705	2819	387	387	1142
MSTRG.3543	364	335	873	4	6	247	284	1239	1	1060	208	331	379	34	574
MSTRG.3544	1117	172	581	2342	4	1364	766	595	921	38	731	408	1520	1950	67
MSTRG.3545	559	175	131	10604	62	274	122	8	14470	39	449	40	13	11363	28
MSTRG.3546	305	3496	80	1945	9	382	2924	0	2990	61	57	2652	59	1636	193
MSTRG.3547	12537	41	67	656	1083	7682	57	18	1073	1494	5117	22	8	440	902
MSTRG.3548	6546	18	294	10789	685	4581	38	355	14831	612	2762	60	500	5456	356
MSTRG.3549	1515	160	2273	913	6	1698	276	1433	968	262	946	55	4354	319	72
MSTRG.355	57	160	849	7830	276	85	453	632	9704	95	67	213	1043	5976	2
MSTRG.3550	959	373	2748	141	2108	799	464	3708	79	1490	618	349	3135	81	1512
MSTRG.3551	1264	33	5183	601	5818	4222	11	2625	484	6751	877	53	2586	524	5841
MSTRG.3552	117	672	5232	227	1114	120	932	1209	188	396	12	1281	3153	156	795
MSTRG.3553	144	6603	450	2035	4560	127	15271	7	2278	5566	499	4902	307	1226	3824
MSTRG.3554	350	680	780	852	63	447	785	737	1313	2	464	792	897	632	77
MSTRG.3555	133	5116	518	1872	2810	126	4385	718	1399	2857	35	6326	677	873	1780
MSTRG.3556	4173	82	1517	14	387	2845	214	1993	15	194	1985	258	1878	71	509
MSTRG.3557	1	407	94	44	96	0	473	81	2	65	0	555	139	0	147
MSTRG.3558	16	13	13428	5291	100	7	40	10095	2477	871	25	11	11602	3408	277
MSTRG.3559	128	3989	20405	77	0	170	3451	34875	52	53	24	1891	19342	39	135
MSTRG.356	253	4498	174	1116	911	422	1560	2337	2257	282	286	2175	228	1217	278
MSTRG.3560	375	6597	3924	773	12743	484	4161	3147	304	4857	202	4540	1876	374	5640
MSTRG.3561	43	45	45	15308	20176	5	0	39	4416	11125	23	114	74	4510	11011
MSTRG.3562	76	0	183	675	511	3	0	27	500	794	6	0	171	729	683
MSTRG.3563	341	0	7	3	23	600	0	0	422	151	586	0	0	51	47
MSTRG.3564	7544	1041	616	1069	560	17176	2610	434	451	747	2185	1497	892	5262	808
MSTRG.3565	900	115	188	45	734	840	440	20	151	778	445	134	129	85	582
MSTRG.3566	7699	130	0	669	0	4026	185	19	1279	1	5801	171	0	693	1
MSTRG.3567	135	25215	141	568	166	270	87559	12	1180	88	127	38064	27	522	100
MSTRG.3568	661	16	501	572	1505	547	22	537	744	765	484	28	484	557	516
MSTRG.3569	14	2386	264	4	4461	20	2599	169	114	5893	8	3097	300	109	3697
MSTRG.357	5015	73	66	566	12	1429	3	26	1077	11	1637	3	74	585	7
MSTRG.3570	2	14	0	259	615	1	53	0	306	1363	1	30	0	289	1083
MSTRG.3571	569	8725	197	7392	4299	1081	7187	411	4808	1862	598	5894	83	4638	3314
MSTRG.3572	1497	3448	988	1223	23	1343	2667	7042	774	174	906	3476	706	1372	15
MSTRG.3573	2053	3025	87	20	3357	976	2909	3901	77	3990	843	3144	19	0	2438
MSTRG.3574	1137	192	1975	6	2574	602	361	2152	3	3632	665	329	1284	8	2239
MSTRG.3575	0	0	6439	8	207	0	0	5464	22	250	0	0	5674	156	53
MSTRG.3576	79614	309	445	1417	338	49955	5053	352	1298	159	27811	727	305	935	185
MSTRG.3577	291	12	47	603	605	277	28	36	274	466	55	39	64	223	437
MSTRG.3578	84	5	46	1174	46920	67	7	56	1455	93344	23	107	134	623	18693
MSTRG.3579	216	161	26	1319	185	108	1057	33	2165	179	151	410	29	867	117
MSTRG.358	483	1646	129	4	3359	126	280	395	0	5501	10	448	205	0	7769
MSTRG.3580	5352	3	441	4113	2265	2679	38	729	5267	2464	2476	0	1241	2829	3013
MSTRG.3581	289	0	3132	2701	125	218	0	2591	1808	44	92	0	2525	1571	179
MSTRG.3582	98	13	126	8	243	73	32	62	151	23	26	2	39	72	76
MSTRG.3583	33	6	1276	235	4869	37	124	1606	272	3368	24	4	912	161	2357
MSTRG.3584	8982	22	0	1152	34	7915	165	1218	1040	38	5233	14	693	0	1
MSTRG.3585	4120	2294	119	47	187	3485	15672	18	3	531	3089	4371	197	14	203
MSTRG.3586	4330	3008	14	182	560	3737	19963	85	218	750	2587	5242	175	171	0
MSTRG.3587	561	11081	1290	72	89	506	5615	1093	141	252	282	6303	1280	153	144
MSTRG.3588	0	2050	682	42	2189	0	2101	588	38	3214	0	1474	483	15	2045
MSTRG.3589	1912	401	0	0	10	1194	125	259	0	96	317	366	57	0	2
MSTRG.359	1404	4530	4210	0	0	371	6091	1212	0	10	368	10401	1979	0	30
MSTRG.3590	17	72	2662	80	42	8	63	1464	114	78	48	218	1927	172	115
MSTRG.3591	586	3774	23113	55	2942	595	2742	6901	78	3621	181	4328	13496	73	1913
MSTRG.3592	1	374	6269	297	4176	28	922	9636	137	5152	0	371	6124	118	3475
MSTRG.3593	0	0	120	3344	779	0	0	8	6532	778	0	0	94	2740	1629
MSTRG.3594	49	136	2162	541	18	253	8	1174	1138	111	11	63	1373	666	0
MSTRG.3595	4509	28	1058	401	5	4259	121	1255	1442	1	1038	8	531	1463	7
MSTRG.3596	3140	3	14	145	1251	2828	37	91	984	2040	780	0	75	184	1048
MSTRG.3597	9934	26088	17561	148	2711	9896	138582	4527	701	2006	2590	29960	17416	268	1496
MSTRG.3598	28	290	254	33	5283	3	768	194	8	5883	16	338	164	18	4968
