gene_id	B100	B105	B110	B135	B175	B200	B205	B210	B235	B275	B300	B305	B310	B335	B375
MSTRG.1	6246	1859	3206	775	63	6323	12775	1957	969	167	1672	3482	720	831	0
MSTRG.10	10	5164	24	0	0	35	4093	36	0	0	38	4248	43	0	0
MSTRG.100	65	33	531	43	3158	134	182	54	2	4096	12	30	829	0	2559
MSTRG.1000	1947	647	3017	8947	75	1641	2436	1058	5813	112	1691	697	3611	3634	81
MSTRG.10000	118	10241	2785	2279	92	3	8123	2589	1165	356	6	12461	2886	2524	0
MSTRG.10001	319	2242	20	5636	117	316	2783	3	1360	1232	230	5005	46	3433	25
MSTRG.10002	752	233	2103	5253	0	655	97	1183	4258	0	284	332	2264	3174	99
MSTRG.10003	1877	1382	3084	3549	820	914	915	3477	3189	3063	958	1594	4776	2116	373
MSTRG.10004	0	1368	2170	7349	4926	0	838	1507	4480	5640	0	1206	2484	4359	4657
MSTRG.10005	1303	683	247	170	50	749	459	129	176	161	214	714	360	86	53
MSTRG.10006	2168	1857	894	5156	99	1891	2211	898	3333	82	2249	2365	750	3272	98
MSTRG.10007	467	3168	842	153	3995	668	2493	466	119	7284	306	1869	804	73	3506
MSTRG.10008	477	157	263	118	2409	740	57	134	111	3416	333	57	204	71	1563
MSTRG.10009	861	3221	0	947	460	335	1333	0	741	694	402	2349	0	630	963
MSTRG.1001	4017	106	3407	7	32	5924	18	4785	48	259	2376	20	4422	0	49
MSTRG.10010	4703	526	0	373	3553	5509	227	2	592	3703	1281	135	3	648	1851
MSTRG.10011	1731	71	595	5844	473	816	132	733	4841	1235	928	242	572	2803	803
MSTRG.10012	270	3463	1428	39074	513	1135	2893	985	18731	337	641	1755	134	6598	306
MSTRG.10013	0	1245	394	393	644	0	215	553	1929	1060	0	762	354	216	521
MSTRG.10014	131	5071	621	69	461	130	7263	575	7	604	33	7033	490	15	518
MSTRG.10015	582	41	175	7619	3972	367	72	251	15568	4560	458	41	139	6100	3127
MSTRG.10016	66	1715	134	66	1980	325	3022	70	0	13151	63	1573	64	2	1297
MSTRG.10017	0	0	917	75	600	0	0	889	101	1062	0	0	1514	79	269
MSTRG.10018	138	0	1519	99	5139	0	0	1367	125	6229	6	0	1265	25	2107
MSTRG.10019	0	320	12369	29692	3492	0	3	7497	9299	5681	0	478	14473	22615	2019
MSTRG.1002	1273	449	314	4101	1244	1399	605	230	4745	1695	1166	685	74	2468	1359
MSTRG.10020	27	24	4695	14638	58	51	400	2224	11859	127	4	144	9370	13756	77
MSTRG.10021	37	1990	1809	171	1762	25	9	1510	12	2095	8	0	2012	118	1689
MSTRG.10022	0	379	581	183	63	0	1957	545	3	30	0	802	444	156	44
MSTRG.10023	0	259	6640	86	1838	0	1626	4758	2	1635	0	487	3813	7	1833
MSTRG.10024	9167	27	5262	0	119	3083	11	806	0	105	2854	5	5551	0	197
MSTRG.10025	0	2148	2186	724	300	0	2668	1105	639	226	0	3145	1941	643	72
MSTRG.10026	126	26	23	1468	1545	109	1478	2	579	1216	47	955	0	1857	1402
MSTRG.10027	332	1842	53	428	114	424	2295	18	575	134	290	1946	15	608	101
MSTRG.10028	3929	506	2319	707	999	2891	3428	4320	420	1408	2498	1196	4024	441	986
MSTRG.10029	0	11305	6594	207	619	0	11610	2259	541	551	0	4673	3700	785	499
MSTRG.1003	59	6363	305	31	2	1	3301	88	85	1	1	3207	328	45	3
MSTRG.10030	0	1496	1152	8276	4356	0	1713	658	8354	7928	0	1755	958	5736	1876
MSTRG.10031	162	1004	2283	7200	1523	291	1100	2798	5976	1708	152	1261	2373	3038	1659
MSTRG.10032	982	41	1318	169	219	1220	10	409	153	59	812	2	915	285	119
MSTRG.10033	956	5185	3535	1779	666	424	5978	2076	1489	1075	586	4077	2964	1543	128
MSTRG.10034	93	248	1238	0	90	87	2726	1246	0	60	259	596	589	0	67
MSTRG.10035	75	1281	80	0	310	18	8545	0	0	521	48	2504	0	0	604
MSTRG.10036	566	979	688	2104	786	467	5850	835	2639	942	465	1657	1004	2134	500
MSTRG.10037	145	3019	109	3	549	107	19584	13	110	751	61	5284	69	12	1138
MSTRG.10038	83	1060	744	0	1700	113	1514	393	0	854	68	1655	712	0	494
MSTRG.10039	77	749	511	0	865	48	418	822	0	1467	0	644	963	0	971
MSTRG.1004	1670	2048	1909	18	516	1138	1030	19134	242	767	1406	493	1658	86	814
MSTRG.10040	557	333	1230	542	1068	397	192	409	528	859	269	116	1865	460	2199
MSTRG.10041	494	3546	0	1237	0	545	3066	0	1874	0	164	2985	0	1276	0
MSTRG.10042	10084	31	1587	1735	2574	6368	215	2119	1782	4547	4437	186	2001	1620	2013
MSTRG.10043	191	224	4861	134	1	94	125	2791	2607	4	30	428	4601	2066	0
MSTRG.10044	5689	878	180	350	5119	462	1863	16	458	3933	283	1334	192	393	2725
MSTRG.10045	2269	71	29	1858	8035	18507	891	30	1281	12944	1016	62	117	1893	7675
MSTRG.10046	8	282	966	1170	289	81	1	1140	418	935	5	0	1175	544	38
MSTRG.10047	558	86	22	215	149	497	28	145	87	105	430	48	194	33	99
MSTRG.10048	32	7355	250	0	5706	34	8519	255	0	13657	20	7675	27	0	6227
MSTRG.10049	338	108	3018	0	49	1139	201	1929	0	2	227	98	3872	0	9
MSTRG.1005	4175	0	2347	60	529	1690	4	1728	100	577	3354	1	1836	127	743
MSTRG.10050	304	4	1323	10	94	321	4	78	0	173	126	2	2107	15	62
MSTRG.10051	1105	3163	0	76	1	848	3421	0	2859	17	825	2465	0	124	6
MSTRG.10052	6028	1541	71	4750	615	5049	1461	55	4776	447	3775	1735	179	2477	4735
MSTRG.10053	874	47480	192	1769	240	1048	50257	552	2618	140	295	53182	585	1357	1763
MSTRG.10054	3807	2257	1579	2132	747	4089	1738	2692	768	578	984	2095	1671	1590	5587
MSTRG.10055	13670	308	757	1260	0	13906	527	1605	731	0	3812	234	756	275	0
MSTRG.10056	0	8764	149	926	1701	0	8444	379	49	885	0	9495	291	301	1697
MSTRG.10057	0	483	1838	0	349	53	94	2698	0	367	0	449	2699	0	213
MSTRG.10058	9828	30	51	0	27	6048	27	52	169	48	4131	45	39	6	138
MSTRG.10059	8637	0	149	0	3	7661	70	229	0	70	4454	13	267	0	0
MSTRG.1006	1982	289	2166	22	2	563	383	1386	14	48	1334	199	1288	43	0
MSTRG.10060	14653	60	5919	243	0	9268	3	4065	229	2	4007	13	5844	94	11
MSTRG.10061	3167	173	28516	416	1796	3919	149	2239	3778	1834	820	212	30621	2197	1243
MSTRG.10062	1060	1069	752	215	719	605	1154	715	612	1611	561	1284	282	199	959
MSTRG.10063	41	1110	534	17182	823	23	954	214	26555	857	20	988	313	11304	660
MSTRG.10064	108	596	6778	1612	2619	73	1040	4697	6428	2897	14	766	5099	2429	2867
MSTRG.10065	49	2995	13	2501	511	28	3640	13	1403	1001	80	3550	19	1736	493
MSTRG.10066	11477	0	250	1639	0	13135	0	77	701	25	5465	0	91	993	0
MSTRG.10067	260	4235	103	1025	220	547	5383	4	237	166	71	3723	79	1091	541
MSTRG.10068	169	835	483	2374	4396	232	748	414	1386	7461	197	681	481	3053	2101
MSTRG.10069	270	885	37	648	177	634	1001	36	1175	170	260	990	79	465	578
MSTRG.1007	10755	251	591	25	0	14218	122	462	8	864	12232	162	634	30	0
MSTRG.10070	44	4771	226	1346	2811	111	9549	121	1783	5088	31	4709	109	1457	2855
MSTRG.10071	90	135	0	946	48	61	335	5	396	134	152	124	25	1031	81
MSTRG.10072	184	909	143	1703	264	67	746	193	1844	470	96	850	182	864	268
MSTRG.10073	969	1128	437	31140	19	216	609	741	23883	58	705	483	837	18459	19
MSTRG.10074	142	137	2021	733	76	226	16	3162	1669	92	229	363	1909	1107	77
MSTRG.10075	156	4	2236	159	7411	191	1	558	147	10494	172	2	2419	169	5090
MSTRG.10076	3771	2167	1944	1353	10	2534	2174	1667	1150	121	3063	2510	3387	1256	51
MSTRG.10077	2007	25	5729	84	0	6328	1	7342	36	0	2006	8	5068	101	0
MSTRG.10078	312	0	15	333	0	1282	0	2	297	0	278	3	10	333	0
MSTRG.10079	76	74	0	3219	574	38	0	71	3499	418	7	84	42	2594	694
MSTRG.1008	1162	3288	7394	45	2234	1263	5173	3043	186	1218	527	5924	4524	54	2876
MSTRG.10080	46	30	2225	606	98	2	2	1744	256	72	384	18	2051	397	278
MSTRG.10081	108	1673	0	531	997	35	1447	0	1553	1511	26	2373	0	727	1006
MSTRG.10082	731	2958	6859	161	1310	496	4168	3378	156	929	787	3385	8752	136	1450
MSTRG.10083	325	2152	1753	82	7372	309	2323	1824	44	10347	166	2183	1772	48	6560
MSTRG.10084	336	574	41	2074	0	6	316	328	1376	8	345	268	199	1615	24
MSTRG.10085	2657	1	2096	1411	546	2174	2	7272	1732	669	1543	1	3429	1244	741
MSTRG.10086	99	910	3	50	49	527	1255	2	6	84	113	738	1	0	29
MSTRG.10087	10	746	57	120	284	125	516	103	29	220	0	744	195	24	141
MSTRG.10088	2848	236	681	1679	738	4071	149	493	6993	1080	1456	170	883	3301	619
MSTRG.10089	462	0	620	1063	210	626	0	5266	3373	137	2103	0	897	957	246
MSTRG.1009	1021	980	484	3194	263	819	1515	74	2184	491	659	700	177	1753	310
MSTRG.10090	255	54	0	1154	69	93	76	62	2086	96	124	57	4	1564	98
MSTRG.10091	1332	756	247	3176	62	889	975	903	7733	87	896	509	161	899	285
MSTRG.10092	1937	962	1200	867	134	825	2008	991	564	245	410	593	1436	830	134
MSTRG.10093	0	814	4666	0	998	0	759	7678	0	729	0	452	3899	0	811
MSTRG.10094	0	156	1423	2355	514	0	148	1234	1475	945	0	116	900	959	438
MSTRG.10095	162	100	32	1138	1562	353	127	0	641	395	15	44	55	0	909
MSTRG.10096	3770	243	3	784	104	3555	104	20	217	20	1406	134	39	264	150
MSTRG.10097	14583	1253	269	1487	847	3035	1066	147	632	1148	9439	1825	216	1073	569
MSTRG.10098	124	1229	1574	803	81	112	1195	906	1159	127	110	1169	1526	1188	64
MSTRG.10099	7960	13660	219	1821	415	6160	17127	285	1417	407	3959	10465	177	1762	206
MSTRG.101	19786	3435	1104	207	3211	20179	22907	88	292	3581	4353	4291	1684	290	3729
MSTRG.1010	7428	937	2228	12651	9392	3722	1312	106	7784	16751	6659	826	403	2328	7389
MSTRG.10100	194	5381	2033	1644	75	137	3983	1642	247	199	328	7211	1236	1755	382
MSTRG.10101	677	1278	34	777	2271	216	1558	193	357	1403	256	1624	20	468	591
MSTRG.10102	250	154	2019	1572	468	397	84	1169	416	548	198	98	2534	570	311
MSTRG.10103	16014	5401	165	25	0	8912	5790	164	39	0	14004	4532	214	105	0
MSTRG.10104	2925	2561	780	0	5	2625	1536	419	0	52	6897	2856	707	0	5
MSTRG.10105	408	2005	3435	63	5762	87	1397	2285	7	6298	639	1822	4780	155	1407
MSTRG.10106	1094	3103	5598	0	408	916	5542	4522	0	226	1140	4445	5085	0	343
MSTRG.10107	1711	294	0	660	1980	911	595	0	609	2765	1286	102	0	338	487
MSTRG.10108	728	986	0	79	1491	393	853	1	37	2429	733	909	25	79	1453
MSTRG.10109	1898	2035	25	733	79	2276	2893	179	170	196	1821	2617	29	182	149
MSTRG.1011	1950	613	67	1579	210	1552	1480	399	6239	291	1714	332	33	1910	217
MSTRG.10110	3511	639	210	176	17	3077	390	2879	84	114	1559	530	136	53	54
MSTRG.10111	63	3416	4918	0	111	45	2567	3810	0	264	85	1968	5682	0	220
MSTRG.10112	3071	1040	498	0	0	1644	1145	342	0	0	3936	532	1001	0	0
MSTRG.10113	590	89	303	2432	110	474	462	245	227	405	300	205	557	527	141
MSTRG.10114	100	407	36	0	1358	71	229	19	0	773	160	367	70	0	372
MSTRG.10115	4107	884	72	0	214	2353	758	140	0	485	1737	838	33	0	433
MSTRG.10116	1089	99	288	0	90	64	139	130	0	0	330	229	228	0	124
MSTRG.10117	6375	2941	0	1271	3675	6267	2378	29	3103	5629	3209	2759	2	2156	2234
MSTRG.10118	1807	0	53	88	77	3353	0	55	52	9	1660	0	18	55	58
MSTRG.10119	0	1351	0	554	0	0	1404	0	1659	0	0	1551	0	1106	0
MSTRG.1012	80	1322	183	0	323	25	1507	167	54	439	157	935	291	0	531
MSTRG.10120	0	3284	0	71	1024	0	2771	0	216	1442	0	4430	0	19	398
MSTRG.10121	567	47	57	2	1823	3	19	90	19	2670	401	124	0	69	1518
MSTRG.10122	43	1046	170	172	189	420	1107	525	302	302	107	1484	1	237	257
MSTRG.10123	904	118	83	82	3302	16	2	1607	110	3325	0	220	154	76	3040
MSTRG.10124	990	211	0	679	298	1061	235	0	189	157	446	9	29	521	459
MSTRG.10125	991	2207	1788	13	3070	920	2256	11583	15	2589	237	2118	557	24	3329
MSTRG.10126	0	2671	4152	22	102	0	695	1869	7	9	0	1232	2311	24	101
MSTRG.10127	2705	0	62	0	187	3602	0	183	0	75	2011	0	102	0	130
MSTRG.10128	101	115	153	286	3945	1185	130	92	253	1853	463	210	130	395	2429
MSTRG.10129	2209	215	1946	0	2340	2174	302	4909	2054	3072	1622	174	2517	163	1490
MSTRG.1013	811	1248	294	240	68	664	1938	131	31	197	616	1383	301	0	318
MSTRG.10130	2006	2845	2442	0	1490	4473	2916	1415	0	1508	1274	2392	2731	0	973
MSTRG.10131	12312	563	628	1889	821	11117	1836	726	898	1101	2374	7	1462	217	768
MSTRG.10132	2411	394	3323	2122	1841	1362	490	2392	4736	2369	2308	427	1929	2395	1848
MSTRG.10133	1452	2061	33	1696	300	788	3202	8	1796	186	1379	1985	22	1481	198
MSTRG.10134	5858	52	535	18	345	6624	60	1641	1	123	3062	83	1626	2	341
MSTRG.10135	15	411	678	1296	1067	0	454	214	1604	410	0	452	286	1113	1588
MSTRG.10136	1047	7650	872	34	2029	1592	6145	1170	31	1048	294	7758	923	68	3421
MSTRG.10137	4268	31242	616	197	594	4708	6259	492	53	35	1000	28388	748	130	250
MSTRG.10138	3039	543	4296	47	3915	2739	838	6402	27	1964	800	469	3984	31	2599
MSTRG.10139	9616	477	2367	39	0	9772	601	16764	22	0	2558	332	1767	836	0
MSTRG.1014	881	1741	4449	304	198	439	1559	4140	83	346	790	1162	7536	4	580
MSTRG.10140	0	4660	689	13	3166	66	4241	1064	145	2867	12	4343	523	24	2784
MSTRG.10141	1322	49	4804	117	5827	1223	65	1473	64	4539	1489	111	2951	113	3698
MSTRG.10142	935	389	3852	72	4289	434	761	7063	0	3084	625	387	3020	0	3439
MSTRG.10143	294	28	1214	561	155	134	27	1647	421	79	64	51	1031	792	144
MSTRG.10144	713	255	943	2928	88	434	152	589	5534	145	443	178	1147	1260	45
MSTRG.10145	3555	11	1681	2497	674	2840	27	339	2933	859	2088	112	1314	2560	404
MSTRG.10146	288	512	222	281	49	326	640	424	604	842	237	822	607	332	239
MSTRG.10147	1120	3044	3014	75	18060	1641	4254	1066	68	17059	808	3040	1781	82	21586
MSTRG.10148	139	2587	1444	0	6088	362	1234	1303	0	9070	631	3797	2001	0	9664
MSTRG.10149	380	2087	746	0	1	1	2237	783	7	1	2	3326	640	1	0
MSTRG.1015	0	191	1188	1063	827	57	199	1054	1781	1233	0	0	927	369	984
MSTRG.10150	6465	5687	4193	355	9	7202	7448	1657	480	0	4981	4769	2008	167	25
MSTRG.10151	93	13	1632	58	355	141	4	1121	70	644	56	16	1727	95	314
MSTRG.10152	3581	8	404	0	68	2672	104	28	16	214	1519	36	531	8	45
MSTRG.10153	1988	2359	786	1256	4	1210	1947	1181	2005	11	800	2366	272	1516	0
MSTRG.10154	12683	0	111	508	1	8422	0	140	386	1	11123	0	54	410	1
MSTRG.10155	2874	8874	450	306	37	2137	5087	315	286	30	2323	9181	702	271	48
MSTRG.10156	93	3291	982	1355	0	307	2082	916	651	0	80	3489	1003	883	78
MSTRG.10157	13924	70	631	3547	1	9045	234	842	3296	1	11997	263	1206	2219	1
MSTRG.10158	219	1623	1462	167	29	154	7014	427	382	47	117	3164	830	1057	50
MSTRG.10159	28	5	954	510	520	70	21	3203	1252	2472	18	17	1303	425	703
MSTRG.1016	11	3332	940	5882	899	607	1678	1334	4247	1249	0	1383	262	5313	685
MSTRG.10160	60	214	1709	14	16844	55	218	626	11	17953	3	247	2085	76	31111
MSTRG.10161	838	733	0	105	18234	427	397	0	145	16541	186	972	0	22	46353
MSTRG.10162	96	198	3192	40	323	52	28	2415	3	994	94	126	3252	3	1247
MSTRG.10163	1384	244	1	10	89	420	1957	2	76	3	982	2344	0	1	420
MSTRG.10164	135	282	6127	0	13	118	544	3123	0	9	17	323	3735	0	1
MSTRG.10165	979	96	8821	1155	1871	860	212	8605	4277	1022	1121	22	10108	1650	1221
MSTRG.10166	82	0	401	128	1877	50	0	617	6742	710	59	0	104	77	1474
MSTRG.10167	686	89	11	22572	568	881	44	692	17752	412	709	102	0	12589	4471
MSTRG.10168	4315	14942	7517	2771	718	3363	11421	15779	1169	234	2815	11122	6642	2280	3950
MSTRG.10169	5129	3790	396	7	0	4941	1922	77	105	0	2775	3385	202	18	0
MSTRG.1017	3149	1972	4081	1094	2278	1292	2339	2214	2851	4397	3270	1258	3558	2450	1827
MSTRG.10170	1302	0	133	103	0	673	51	165	141	0	486	7	65	35	0
MSTRG.10171	1205	513	26	204	1	972	415	46	95	31	716	563	84	98	52
MSTRG.10172	4915	230	2148	61	184	4860	487	1422	80	371	3393	168	451	45	1365
MSTRG.10173	59	536	887	14281	899	91	414	515	13624	1307	87	421	207	8962	874
MSTRG.10174	1286	281	3165	5	4617	1041	339	1437	2	5630	535	371	597	6	3524
MSTRG.10175	939	893	0	841	38	364	1296	0	334	268	380	574	0	680	266
MSTRG.10176	118	2252	2394	5157	1996	5	2446	1997	1122	1618	108	2027	2535	1691	1459
MSTRG.10177	12	11725	427	532	22	1	39356	539	321	0	1	16151	295	402	1
MSTRG.10178	2392	143	10	16827	0	1729	153	943	3577	0	2257	90	9	6149	0
MSTRG.10179	13	88	6	1	0	4	272	45	1	0	29	332	97	1	0
MSTRG.1018	493	1440	1342	47953	1261	622	2144	1198	13363	2504	339	2050	877	10108	2994
MSTRG.10180	10	4167	1009	2	2793	5	7012	594	1	1761	97	2968	1012	1	17113
MSTRG.10181	2267	3312	1022	126	3	1078	3743	1363	115	53	2053	1903	1385	262	23
MSTRG.10182	3691	202	1035	1636	0	3804	440	943	2670	0	2308	390	573	2697	0
MSTRG.10183	2546	406	3012	2381	0	2061	284	3308	2002	0	2791	973	3755	3528	0
MSTRG.10184	329	1	559	3343	91	376	7	869	3973	56	255	43	996	3325	25
MSTRG.10185	1465	12	1099	2669	355	1413	15	661	1738	507	913	12	968	1769	468
MSTRG.10186	1301	3013	463	2751	913	625	1926	1536	763	1747	1005	2790	900	2152	880
MSTRG.10187	0	298	3452	2730	1594	0	460	2252	5852	1351	0	230	2629	1598	1284
MSTRG.10188	891	1816	5680	124	179	1461	1507	3836	435	1689	454	921	6797	188	1406
MSTRG.10189	143	16	49	178	351	40	42	122	54	263	41	9	57	109	352
MSTRG.1019	11575	150	302	83633	4	11779	228	474	7710	2444	7996	166	129	9941	2463
MSTRG.10190	947	2689	232	2005	1231	610	2223	361	7074	1442	68	2695	444	1920	1477
MSTRG.10191	373	885	55	1412	518	342	924	87	1433	615	251	1193	39	812	600
MSTRG.10192	744	3137	79	2294	502	667	2833	53	19510	270	414	5198	72	1927	120
MSTRG.10193	145	6021	8539	5584	92	107	4977	6106	3975	2649	54	5046	8194	4255	71
MSTRG.10194	43	561	0	612	2589	57	414	0	295	5123	11	561	0	236	2143
MSTRG.10195	209	0	0	45	1177	105	0	0	115	2796	80	0	0	70	829
MSTRG.10196	1451	0	1052	650	82	1788	0	530	695	0	1707	17	1416	474	78
MSTRG.10197	1506	408	1134	1995	3	1088	2314	1300	2547	11	987	320	1004	2371	6
MSTRG.10198	10589	3042	1160	20	0	16615	5722	650	10	0	4197	2634	1272	37	0
MSTRG.10199	5892	598	6382	648	1206	3177	644	9673	705	844	9335	646	6297	922	1288
MSTRG.102	2073	2918	3157	2467	637	2218	17453	485	3785	694	540	4659	3815	2218	1121
MSTRG.1020	321	2	3906	88335	172	391	0	1162	9246	77	730	1	1902	6825	200
MSTRG.10200	1660	6	0	1	1214	1501	24	20	5	808	1098	7	8	1	887
MSTRG.10201	479	37	226	72	830	498	34	59	11	161	208	30	217	50	368
MSTRG.10202	11618	61	268	586	0	11592	111	288	223	0	6224	51	162	534	0
MSTRG.10203	3904	120	828	559	5	1392	322	808	508	236	2520	260	750	357	1
MSTRG.10204	2373	137	170	3580	0	1221	76	102	6638	0	1614	16	217	3356	0
MSTRG.10205	1112	0	52	15	204	834	0	105	78	112	756	0	220	191	112
MSTRG.10206	2673	0	82	60	382	2702	0	199	208	3201	2162	0	264	441	1741
MSTRG.10207	2366	216	331	139	242	422	467	172	67	336	644	4	229	46	204
MSTRG.10208	9408	88	734	5	12584	3597	2000	641	39	23223	2495	91	1537	7	10565
MSTRG.10209	91	783	678	362	2888	85	4410	1099	297	6507	29	278	729	446	2661
MSTRG.1021	472	2	1938	342	2426	507	56	2344	82	2421	449	1	1366	276	972
MSTRG.10210	1360	4677	3551	114	1909	1109	2344	2275	25	1736	359	2250	4739	83	2157
MSTRG.10211	106	3	149	452	1434	0	139	181	434	1064	0	83	128	260	1004
MSTRG.10212	180	1	18	8	901	434	159	11	14	483	178	121	15	31	1830
MSTRG.10213	299	4208	1591	1001	3585	222	6427	1157	2752	2881	187	6368	1227	1223	5038
MSTRG.10214	1224	4189	119	178	741	801	3131	44	61	863	992	3275	96	175	604
MSTRG.10215	217	610	514	729	1370	381	933	552	11721	1541	241	1198	368	1338	1088
MSTRG.10216	3763	2624	102	0	933	1722	1248	45	135	411	2672	1815	567	3	993
MSTRG.10217	0	584	2454	84	1326	0	1379	1351	115	1975	0	1146	1458	81	1018
MSTRG.10218	1729	651	485	0	26212	1918	397	641	0	26193	886	329	314	0	14425
MSTRG.10219	5517	1287	0	0	808	2399	1324	181	0	965	3569	993	0	0	903
MSTRG.1022	228	426	1949	158	3211	323	38	1476	213	1893	682	164	2528	54	2385
MSTRG.10220	84	1898	0	5497	1487	12	1437	0	2462	977	129	2400	0	2716	1098
MSTRG.10221	1121	5101	28	1154	86	1250	7643	28	116	35	827	3884	0	556	136
MSTRG.10222	313	2774	8045	1854	218	212	14266	2154	1182	195	116	3072	3109	995	291
MSTRG.10223	23	654	0	0	3219	98	908	0	0	3179	82	595	0	0	3419
MSTRG.10224	2228	1740	15	35	431	2175	1762	9	2583	381	1471	1516	73	1850	580
MSTRG.10225	1372	2281	2639	0	586	730	6278	1656	0	1021	802	2454	1797	0	566
MSTRG.10226	0	1458	2064	13	166	0	2808	1712	41	144	0	1494	2977	27	165
MSTRG.10227	92	2	151	408	86	98	17	155	897	38	148	55	158	364	73
MSTRG.10228	474	1528	340	5308	1981	744	1060	434	5859	1388	206	2785	551	3244	1511
MSTRG.10229	2979	126	0	0	28	3176	253	134	0	4	2028	369	0	0	46
MSTRG.1023	775	18	4	1340	1388	585	10	3	681	660	1172	55	24	1055	1145
MSTRG.10230	586	0	1	0	1	1055	0	277	0	33	155	19	2	0	0
MSTRG.10231	164	34	106	19197	1298	522	27	360	24409	1893	228	27	146	17651	1123
MSTRG.10232	1962	3706	1196	742	105	3059	1169	822	400	42	1159	2816	790	282	6
MSTRG.10233	28	1119	319	1027	95	43	1376	83	96	14	32	891	717	334	20
MSTRG.10234	9006	16	174	13	1659	5195	12	0	55	7473	5876	54	178	5	1904
MSTRG.10235	42803	733	4345	704	1063	6051	992	6107	1151	2694	39060	765	4483	590	1314
MSTRG.10236	520	1529	80	3878	1226	650	2577	13	3956	1540	232	865	38	2350	1442
MSTRG.10237	476	1469	44	516	1990	415	1454	0	695	6490	394	1639	0	551	893
MSTRG.10238	6847	900	1129	4341	1101	4366	148	3804	2261	684	4186	461	379	3197	857
MSTRG.10239	231	1079	0	0	29	106	854	0	0	42	73	280	2	0	181
MSTRG.1024	1184	1375	108	8650	6	776	943	167	12326	6	754	1239	178	5699	3
MSTRG.10240	570	192	1970	320	1316	363	71	3430	780	2235	320	101	1889	492	1043
MSTRG.10241	1	533	250	335	720	21	336	420	530	411	1	564	472	848	515
MSTRG.10242	124	791	3722	8183	596	17	1072	2219	7186	308	72	732	5217	6424	317
MSTRG.10243	200	568	24	1	1022	79	756	45	2	884	70	1414	29	1	602
MSTRG.10244	0	663	388	547	1160	0	579	322	406	829	22	334	413	574	8836
MSTRG.10245	257	671	2051	18187	1571	242	1865	1186	11932	1483	146	1116	2569	9050	1578
MSTRG.10246	749	293	39	1001	407	772	205	44	712	282	603	166	26	717	366
MSTRG.10247	2102	0	0	78	714	5780	0	0	51	239	2306	0	0	111	431
MSTRG.10248	3725	3220	214	549	1434	948	2476	13	1001	306	4436	3177	139	550	773
MSTRG.10249	2292	5430	205	558	29	2110	3909	59	452	55	3060	3442	305	191	115
MSTRG.1025	1635	2062	0	12677	4094	1579	1358	61	12645	8944	975	2753	16	17980	4402
MSTRG.10250	6059	11391	4582	927	0	6680	9897	1416	437	0	2556	10619	3452	529	0
MSTRG.10251	447	586	2942	30	59	134	636	3670	70	7	287	154	2667	42	281
MSTRG.10252	0	4	1387	483	110	0	557	1610	340	204	0	0	1808	263	103
MSTRG.10253	2	8415	867	1208	0	61	12603	963	2551	0	15	7229	804	425	0
MSTRG.10254	2891	500	1706	48	509	2300	144	2601	32	537	2540	373	3027	18	349
MSTRG.10255	0	121	423	47	319	0	251	107	19	143	0	66	244	42	148
MSTRG.10256	9577	1425	66	259	60	4187	10252	44	207	57	8253	2636	83	202	44
MSTRG.10257	2154	537	0	2425	0	2587	3422	0	3255	0	2242	969	9	3192	0
MSTRG.10258	55	1568	1543	0	0	195	8918	249	0	0	105	2782	1479	0	0
MSTRG.10259	2330	0	2226	85	2379	5267	0	1217	261	276	2409	0	3751	68	525
MSTRG.1026	50	1284	71	2192	16909	1	407	19	9684	21208	1	698	80	2723	19881
MSTRG.10260	763	258	594	465	0	191	265	45	575	0	312	245	308	433	0
MSTRG.10261	881	1817	3093	185	0	495	1120	1184	302	0	819	1766	3221	204	0
MSTRG.10262	1175	463	3688	1247	0	2028	537	226	1144	0	1656	267	5464	938	0
MSTRG.10263	491	35	0	449	1545	707	54	0	1122	2891	265	191	0	311	1597
MSTRG.10264	79	22	2943	1613	300	57	54	1344	2704	1817	11	24	3621	895	323
MSTRG.10265	16	666	5916	239	8	0	1147	1774	353	29	0	861	7658	93	1
MSTRG.10266	24	1170	4578	1594	253	42	1639	2395	503	206	3	1595	4370	640	219
MSTRG.10267	61	881	122	351	53	39	925	109	548	124	86	716	95	115	70
MSTRG.10268	15899	3541	1095	420	750	8631	3292	645	640	222	5636	3839	471	562	611
MSTRG.10269	4372	611	237	672	331	2158	1175	301	1015	306	2509	981	543	476	320
MSTRG.1027	7312	45	3	50	20	3035	21	2	1	28	8166	23	62	0	9
MSTRG.10270	30	839	29961	48	234	10	594	21769	67	404	5	701	33826	89	270
MSTRG.10271	722	1055	9025	14443	126	306	2046	5782	9257	618	762	1408	1913	13296	111
MSTRG.10272	245	3457	7822	5	2314	407	2825	4972	3	925	153	2348	1481	10	1137
MSTRG.10273	733	15301	19594	1104	0	340	8411	33529	25	0	166	8143	18943	576	0
MSTRG.10274	354	124	244	4057	1339	233	127	134	2360	2863	311	71	47	5196	1231
MSTRG.10275	849	270	3791	1937	1219	1336	409	2287	1279	1938	425	392	930	1336	1386
MSTRG.10276	2298	33	12	301	0	2350	83	70	16	0	1394	16	1	66	0
MSTRG.10277	8876	78	115	179	1186	54443	195	800	2608	1132	5245	86	108	321	950
MSTRG.10278	139	10016	26	237	186	184	6724	6	1077	91	341	8472	9	149	672
MSTRG.10279	4452	0	41	148	8	6405	0	295	6101	1	2119	0	434	1138	21
MSTRG.1028	4535	15029	189	9365	9	4446	15696	62	9109	0	4460	15457	251	6904	0
MSTRG.10280	3820	0	5996	6	136	4639	0	3911	78	70	590	0	1207	112	123
MSTRG.10281	7276	1286	4636	12701	10	3111	665	2642	40777	29	6179	1320	1068	7060	44
MSTRG.10282	379	1011	555	14024	48	295	1223	256	6282	149	233	1148	207	3074	921
MSTRG.10283	800	854	1	363	3	222	865	49	657	84	1137	906	4	420	2
MSTRG.10284	4	5325	1	16552	93	32	7652	1	8757	62	127	5451	0	13202	82
MSTRG.10285	21	0	46	1840	394	20	30	12	1259	374	5	13	129	469	381
MSTRG.10286	2964	1	6	3712	2966	1064	0	0	9151	4860	2477	175	3	4756	1199
MSTRG.10287	407	179	992	170	2665	327	81	184	176	2727	172	57	1003	189	2365
MSTRG.10288	2853	360	39	366	296	1470	243	0	1890	330	923	156	0	1099	467
MSTRG.10289	29	569	0	218	64	67	733	20	394	46	13	610	0	231	99
MSTRG.1029	35	938	3225	4929	164	26	1812	1252	855	87	30	967	1524	2615	25
MSTRG.10290	3193	152	130	1518	0	1496	228	9	2240	0	1494	246	2	106	0
MSTRG.10291	0	108	27771	236	305	0	196	14100	688	388	0	178	27602	333	204
MSTRG.10292	1183	75	30157	15178	27	1023	220	14133	7197	105	1190	266	45388	4221	64
MSTRG.10293	4595	192	90	3690	0	3081	143	59	2998	57	5225	217	308	1588	3
MSTRG.10294	5087	489	42	519	965	4304	786	16	457	1588	3326	901	48	464	1131
MSTRG.10295	0	666	151	1590	472	0	1040	6	890	395	0	742	317	1574	622
MSTRG.10296	1081	3625	63	333	1358	853	2028	22	380	954	1562	2094	1	330	1102
MSTRG.10297	0	108	0	1471	13	0	168	0	1388	9	46	196	0	1257	16
MSTRG.10298	17	3272	1225	32	3542	161	1810	794	19	2765	17	1769	1019	42	3101
MSTRG.10299	753	449	1125	778	58	2409	704	244	1792	138	276	245	2612	324	126
MSTRG.103	2066	687	11	1361	6227	1588	4833	11	1612	2340	1905	1180	21	1650	5932
MSTRG.1030	301	652	5993	237	2	218	571	2296	1958	8	37	753	4725	219	5
MSTRG.10300	3665	219	2173	914	806	5263	785	1357	898	1496	936	206	436	686	630
MSTRG.10301	214	1503	2395	1132	36	313	1090	797	1049	187	212	741	472	1705	12
MSTRG.10302	72	426	0	466	1	95	471	0	201	55	56	303	0	620	0
MSTRG.10303	91	0	0	1298	0	57	0	0	1211	0	13	0	0	476	0
MSTRG.10304	137	16	19	2320	663	344	40	106	1068	1770	447	0	52	2106	976
MSTRG.10305	74	12641	500	2150	267	55	4975	752	2632	359	1	1662	1175	1892	250
MSTRG.10306	0	0	7762	504	165	0	0	4035	380	4226	0	0	4833	271	94
MSTRG.10307	0	11	6308	104	16332	0	7	2949	115	17201	0	49	7764	62	11049
MSTRG.10308	78	6468	548	74	8392	115	3249	696	165	2915	1	2959	457	146	5490
MSTRG.10309	29	3475	2279	131	14	1882	2332	1937	111	138	57	3435	1927	312	7
MSTRG.1031	377	6436	1576	972	0	305	4560	65	1876	8	301	7131	967	962	80
MSTRG.10310	685	81	73	46	69	3322	197	38	540	196	60	131	80	27	30
MSTRG.10311	8143	540	0	124	107	3292	654	0	27	81	3345	604	0	20	109
MSTRG.10312	52	0	0	123	13235	145	0	0	34	15015	73	0	0	55	7731
MSTRG.10313	40	102	9575	747	700	38	264	5870	380	254	84	152	1616	380	725
MSTRG.10314	3893	703	5	28	177	2661	709	114	97	260	1449	367	14	54	112
MSTRG.10315	2643	0	0	386	496	1961	14	0	274	294	1400	0	0	371	413
MSTRG.10316	760	526	0	1945	4320	939	1297	0	2380	2191	1223	200	0	2002	616
MSTRG.10317	5675	20	69	2832	4778	2587	3	43	3088	2737	3439	106	48	856	14463
MSTRG.10318	96	3803	1702	293	52	45	4642	2156	267	73	31	3613	1929	144	75
MSTRG.10319	725	76	1901	1	83	1486	22	1391	548	129	945	37	1496	0	106
MSTRG.1032	5285	1630	1	0	4617	7731	1544	2	39	6353	1372	1739	3	85	4321
MSTRG.10320	625	0	3	129	132	295	0	24	93	174	238	0	0	35	262
MSTRG.10321	909	841	68	42	1660	1386	1902	2257	148	1915	620	782	1787	34	2825
MSTRG.10322	1048	75	531	164	1473	650	36	403	160	2486	853	108	381	249	2530
MSTRG.10323	5085	2697	21	130	3125	6382	3177	11	152	2780	2600	1714	23	306	2226
MSTRG.10324	6384	270	1807	414	2378	15947	346	1164	695	2089	5253	441	2270	449	2047
MSTRG.10325	952	2076	1117	3980	3090	1069	1695	718	3817	1186	342	3410	939	1106	2360
MSTRG.10326	3292	48	206	0	2518	1503	78	65	0	8060	660	38	66	0	1782
MSTRG.10327	1023	5	104	3138	67	1157	3	4600	3392	320	506	6	152	1718	98
MSTRG.10328	1291	293	3386	2582	1684	1346	242	2966	4682	4909	771	450	2826	2071	1734
MSTRG.10329	0	3666	38	1468	1142	0	3447	0	302	1340	0	3909	5	1253	851
MSTRG.1033	632	18	4618	1	3512	0	6	3827	6	3801	0	15	6416	22	2116
MSTRG.10330	1122	0	1078	4889	1769	758	0	1010	4274	3053	661	0	673	1693	1474
MSTRG.10331	1202	3933	372	193	4214	796	2519	405	544	3789	958	2236	557	133	3542
MSTRG.10332	242	3401	1185	505	549	419	3561	399	3258	306	461	2446	1278	372	515
MSTRG.10333	3976	1798	1201	50	613	1557	1147	1426	74	754	2505	1558	596	70	311
MSTRG.10334	1552	643	927	42	1403	1045	1083	136	90	2813	886	846	522	39	1725
MSTRG.10335	6	2548	0	35	0	26	2665	0	238	0	28	3029	0	47	2
MSTRG.10336	992	713	2	50	33	732	213	359	52	28	472	499	5	171	44
MSTRG.10337	3457	45	0	3742	496	3937	40	0	3069	187	493	33	0	1623	379
MSTRG.10338	1782	1421	185	253	621	1317	654	68	71	354	903	1458	323	236	416
MSTRG.10339	1259	1449	0	560	3202	145	1051	70	1003	6245	640	2868	0	565	2685
MSTRG.1034	2705	791	45	167	42	1640	810	61	406	167	1537	749	0	153	172
MSTRG.10340	1239	484	483	3418	26	988	32	6401	3460	43	226	322	1745	1240	350
MSTRG.10341	207	2196	263	2255	60	105	1552	429	4820	298	104	1738	197	1850	218
MSTRG.10342	440	5512	16397	3	199	332	847	18112	12	132	785	6406	12990	11	153
MSTRG.10343	917	0	1438	301	379	900	0	4068	313	375	450	0	2608	385	378
MSTRG.10344	191	2099	2541	3017	5	104	2011	1439	986	40	103	2033	2107	2095	8
MSTRG.10345	840	6394	1361	0	617	921	3081	530	0	2174	1090	5100	1103	0	1055
MSTRG.10346	1029	4789	973	333	145	452	2885	343	203	129	174	4083	1856	234	59
MSTRG.10347	1052	181	32	0	680	1604	94	0	0	11127	1121	131	22	0	922
MSTRG.10348	2112	20	4276	0	0	753	0	3203	0	99	2662	0	9936	0	0
MSTRG.10349	0	125	820	146	97	0	67	1753	115	94	0	71	637	191	499
MSTRG.1035	1133	803	18350	0	72	1913	412	12968	0	24	329	1143	15468	0	46
MSTRG.10350	3219	1224	1404	154	0	3304	613	1968	33	0	2539	796	1502	69	0
MSTRG.10351	1	501	1146	20	0	1	473	430	64	0	0	601	1290	14	0
MSTRG.10352	2220	69	1628	806	4190	1472	43	1451	1078	1638	1814	80	1566	824	2240
MSTRG.10353	4733	1233	31916	1055	1212	4035	1369	22553	3859	492	4361	1322	25859	1138	504
MSTRG.10354	1598	3274	1037	0	1989	768	3940	845	0	1016	953	3818	1410	0	982
MSTRG.10355	6	902	1817	0	0	0	731	944	0	0	30	647	1245	0	0
MSTRG.10356	1	116	64	544	19	1	34	48	1215	2082	4	366	158	999	1853
MSTRG.10357	9	6	312	3987	0	16	3	240	5462	0	1	1	566	4556	0
MSTRG.10358	34	54	4329	3	6	15	24	2506	1	37	0	11	3319	8	48
MSTRG.10359	4606	40738	893	927	329	4852	46339	266	611	912	1221	24008	435	490	270
MSTRG.1036	158	0	64	0	187	11	1320	22	29	185	3	0	16	190	208
MSTRG.10360	1703	6474	479	907	4389	1605	78145	281	745	6446	479	8779	493	419	2978
MSTRG.10361	5252	72	585	255	0	5256	55	2320	370	0	1364	42	780	181	0
MSTRG.10362	0	19	319	70	0	0	62	211	52	0	0	31	259	253	0
MSTRG.10363	2172	126	1988	1273	14044	1938	171	1527	2554	20894	1712	302	2002	768	11272
MSTRG.10364	449	55	42	4457	514	461	42	59	7456	610	179	10	31	412	270
MSTRG.10365	67	105	1370	457	856	129	38	1688	604	174	49	62	1518	604	470
MSTRG.10366	1026	24	55	0	358	690	20	112	0	77	733	60	0	0	213
MSTRG.10367	1378	0	105	2358	524	1665	0	54	4545	611	1430	0	15	3192	399
MSTRG.10368	1024	2020	1684	783	3216	618	1271	5450	813	3015	697	2036	2607	1028	1827
MSTRG.10369	3638	1301	1187	791	423	3133	450	6521	134	597	3260	1162	1144	213	944
MSTRG.1037	441	2007	8	36	30	524	1318	1	16	88	454	2425	0	59	29
MSTRG.10370	826	1192	1147	691	3194	1247	8724	1380	417	2322	668	2386	1820	875	2821
MSTRG.10371	636	1782	1869	743	0	315	4539	7263	747	0	479	2125	1009	854	0
MSTRG.10372	1076	1	1281	1021	145	1507	62	987	1193	109	996	5	1564	530	284
MSTRG.10373	3562	0	106	1270	288	3627	0	43	1533	502	1517	0	139	1041	544
MSTRG.10374	9901	0	1665	0	474	9846	0	1127	0	1097	7121	0	554	0	633
MSTRG.10375	131	41	77	51	5834	142	57	53	728	4444	103	73	12	48	5566
MSTRG.10376	436	325	1317	0	1	525	1870	714	0	1	297	1274	557	0	1
MSTRG.10377	32	987	672	7947	153	48	1829	264	6129	427	9	784	350	12591	294
MSTRG.10378	142	4492	1050	15826	13768	70	3930	898	11644	10143	65	3770	1271	9148	11750
MSTRG.10379	11229	81	3972	9	646	7544	117	2720	769	689	7941	133	807	952	498
MSTRG.1038	7322	455	158	90	2916	3268	749	125	104	2125	2747	349	35	172	2518
MSTRG.10380	0	1719	1998	278	72	0	2164	1438	615	35	0	2057	1998	428	104
MSTRG.10381	0	33	623	1822	232	0	2	493	389	869	0	11	545	307	528
MSTRG.10382	1546	34	761	10	803	598	0	439	21	207	1126	1	519	65	150
MSTRG.10383	1316	0	1676	0	4	1223	0	311	0	11	761	0	958	0	13
MSTRG.10384	1159	33486	9	74	457	650	13783	10	485	562	959	42692	88	672	379
MSTRG.10385	6936	50165	48	4080	54	6830	21252	49	3690	9	5873	71306	126	8998	34
MSTRG.10386	0	137	0	225	348	18	14	0	400	312	4	245	0	170	182
MSTRG.10387	544	24	362	2786	125	262	22	181	2882	180	131	67	574	1996	125
MSTRG.10388	932	137	30	1	965	577	82	7	40	1594	406	428	10	4	151
MSTRG.10389	204	0	0	779	282	154	0	0	1192	185	182	0	1	758	224
MSTRG.1039	1662	11704	1	697	7692	1401	8865	17	542	8609	50	9992	2	394	2992
MSTRG.10390	132	6102	397	38	270	139	37380	205	70	207	129	8860	101	75	126
MSTRG.10391	92	4	15	2164	1591	169	102	51	3705	2438	233	15	30	1717	2218
MSTRG.10392	291	0	83	882	168	157	0	66	1014	224	90	0	131	930	202
MSTRG.10393	1059	0	0	197	93	951	0	0	281	98	768	0	0	1282	94
MSTRG.10394	1702	2248	0	2777	0	1610	2270	0	1831	0	1199	2065	0	1748	0
MSTRG.10395	4493	1569	2112	163	105	1572	1579	205	330	108	3723	1955	296	103	56
MSTRG.10396	116	63	0	0	444	75	1861	0	0	379	109	1528	0	0	562
MSTRG.10397	2746	26	0	1376	15	1958	35	1125	1907	60	1462	10	0	1894	22
MSTRG.10398	278	328	0	534	86	293	435	0	579	115	77	349	0	505	94
MSTRG.10399	30	2122	2331	0	28	333	1422	3387	0	46	17	2813	1866	0	57
MSTRG.104	284	1234	114	7044	2315	101	1151	176	4494	728	286	1763	171	4118	2443
MSTRG.1040	18	1177	291	718	0	283	483	26	319	3	20	682	225	321	78
MSTRG.10400	2310	581	269	27	906	1042	686	1766	86	1079	309	730	240	359	580
MSTRG.10401	470	338	7	120	1327	363	107	73	201	3902	255	47	1	175	585
MSTRG.10402	0	198	5	166	273	0	96	9	170	233	0	68	82	283	151
MSTRG.10403	16	0	215	9	792	48	0	369	22	653	23	0	311	56	818
MSTRG.10404	9493	0	162	0	356	6419	0	149	0	660	717	0	217	0	191
MSTRG.10405	0	24	692	26	37993	0	0	318	9	48041	0	36	938	51	23355
MSTRG.10406	8285	122	0	864	5897	4568	3582	0	110	45458	3695	146	0	984	4482
MSTRG.10407	3782	3638	217	61	4	3056	3105	394	2449	11	2954	2950	388	149	1
MSTRG.10408	153	1753	0	14	69	231	1345	0	24	85	74	1355	0	36	175
MSTRG.10409	316	213	0	14	2	563	2	0	53	1	381	87	0	18	1
MSTRG.1041	208	291	0	4063	1820	171	637	10	3588	4581	162	565	141	5590	1290
MSTRG.10410	0	0	1900	69	60	0	0	150	23	6	0	0	720	83	26
MSTRG.10411	155	1557	1847	249	217	220	803	4025	415	389	94	1555	1118	392	346
MSTRG.10412	1085	822	1443	3703	590	618	1036	1779	1759	621	152	783	1538	760	266
MSTRG.10413	56	1	0	272	8903	508	36	0	549	10872	13	2	0	364	8662
MSTRG.10414	403	925	1223	14	0	3	106	985	161	0	177	432	1355	77	0
MSTRG.10415	1235	0	160	0	913	1469	0	58	0	49	742	0	187	0	999
MSTRG.10416	4455	1	11	2893	86	5095	585	55	3594	227	2295	27	977	3353	270
MSTRG.10417	106	0	15	72	118	16	0	148	72	154	43	0	65	61	273
MSTRG.10418	163	317	166	0	372	5	293	25	36	522	0	189	124	12	424
MSTRG.10419	4173	0	409	2632	2676	2709	55	293	576	2372	1139	0	719	911	1272
MSTRG.1042	377	258	7587	1118	78	113	290	6086	1140	10	176	655	4658	968	62
MSTRG.10420	3470	560	3028	0	0	3207	4142	4245	0	0	1519	2347	1239	0	0
MSTRG.10421	266	234	3322	20990	1905	253	406	3309	18387	2212	323	181	3297	17766	1561
MSTRG.10422	3284	26	408	8101	2814	1712	104	488	7629	4163	3026	0	648	10724	2382
MSTRG.10423	26	90	73	247	1197	48	38	23	790	509	13	33	107	436	1625
MSTRG.10424	208	3992	193	40	3147	128	8023	61	249	4499	233	6188	276	67	1859
MSTRG.10425	4654	735	29	10	162	2869	3832	350	4	364	2720	1110	189	16	93
MSTRG.10426	0	1217	0	1	525	0	1918	30	0	2171	0	1552	1	1	26
MSTRG.10427	5820	2174	1448	120	43	2212	4569	1313	21	62	2390	1149	1440	129	91
MSTRG.10428	3750	803	563	1	22	3296	847	439	1	220	1767	973	667	1	51
MSTRG.10429	1970	165	1026	26	2	1545	93	500	34	31	1210	274	915	53	1
MSTRG.1043	7031	557	3484	10006	255	4704	547	3718	7200	12	5732	1136	3285	3285	2
MSTRG.10430	708	2687	3870	15	49	1011	1421	3382	16	106	642	1227	3511	26	56
MSTRG.10431	3446	101	0	357	3059	2394	122	397	2619	2969	2444	53	0	715	4371
MSTRG.10432	771	1963	1200	12227	3573	223	723	2069	4551	5972	458	6	2318	8086	3508
MSTRG.10433	342	748	37	1162	168	124	356	0	1072	116	133	317	5	461	259
MSTRG.10434	1670	1367	220	183	375	814	660	199	135	1912	1148	1333	41	124	206
MSTRG.10435	1821	2667	0	1481	46	923	17296	118	2041	20	2279	4481	0	1319	22
MSTRG.10436	594	1863	832	0	249	41	1654	3431	0	1514	215	1810	1505	0	454
MSTRG.10437	2823	3458	318	0	12	1790	1039	396	0	93	1683	1340	361	0	147
MSTRG.10438	8184	864	4	75	6711	649	434	5	11	37495	7291	592	10	12	5017
MSTRG.10439	0	1192	1404	12	767	0	442	13083	39	1076	0	742	7	48	1000
MSTRG.1044	1418	750	51	49	263	338	750	286	149	90	1400	1143	204	65	19
MSTRG.10440	2403	20	20722	2802	324	1902	28	12412	1646	728	1502	68	14411	2046	750
MSTRG.10441	6357	109	10787	527	8862	3449	42	2276	252	5042	3726	105	4330	1071	4283
MSTRG.10442	5506	0	6	151	9032	2779	0	64	75	20205	3690	0	11	5	10387
MSTRG.10443	120	487	205	581	1817	125	504	104	585	1310	80	516	82	668	694
MSTRG.10444	202	0	15133	85	4464	66	0	13951	31	7742	59	0	11877	462	5007
MSTRG.10445	1103	284	0	251	183	919	88	0	1010	156	526	218	7	514	209
MSTRG.10446	151	28	835	1144	245	586	32	332	701	2360	248	51	1260	1198	615
MSTRG.10447	8302	89	692	235	164	4109	54	285	241	283	3861	72	563	289	257
MSTRG.10448	36986	0	15122	207	1265	41326	0	3631	70	1597	28585	0	20074	141	201
MSTRG.10449	763	0	52	23	224	654	0	62	56	428	82	0	110	40	384
MSTRG.1045	1141	1156	156	10	83	1257	1798	270	121	85	500	944	226	248	29
MSTRG.10450	16	2550	0	2110	29	346	256	14	3126	58	0	523	10	3036	50
MSTRG.10451	14844	0	123	285	7221	15030	0	108	408	8901	5831	0	219	321	9947
MSTRG.10452	485	0	148	3637	3575	81	0	138	3035	3515	238	0	194	1761	3858
MSTRG.10453	93	0	393	322	593	197	0	316	230	656	17	0	513	297	842
MSTRG.10454	52683	2066	1924	0	1621	20319	3041	2678	0	662	58627	2441	4185	0	2773
MSTRG.10455	68683	52	2139	169	85	15315	59	1686	1656	222	90131	85	2237	586	392
MSTRG.10456	13	784	3949	131	189	20	1493	2618	343	94	49	574	4001	157	120
MSTRG.10457	181	104	0	937	1233	38	306	57	664	1310	376	11	7	734	1424
MSTRG.10458	79	6	2347	719	12	23	17	1509	242	32	0	79	2189	71	199
MSTRG.10459	1439	150	4164	1515	495	514	312	1216	1523	2648	1050	274	3198	1482	457
MSTRG.1046	827	2925	70	5787	18	1314	640	14	4364	34	232	1104	75	5238	67
MSTRG.10460	3031	656	4405	30	189	607	200	6898	227	297	4062	361	2091	356	170
MSTRG.10461	4063	26	95	2	515	4353	3	52	70	526	1200	6	164	51	464
MSTRG.10462	5316	977	1881	1932	627	2860	403	3899	1623	630	879	907	3134	1682	630
MSTRG.10463	0	22	1136	1723	183	0	13	657	2436	589	0	25	1313	1610	540
MSTRG.10464	0	556	2089	2072	281	0	495	4377	10710	250	0	477	2222	51	377
MSTRG.10465	54	574	5499	0	1264	46	417	4192	0	1296	39	491	5158	0	984
MSTRG.10466	982	200	596	8853	2003	1934	494	360	12138	1412	751	183	501	6853	1032
MSTRG.10467	5684	0	3190	387	2249	4339	0	3310	146	2204	1135	0	3289	761	2061
MSTRG.10468	5359	1574	76	663	335	3446	535	112	358	286	2153	175	115	329	329
MSTRG.10469	951	2183	27	1167	115	914	2978	34	994	92	430	1583	54	1570	100
MSTRG.1047	4125	138	61	10	3616	36	179	75	14	4326	180	136	54	89	3686
MSTRG.10470	2001	1027	33	58	96	1880	1799	17	92	100	1494	1316	63	50	206
MSTRG.10471	0	23	346	0	45	0	25	90	0	561	0	14	253	0	18
MSTRG.10472	0	0	391	1996	73	0	0	131	32	29	0	0	272	1016	29
MSTRG.10473	17848	1214	389	360	169	16013	1086	82	883	84	3786	1082	679	372	226
MSTRG.10474	2306	1277	3211	463	97	2390	510	4290	499	28	549	1365	4635	367	86
MSTRG.10475	8	122	39	96	560	58	60	55	81	480	6	81	430	193	474
MSTRG.10476	0	8	241	0	379	0	48	285	0	163	0	752	199	0	464
MSTRG.10477	0	11	237	4491	1292	0	309	111	2828	2467	0	37	89	1562	1590
MSTRG.10478	966	224	13	208	2406	558	71	7	144	2709	504	101	87	295	669
MSTRG.10479	1461	49	108	0	127	1671	42	65	0	350	820	0	73	0	125
MSTRG.1048	815	2145	3395	2038	1136	926	1820	1368	1153	2864	203	1228	2891	1515	2405
MSTRG.10480	1986	443	350	711	35	1324	350	413	887	26	1647	673	490	609	5
MSTRG.10481	52	2694	26	0	43	1345	4760	12	0	51	790	1177	54	0	35
MSTRG.10482	436	2214	882	2164	30	368	4110	1745	657	119	310	2950	938	819	46
MSTRG.10483	2678	312	266	7650	28	1626	534	71	8019	461	1887	537	235	3684	36
MSTRG.10484	618	82	1311	724	2940	560	13	9368	527	2581	550	39	1060	584	1931
MSTRG.10485	675	0	1	119	112	197	0	81	96	363	124	0	0	155	46
MSTRG.10486	0	95	375	72	768	0	136	208	83	690	0	70	54	58	381
MSTRG.10487	0	8	0	22	1724	0	12	0	7	2554	0	16	0	3169	869
MSTRG.10488	9	98	0	155	826	0	141	0	132	583	14	323	0	357	483
MSTRG.10489	272	1216	5526	0	1335	3677	1297	3432	0	2941	89	1426	4338	0	1410
MSTRG.1049	2241	6959	9120	22	30429	1053	3402	3937	157	23994	1131	4214	2564	56	30453
MSTRG.10490	5149	359	1274	11	277	4160	472	126	11	220	3180	495	580	10	275
MSTRG.10491	1805	1198	1678	313	2405	2168	945	1143	814	1218	1387	1008	2043	688	2573
MSTRG.10492	1333	0	0	28	778	856	3	0	11	1123	1767	0	0	34	997
MSTRG.10493	1807	257	36	35	293	1216	177	2659	76	2822	1091	195	2576	34	61
MSTRG.10494	1060	2783	0	63	0	111	3176	0	169	0	364	3169	0	79	0
MSTRG.10495	0	112	666	24	215	0	64	1102	92	120	0	90	624	89	311
MSTRG.10496	4	778	2155	836	1	437	2089	943	746	7	1	1837	2001	503	17
MSTRG.10497	0	119	2885	845	0	0	126	3024	511	0	0	50	2047	311	0
MSTRG.10498	434	45	875	2318	34	198	0	1097	3782	53	196	0	324	1557	9
MSTRG.10499	939	11	0	2119	111	3714	80	0	856	79	1544	4	0	308	104
MSTRG.105	9262	2512	10343	5005	45	6416	1562	6385	4628	8	7066	2646	1762	5305	0
MSTRG.1050	3396	544	1	63	51923	2894	557	0	58	7506	1515	300	31	41	21693
MSTRG.10500	400	0	18960	3191	91	437	0	15488	3887	77	127	0	25064	3976	178
MSTRG.10501	37706	52	1350	124	653	22041	54	390	419	644	20544	114	932	317	732
MSTRG.10502	22	1159	0	7806	0	43	2009	126	5528	0	5	1821	0	6607	0
MSTRG.10503	3867	412	544	126	0	8623	356	1251	89	0	2248	478	445	14	0
MSTRG.10504	3467	1156	2768	13997	749	1980	10771	1588	9253	862	1780	91	2687	6069	670
MSTRG.10505	1165	14249	9	1117	907	767	13975	32	1399	834	623	13460	8	804	375
MSTRG.10506	1375	3559	673	1787	108	518	1407	475	844	185	2054	1964	1040	1513	172
MSTRG.10507	7809	23	3651	1069	3036	4357	87	1679	1706	4340	7736	13	3976	730	2768
MSTRG.10508	748	3	0	24687	654	1104	145	0	20777	528	425	24	0	18073	377
MSTRG.10509	1954	284	355	438	31	1802	98	801	387	19	1663	116	612	321	42
MSTRG.1051	180	3	128	254	45744	138	5	128	161	9913	0	1	66	334	26894
MSTRG.10510	1096	90	497	492	101	422	67	426	1197	185	982	70	596	876	174
MSTRG.10511	2412	12093	7601	1203	594	1562	14227	5672	1525	378	1010	10012	8152	4159	366
MSTRG.10512	38370	995	1	990	0	27539	310	1	729	0	18123	877	1	1500	0
MSTRG.10513	1788	4187	239	0	1060	1130	1825	565	4	2498	907	2532	238	0	972
MSTRG.10514	1874	721	13553	1113	448	919	343	5721	1384	427	1207	450	13086	530	530
MSTRG.10515	128	9522	732	111	0	44	1983	501	66	0	158	1063	565	75	0
MSTRG.10516	344	11524	68	264	2027	206	5331	54	256	6268	352	30262	110	309	2247
MSTRG.10517	192	248	538	2	463	278	228	1041	3	713	346	269	536	1	774
MSTRG.10518	623	133	744	630	853	1337	266	445	639	760	255	299	42	387	974
MSTRG.10519	304	1495	496	0	626	204	2990	397	0	590	244	3813	598	5	897
MSTRG.1052	3481	6946	2177	86	204	1529	8942	9224	78	214	991	9544	1487	82	314
MSTRG.10520	2893	2389	98	1258	613	1770	2055	50	1890	817	1613	2832	37	1108	839
MSTRG.10521	1813	4929	123	29	1123	1738	3024	155	137	1502	1295	4599	50	38	910
MSTRG.10522	0	1635	192	125021	0	0	2126	158	42634	0	58	1553	149	19124	0
MSTRG.10523	119	9737	1641	429	169	29	11076	2028	717	796	2	7678	456	916	97
MSTRG.10524	3847	321	40	1576	0	8988	327	22	941	0	4025	252	0	975	0
MSTRG.10525	1619	2833	227	147	299	3211	4092	210	92	535	1032	3492	153	97	250
MSTRG.10526	1438	998	1832	80	1488	1731	812	2615	29	1931	1170	780	3262	32	275
MSTRG.10527	3800	2697	121	17	31	5330	6004	187	67	47	697	3015	67	7	69
MSTRG.10528	1000	5286	190	0	0	528	4143	405	19	0	648	4974	197	1	0
MSTRG.10529	228	424	0	160	55	188	372	0	184	413	238	309	0	14	157
MSTRG.1053	2202	1	0	1	78	2404	0	64	658	280	781	0	0	23	63
MSTRG.10530	1514	828	66	1728	2875	1289	703	39	4903	4816	256	707	11	508	4051
MSTRG.10531	116	94	51	457	148	60	169	40	565	224	47	82	40	398	248
MSTRG.10532	2053	2293	708	640	2515	741	2829	374	339	1804	664	2550	550	310	2372
MSTRG.10533	870	57	830	31	8	332	30	988	3	69	267	38	459	5	62
MSTRG.10534	1559	64	19	1757	710	905	12	5	2404	739	1205	44	7	856	599
MSTRG.10535	8342	727	749	1443	9	8592	272	574	2804	72	2275	492	745	1842	64
MSTRG.10536	1947	141	2606	147	2016	1418	139	3624	9485	3057	1275	150	1167	1497	1280
MSTRG.10537	1363	3551	391	190	933	949	4361	157	496	673	552	3218	210	575	793
MSTRG.10538	1206	35	1598	1272	701	348	109	783	817	681	355	369	426	1057	1860
MSTRG.10539	2136	1	352	1255	1652	354	0	314	1170	1318	880	0	239	1068	602
MSTRG.1054	1766	19532	123	1	8	1533	12099	22	662	0	1254	20522	80	17	5
MSTRG.10540	14	237	516	3251	228	31	333	677	1945	508	17	317	575	1401	119
MSTRG.10541	55	230	462	2601	0	108	102	614	1302	0	119	124	263	1717	0
MSTRG.10542	0	74	11990	809	2446	0	61	7435	101	1736	0	162	11755	662	18517
MSTRG.10543	725	427	0	3121	0	305	325	0	2371	0	428	263	0	777	0
MSTRG.10544	141	80	1089	108	37	188	96	14	120	58	209	117	1188	25	212
MSTRG.10545	326	279	5592	423	108	92	404	3826	340	181	114	320	5867	428	1570
MSTRG.10546	121	18	1311	1075	57	52	115	1577	922	163	34	20	1732	491	304
MSTRG.10547	0	734	752	13501	0	0	1631	34	13945	0	0	1182	355	7814	0
MSTRG.10548	0	806	215	2541	16	0	257	728	2909	8	0	208	203	2861	36
MSTRG.10549	0	1690	114	0	698	0	8049	2118	0	204	0	1499	142	0	1296
MSTRG.1055	162	188	100	1	992	167	157	19	667	700	102	37	0	19	1034
MSTRG.10550	3800	0	257	0	59	399	34	4233	317	1939	330	5	256	1	47
MSTRG.10551	0	175	17	103	9	0	1309	140	132	21	0	365	159	82	39
MSTRG.10552	0	0	907	724	33	0	0	1054	1079	144	0	0	1451	1002	74
MSTRG.10553	0	0	5046	744	19	0	0	8971	934	12	0	0	4010	826	35
MSTRG.10554	3339	4688	274	120	24	3387	3102	552	132	3	1522	3024	660	91	25
MSTRG.10555	52	1666	6169	5	437	180	459	315	267	739	58	949	4142	21	314
MSTRG.10556	1016	1183	11467	60	3450	1673	1150	8734	70	2004	398	1370	17037	16	1545
MSTRG.10557	51	23122	1154	875	30	92	20514	975	1506	83	9	15556	952	613	14
MSTRG.10558	7	11	1651	8743	300	20	58	679	7884	345	18	22	1252	7683	1831
MSTRG.10559	174	5373	5032	26500	12	174	10469	12472	17540	102	275	4382	6968	19566	31
MSTRG.1056	1	89	286	0	6175	1	109	104	866	9163	12	14	28	7	3571
MSTRG.10560	318	2609	225	110	0	244	2108	178	413	0	570	2093	159	47	0
MSTRG.10561	1342	1071	379	1197	3524	363	618	4569	644	2536	860	1023	645	1029	27267
MSTRG.10562	691	1261	246	4732	37	430	826	375	5805	156	418	1704	332	4325	26
MSTRG.10563	744	5102	1574	4434	0	582	4339	1084	8738	0	539	8584	254	12895	0
MSTRG.10564	462	1458	390	121	1257	229	2280	597	99	567	37	1831	384	159	534
MSTRG.10565	0	1096	32	1138	0	0	426	135	4702	0	0	1324	58	1028	0
MSTRG.10566	1622	1849	8472	550	10704	585	1816	1672	617	12516	40	1279	5620	824	5634
MSTRG.10567	2023	32698	3270	282	10581	2602	30518	2619	269	10950	491	20100	2529	300	7598
MSTRG.10568	1654	951	672	157	6	1335	951	343	50	120	872	1062	571	334	1
MSTRG.10569	42	132	1663	766	15	15	68	699	85	29	31	100	1685	648	28
MSTRG.1057	142	254	168	59	9525	32	127	40	703	11012	188	70	30	28	9642
MSTRG.10570	1382	1233	297	4878	0	911	913	530	3688	78	974	1158	491	5987	101
MSTRG.10571	12	86	1393	70	1	13	69	1513	448	394	31	163	1878	0	487
MSTRG.10572	0	228	21	87	8143	0	224	22	37	9267	0	363	296	103	6945
MSTRG.10573	125	6112	470	579	1305	33	3427	2461	517	1147	192	4453	437	529	694
MSTRG.10574	45	476	1302	1796	2	43	281	449	704	2	662	397	1011	358	44
MSTRG.10575	11	544	1262	2468	1221	196	2298	1613	1567	1297	18	692	1854	602	1444
MSTRG.10576	175	194	737	2	0	45	173	193	4	0	45	218	616	170	0
MSTRG.10577	95	84	1265	693	0	0	42	609	652	0	0	58	977	301	0
MSTRG.10578	437	1673	3176	125	55	380	1101	454	35	17	605	1706	1934	223	38
MSTRG.10579	2850	334	2446	184	13	4066	77	3569	248	231	648	52	2581	218	88
MSTRG.1058	382	0	264	0	2484	16	51	77	35	15487	3	112	16	0	2866
MSTRG.10580	3627	1653	0	45	1907	3234	1579	0	31	1826	2701	1528	1	0	1427
MSTRG.10581	411	0	176	4321	498	426	0	125	29192	355	407	0	58	3852	482
MSTRG.10582	103	45	111	0	380	32	2889	32	0	455	74	3382	368	0	724
MSTRG.10583	0	0	85	5	54	0	0	540	7	31	0	0	13	25	439
MSTRG.10584	185	28	102	3197	230	145	17	75	1940	691	92	9	15	1522	68
MSTRG.10585	0	31	165	429	9	0	55	200	1431	0	0	41	332	457	47
MSTRG.10586	1	824	171	212	817	86	1327	114	237	856	12	800	33	219	1188
MSTRG.10587	1326	35	685	1	304	1471	25	626	3	229	1230	0	513	12	335
MSTRG.10588	96	2823	33	8562	42	118	1386	59	6311	42	172	1647	53	7216	105
MSTRG.10589	536	4300	154	1325	20000	461	4036	696	632	54927	478	2661	420	1110	10014
MSTRG.1059	1	7960	990	17	38	5	7366	2732	113	20	48	5726	369	33	42
MSTRG.10590	1204	45	655	326	14042	776	32	365	236	6489	838	7	648	404	9515
MSTRG.10591	303	90	1486	330	30	164	25	1783	370	7	174	63	2064	436	22
MSTRG.10592	3955	475	3044	15	2	2751	847	3399	37	1	2392	455	1106	35	2
MSTRG.10593	12	2483	282	0	0	19	1712	216	0	3	22	2066	192	0	2
MSTRG.10594	827	0	2944	0	11	1178	0	25858	0	39	718	0	1488	0	32
MSTRG.10595	47	0	147	766	20	13	0	69	1395	47	44	0	56	325	51
MSTRG.10596	51	26591	49	11620	1619	168	17713	134	12291	1124	11	28630	45	5000	13278
MSTRG.10597	4	564	32	0	794	85	875	451	0	532	1	403	26	0	6326
MSTRG.10598	0	1143	192	103	536	0	223	206	41	399	0	570	370	205	4462
MSTRG.10599	1308	629	174	5059	3384	2322	838	130	7057	3199	1030	856	289	4996	2724
MSTRG.106	4567	7570	1036	155	165	3785	10710	705	87	77	2895	7622	204	23	103
MSTRG.1060	94	16	4664	363	141	118	22	3951	461	169	105	4	5394	247	244
MSTRG.10600	455	2205	570	2808	464	402	1379	534	2682	364	313	2189	280	1578	373
MSTRG.10601	1	1551	2504	77	0	1	901	2035	71	0	1	1813	1992	103	0
MSTRG.10602	24151	0	0	822	192	14058	0	0	976	749	14135	0	0	423	448
MSTRG.10603	10560	523	5541	16086	128	2722	1211	7415	9017	123	4187	653	5054	4411	79
MSTRG.10604	22	340	1430	1264	819	74	507	386	1645	553	13	52	1659	533	774
MSTRG.10605	323	639	3247	3172	98	101	427	1810	3252	90	102	464	2503	1186	11
MSTRG.10606	16651	711	412	2481	1564	12961	610	1080	3076	1874	9925	620	248	2177	1951
MSTRG.10607	1197	1	470	56	14	308	14	2784	92	234	946	26	411	19	348
MSTRG.10608	87	1275	82	148	0	24	1897	102	111	59	22	583	88	51	58
MSTRG.10609	497	263	46	2448	1382	207	109	290	1676	1921	362	411	86	2566	1428
MSTRG.1061	1959	5150	1252	206	1	2096	4632	3777	419	1	994	3681	3097	472	0
MSTRG.10610	15836	806	36	2014	1416	2245	566	21	3244	2613	881	847	77	1110	1850
MSTRG.10611	16226	1155	3395	85	1352	4068	1295	2596	92	15572	45142	1253	2332	0	13
MSTRG.10612	126	7234	418	143	0	119	4203	209	135	0	83	6688	362	15	0
MSTRG.10613	46	406	1137	4920	4845	63	722	578	4307	12702	66	856	533	3399	3888
MSTRG.10614	170	10643	3093	21166	335	216	7505	2634	1872	179	309	10269	1876	5642	590
MSTRG.10615	2084	555	1962	3606	866	2438	692	3018	1242	311	2552	475	2077	1018	328
MSTRG.10616	2063	88	265	33679	988	2269	52	188	57674	1223	1886	93	594	22565	1252
MSTRG.10617	4018	247	2810	20861	73	2510	220	1555	9586	100	2005	231	2588	8159	97
MSTRG.10618	2584	2507	0	21	0	2033	2809	0	11	0	988	3845	0	22	0
MSTRG.10619	6163	15	205	1	678	9103	67	298	1	662	6005	81	275	1	940
MSTRG.1062	6062	35	29968	5	5799	2771	14	7569	6	9070	2115	43	23909	22	3674
MSTRG.10620	177	0	0	1	344	274	0	0	0	966	180	0	0	1	315
MSTRG.10621	2122	35	674	789	275	3391	79	183	1089	201	968	66	418	1193	213
MSTRG.10622	1228	3858	126	4870	21	786	3160	99	6880	123	673	1725	129	6397	43
MSTRG.10623	2568	733	23	14	33	3650	533	70	211	125	2274	733	27	81	238
MSTRG.10624	6812	3132	0	9660	0	3769	1204	2689	24538	0	3494	823	0	15299	0
MSTRG.10625	428	1	1085	1839	3220	262	94	3881	2007	3335	210	83	1549	2056	1721
MSTRG.10626	1038	973	0	770	93	699	739	0	383	152	535	899	0	1133	152
MSTRG.10627	103	242	0	11	957	151	224	0	25	979	77	144	0	90	625
MSTRG.10628	3333	1329	887	8	523	2783	720	2152	73	377	1775	791	1037	1	546
MSTRG.10629	1	348	178	6	2195	0	587	176	211	3581	0	152	204	12	4131
MSTRG.1063	709	77	32019	2075	3997	358	62	52	3478	1374	31	162	41011	2250	3598
MSTRG.10630	46	823	714	3187	1698	31	861	371	3695	1257	13	798	298	1733	861
MSTRG.10631	34	554	115	685	5259	20	681	176	801	6841	44	372	242	414	2809
MSTRG.10632	964	9204	3648	1433	45	289	6061	5005	664	3	492	11261	3798	358	29
MSTRG.10633	181	0	871	3292	39	87	0	484	4535	93	37	0	418	6042	74
MSTRG.10634	4340	1524	76	62	22	4526	106	171	67	45	1875	1602	154	132	274
MSTRG.10635	64	197	867	0	82	40	361	790	0	309	228	278	695	40	197
MSTRG.10636	343	128	0	0	0	179	149	0	0	0	234	381	0	0	0
MSTRG.10637	574	476	88	0	519	272	739	31	163	774	429	383	297	5	516
MSTRG.10638	647	2030	1072	65	0	189	1259	1649	81	0	234	1725	1098	126	0
MSTRG.10639	124	0	629	61	30	59	0	688	83	43	82	0	634	99	37
MSTRG.1064	217	1729	30465	1746	442	2	2038	118	2116	1055	25	1246	25326	643	298
MSTRG.10640	342	2384	39883	321	100	282	2658	46919	930	42	177	2093	39887	420	43
MSTRG.10641	6	2682	3598	1767	517	106	5277	2505	1069	345	2	2475	4304	1784	720
MSTRG.10642	1266	1193	1021	1353	904	1640	581	694	2384	832	320	2079	1329	1366	444
MSTRG.10643	877	2444	5359	0	5879	287	1481	102	0	13661	319	1965	2082	0	3025
MSTRG.10644	1905	149	82	32	3096	11177	307	7	74	2047	667	149	24	70	22935
MSTRG.10645	602	248	2587	186	0	645	1163	8961	149	0	190	318	3056	207	0
MSTRG.10646	1245	68	250	65	0	767	59	163	98	166	510	147	1004	57	1
MSTRG.10647	0	31	2	15	103	0	228	41	3	96	0	62	0	62	683
MSTRG.10648	4287	35	209786	28819	135	1404	22	263072	11931	4	3195	58	232902	20214	20
MSTRG.10649	1060	3454	2	17	971	1133	2907	36	10	708	564	2438	22	6	7755
MSTRG.1065	6	28387	1372	859	812	4	27159	670	418	1327	1	17662	1228	277	909
MSTRG.10650	2114	185	244	522	966	1195	217	167	246	765	989	163	345	210	7716
MSTRG.10651	0	934	4	73	0	0	607	2	9	0	0	510	4	72	0
MSTRG.10652	95	1838	0	0	48	3392	2407	115	0	117	2150	847	128	0	11
MSTRG.10653	0	1100	65	641	761	0	554	100	671	1297	0	740	244	328	683
MSTRG.10654	61	2510	3	586	6124	35	3132	0	511	5775	66	2455	0	506	6458
MSTRG.10655	604	373	730	138	8581	3	314	37	639	16403	60	513	367	64	25061
MSTRG.10656	45	66	393	62	2207	7	42	227	50	5098	0	95	355	87	1623
MSTRG.10657	1332	2150	207	0	1164	1337	1264	123	0	913	682	3087	234	0	801
MSTRG.10658	2671	17704	2	78	4186	4049	31263	0	119	5821	1786	16614	1	82	4052
MSTRG.10659	49	3211	1	89	1361	43	4511	1	906	6314	2	1804	0	101	3328
MSTRG.1066	4827	2	7533	765	0	6606	0	5936	5566	81	3807	36	5322	993	58
MSTRG.10660	0	479	808	91	53	0	50	821	473	96	0	165	666	160	114
MSTRG.10661	0	408	24	256	783	0	1014	11	469	4269	0	345	49	360	987
MSTRG.10662	32065	696	0	24	430	17145	2961	78	372	332	26481	1153	0	213	476
MSTRG.10663	1063	29	1	879	269	737	207	2	388	193	578	161	1	520	326
MSTRG.10664	1298	844	0	102	315	226	962	0	260	76	629	1355	0	95	422
MSTRG.10665	16	171	1905	1862	678	84	985	3594	370	28	14	605	3745	627	247
MSTRG.10666	671	1109	590	620	16	976	799	1031	1015	151	366	702	936	714	24
MSTRG.10667	2958	16486	159	6	51	1908	15719	57	536	1	1564	20750	152	105	24
MSTRG.10668	18	1083	616	0	719	37	1096	311	0	532	45	1174	752	0	553
MSTRG.10669	712	1257	716	99	284	660	704	437	23	218	761	774	1019	58	537
MSTRG.1067	46352	395	14515	975	0	26806	250	12671	959	1	28865	135	11430	485	19
MSTRG.10670	4275	4565	762	4	2927	2216	14222	408	5	5238	3679	5452	988	25	2159
MSTRG.10671	0	102	1224	47	2140	0	133	1107	19	1011	0	42	1002	8	598
MSTRG.10672	226467	24	0	641	31	200325	112	0	569	165	159932	56	0	537	111
MSTRG.10673	15830	469	59	2946	2043	12518	2589	1247	2834	3494	9621	1162	35	2742	2588
MSTRG.10674	2	372	0	20	131	1	437	0	562	477	3	307	0	50	349
MSTRG.10675	1	1	360	120	5047	1	27	875	262	5181	1	0	451	97	6082
MSTRG.10676	72	2352	343	2071	125	43	1851	56	2598	101	35	491	32	2231	14
MSTRG.10677	1	431	3085	0	10964	1	659	995	192	11802	1	445	1388	3	5616
MSTRG.10678	1	16	46	836	2076	1	0	91	999	4366	1	0	116	660	1692
MSTRG.10679	1	5556	0	47	1555	1	4295	0	45	806	1	4089	0	33	1445
MSTRG.1068	15	2026	1	245	235	7	5182	1	45	273	1	1747	0	982	116
MSTRG.10680	65	1907	158	127	728	53	2215	1355	252	1299	63	1944	175	113	579
MSTRG.10681	93	449	3466	887	21727	69	785	3269	1346	24422	81	526	4583	717	16182
MSTRG.10682	14	843	275	23	358	32	822	343	42	287	7	1441	248	54	237
MSTRG.10683	21	98	120	542	456	37	683	59	742	805	0	523	63	906	567
MSTRG.10684	0	203	2475	1920	1	1	31	1793	1821	3	1	53	2386	1602	93
MSTRG.10685	450	1497	3	1362	633	191	1425	20	2269	1192	1080	1772	9	1697	861
MSTRG.10686	1311	559	53	0	1228	841	1667	24	0	1304	992	661	286	0	1879
MSTRG.10687	9024	317	657	2985	22	5562	436	553	717	107	6307	171	1041	1100	16
MSTRG.10688	610	1403	6	0	1171	590	463	28	0	1379	497	802	13	0	675
MSTRG.10689	12511	1820	2545	1527	79	6769	1285	3804	1131	72	8895	2068	2336	564	45
MSTRG.1069	157	0	2534	20	0	79	36	2534	109	0	10	0	3547	225	0
MSTRG.10690	918	100	1193	17	233	644	32	1368	3	367	427	35	827	18	311
MSTRG.10691	172	11	972	5374	1	40	37	702	1868	3	87	11	2630	4642	6
MSTRG.10692	823	1640	2185	483	480	1021	1173	1054	119	618	569	752	774	185	381
MSTRG.10693	701	4271	0	3231	1009	257	1568	0	1087	1489	49	3594	0	2331	737
MSTRG.10694	736	2772	6623	0	58368	506	2541	4419	30	74186	376	3270	1386	1	62333
MSTRG.10695	110	603	1852	48	411	34	316	1108	3	505	22	354	473	50	636
MSTRG.10696	90	53	0	304	1200	122	51	0	206	984	8	119	0	386	940
MSTRG.10697	1496	51	47	81	137	1467	198	69	931	31	268	155	252	752	148
MSTRG.10698	459	71	684	2472	95	265	299	305	1598	78	227	50	194	487	74
MSTRG.10699	2942	103	182	699	179	2811	24	149	680	74	3031	34	296	569	32
MSTRG.107	751	547	1158	149	0	583	512	1152	89	0	860	1207	1759	129	0
MSTRG.1070	248	229	4658	1504	75	91	152	3618	2312	39	23	21	8540	1665	80
MSTRG.10700	14	222	0	0	72	11	271	0	20	62	38	366	0	25	15
MSTRG.10701	0	608	903	26	849	0	481	104	0	3158	0	561	1421	0	390
MSTRG.10702	42	458	105	382	134	83	496	2610	355	258	69	301	49	201	64
MSTRG.10703	756	1	58	287	331	474	1	4	290	103	888	2	77	156	227
MSTRG.10704	226	813	644	2724	1401	346	402	428	2136	1729	310	606	346	1039	1440
MSTRG.10705	22	1627	2470	0	1918	59	1817	415	0	2799	3	2159	2215	0	1957
MSTRG.10706	1009	3107	933	212	952	866	3011	734	361	1090	685	1057	595	252	922
MSTRG.10707	4089	357	0	700	123	4160	328	12	198	9339	1256	204	35	518	225
MSTRG.10708	534	98	17	3	6	281	232	310	42	28	100	94	65	19	2
MSTRG.10709	1806	32	0	3	840	438	305	0	20	1109	526	43	0	75	1481
MSTRG.1071	0	5440	2893	5523	93	18	3637	520	5341	92	137	5438	3301	1707	194
MSTRG.10710	188	0	12852	15	10	475	0	7955	5	1	38	0	2744	119	6
MSTRG.10711	817	194	0	1440	1345	1039	283	0	3313	1159	591	307	0	1039	1036
MSTRG.10712	858	0	0	290	2959	558	0	0	47	1991	246	0	0	129	1751
MSTRG.10713	40	0	379	1219	2291	53	0	516	4374	1410	45	0	368	1711	2099
MSTRG.10714	704	43	0	621	636	593	61	0	366	128	952	56	0	366	1010
MSTRG.10715	1736	106	21515	15470	3626	71	66	70672	2251	4410	1866	83	14967	1951	1649
MSTRG.10716	10366	20	17356	17098	2352	7152	8	3331	5559	3444	12422	15	43002	2997	4838
MSTRG.10717	213	61	53	758	0	86	6	21	455	0	19	17	19	364	0
MSTRG.10718	227	94	1	1995	97	320	71	38	2012	56	210	63	2	1706	169
MSTRG.10719	159	12	7	1439	465	299	41	0	695	350	232	15	1	1600	381
MSTRG.1072	8499	1121	1521	1999	661	6199	3099	1941	2075	675	4232	3069	1428	1470	424
MSTRG.10720	613	1121	1	38	1266	522	3667	1	73	675	259	1538	1	52	367
MSTRG.10721	3752	136	10900	662	1713	1818	15	5524	490	2107	1537	2	10115	344	1140
MSTRG.10722	0	0	1265	117	867	0	0	973	140	795	0	17	1761	1132	484
MSTRG.10723	3674	0	0	1858	130	3307	0	0	488	58	1813	0	0	1723	40
MSTRG.10724	3152	0	0	31	133	4067	0	0	17	166	2077	0	0	34	294
MSTRG.10725	1543	948	97	11	193	573	1732	208	602	21	2733	865	86	57	133
MSTRG.10726	3283	889	2814	1125	2	2566	859	1047	1603	46	1515	540	3168	1288	49
MSTRG.10727	621	244	1057	0	4558	455	211	293	0	10541	236	294	813	0	3189
MSTRG.10728	703	2926	583	952	0	1545	5825	720	1324	0	226	3602	998	1174	0
MSTRG.10729	64	661	59	914	0	37	542	22	1055	0	115	566	393	3069	0
MSTRG.1073	3	6099	3	5	461	18	2513	25	4	196	0	1652	113	14	224
MSTRG.10730	51	147	88	181	2734	112	247	2764	273	2098	94	201	114	651	1750
MSTRG.10731	20	818	0	0	318	227	561	2	0	1165	62	632	62	0	564
MSTRG.10732	27	0	1100	209	0	52	0	318	86	0	41	0	1434	146	0
MSTRG.10733	2579	212	283	1542	0	1096	124	233	1469	0	1523	272	521	560	0
MSTRG.10734	196	938	20	1	400	138	2101	114	22	1480	158	927	5	34	312
MSTRG.10735	932	1051	25	93	10207	546	1981	44	104	13490	491	477	41	82	5523
MSTRG.10736	2098	504	43	553	0	2611	696	117	577	0	598	686	116	488	0
MSTRG.10737	823	0	15	414	351	441	0	214	566	571	245	0	19	556	304
MSTRG.10738	2049	1591	8034	4	4348	1849	3803	5174	29	5721	848	3245	1535	1	3324
MSTRG.10739	3080	535	2825	2037	2018	3949	1242	1854	2928	2349	2414	1415	604	1911	1694
MSTRG.1074	5445	5774	233	21	2061	5077	3002	245	42	2750	3282	5073	195	53	2552
MSTRG.10740	296	989	3544	565	209	242	458	2560	994	215	340	895	2346	702	229
MSTRG.10741	45	46	775	580	160	48	60	341	198	94	67	28	787	365	67
MSTRG.10742	3060	575	0	943	6638	1140	541	0	501	8115	3565	977	0	479	7454
MSTRG.10743	23219	413	160	316	1115	34089	500	1181	458	692	11664	664	560	177	1935
MSTRG.10744	4982	1465	144	394	431	4506	1194	194	31	214	4070	958	171	196	397
MSTRG.10745	644	0	1049	707	552	171	0	703	745	258	305	0	1054	504	239
MSTRG.10746	496	53	371	292	58	769	1161	132	2135	104	134	58	14	371	107
MSTRG.10747	336	0	1661	1490	1001	3242	0	2178	981	836	149	0	1719	1779	512
MSTRG.10748	20	406	20	21	14627	96	725	408	301	7733	185	343	403	50	4570
MSTRG.10749	769	28	32	3002	1050	966	109	6	2452	1023	947	40	12	2760	563
MSTRG.1075	1128	150	0	5440	77	253	42	0	4139	610	1222	134	0	4310	106
MSTRG.10750	226	1325	1514	103	466	616	400	1591	115	371	296	423	2454	441	149
MSTRG.10751	2010	32	1529	834	2085	686	84	1977	205	2414	246	43	1677	291	2375
MSTRG.10752	14634	0	2220	991	49	16090	0	24002	1207	87	18890	0	27	716	33
MSTRG.10753	1839	367	0	197	1785	853	805	0	502	1238	690	685	0	94	1071
MSTRG.10754	5344	2443	6049	1461	1263	10068	2434	5258	1886	2106	3413	2716	5975	1890	1122
MSTRG.10755	312	392	299	573	71	185	318	96	625	53	260	301	254	489	4
MSTRG.10756	581	193	1192	4	153	2977	71	499	66	127	568	65	776	7	52
MSTRG.10757	258	1961	1360	3	2667	468	2118	1090	34	3704	259	2339	1711	0	1907
MSTRG.10758	1724	19	217	0	0	1777	306	122	48	0	320	47	118	5	0
MSTRG.10759	483	812	0	0	12358	591	650	0	0	2970	455	819	0	0	4882
MSTRG.1076	16	1299	74	27857	169	13	923	72	13176	157	19	1332	200	15141	248
MSTRG.10760	6411	109	1317	116	2116	3268	126	1075	318	903	2178	105	1496	180	1750
MSTRG.10761	3165	2467	370	2	2209	2557	3898	735	42	1538	1840	2261	719	0	18374
MSTRG.10762	626	925	385	2342	5203	510	1530	384	9600	3870	510	871	366	1650	39290
MSTRG.10763	1561	239	91	2860	183	705	392	104	2951	173	1711	1527	237	2394	975
MSTRG.10764	487	3060	0	111	941	450	1666	0	139	1587	452	1986	0	515	834
MSTRG.10765	79	0	4008	9	363	6	0	1904	7	926	82	0	2852	73	695
MSTRG.10766	64	4151	260	152	1412	39	27892	135	127	1723	56	7261	239	162	1041
MSTRG.10767	1935	1179	0	0	1	1359	7068	0	0	15	1447	2311	0	0	0
MSTRG.10768	43	0	1169	589	0	28	0	1079	260	17	141	0	933	361	1
MSTRG.10769	997	43	0	77	1047	1842	75	0	148	731	559	287	0	179	552
MSTRG.1077	263	7049	82	28	784	154	6546	84	34	855	138	5161	156	118	743
MSTRG.10770	957	339	2173	795	1993	759	1990	463	1697	4448	790	871	1114	689	2249
MSTRG.10771	2494	331	4871	387	92	1640	282	2594	851	152	1531	697	4658	1393	186
MSTRG.10772	1111	5	783	1220	0	261	77	354	5725	0	546	62	795	6369	0
MSTRG.10773	505	0	6	69	259	19	0	16	161	660	7	0	38	106	299
MSTRG.10774	1956	19	50	260	2193	1129	16	22	238	896	626	41	65	109	2427
MSTRG.10775	4567	1120	138	547	1266	1499	324	401	246	1597	3377	1510	273	293	949
MSTRG.10776	3275	145	75	43	40	2988	1900	99	61	65	1898	323	87	44	86
MSTRG.10777	1328	26	306	705	35	491	36	669	709	61	580	84	613	316	44
MSTRG.10778	122	55	0	25	32	161	36	0	91	44	121	146	0	44	31
MSTRG.10779	170	2749	52	1105	156	200	2235	73	2158	101	133	1188	65	837	85
MSTRG.1078	213	12614	715	520	10386	95	6472	752	448	11818	159	10445	147	451	6178
MSTRG.10780	103	99	59	1245	549	581	71	7	807	485	9	86	20	576	127
MSTRG.10781	125	69	62	0	14119	26	23	76	0	5184	60	32	80	0	21407
MSTRG.10782	304	513	8	0	380	201	2686	3	0	262	187	1042	49	0	262
MSTRG.10783	676	17	18	32	0	548	156	30	424	7	536	45	35	74	0
MSTRG.10784	16	0	625	3446	3636	86	0	323	4450	3330	29	0	638	3809	2920
MSTRG.10785	102	7773	445	1	105	30	50382	391	1	35	56	14055	593	2	207
MSTRG.10786	98	19	3350	239	0	537	23	5483	319	0	487	55	2565	808	0
MSTRG.10787	1	138	2145	342	610	1	0	882	785	395	2	0	377	279	486
MSTRG.10788	852	2425	38	624	506	315	726	199	267	310	512	1971	109	551	609
MSTRG.10789	1676	0	2286	535	62	2087	0	2918	665	44	1894	0	3350	440	65
MSTRG.1079	2154	3845	464	2429	15	1667	10752	149	1732	103	747	4023	299	2209	277
MSTRG.10790	3720	34764	74	21504	0	3430	15491	341	11637	0	757	47738	410	4970	0
MSTRG.10791	535	5522	6458	11877	78	230	37012	3737	22802	139	164	9673	12215	7975	76
MSTRG.10792	93	5032	197	1	193	238	31626	115	3	696	82	8573	61	1	220
MSTRG.10793	0	22611	11815	104	74	0	19816	6758	147	227	0	20996	11535	2	77
MSTRG.10794	154	1092	620	1242	233	308	6624	1259	1367	511	281	2067	828	689	206
MSTRG.10795	0	21	3663	1	24	0	459	1769	1	316	0	23	3253	21	233
MSTRG.10796	0	68	1071	6	908	0	47	1914	21	486	0	130	792	2	552
MSTRG.10797	56	1339	26110	9763	1765	55	8871	12218	8946	1012	35	2810	26090	4408	981
MSTRG.10798	138	109	399	3843	721	66	576	358	6386	387	14	180	274	3732	722
MSTRG.10799	22395	57	562	45	10	19462	314	1160	2	534	16745	330	337	20	12
MSTRG.108	235	259	2539	1970	1481	221	49	850	2180	1596	261	271	2742	2009	1353
MSTRG.1080	31993	1	2279	3435	5607	21563	1	3563	5198	4263	9134	1	2630	3505	5696
MSTRG.10800	18505	163	1254	211	33	14996	544	249	1531	24	12793	207	1189	95	1
MSTRG.10801	399	3766	1792	11	86	1	26223	775	3	131	1	6986	2201	2	26
MSTRG.10802	416	1107	0	1	27	0	6924	1	1	21	1	2026	0	2	1
MSTRG.10803	255	1613	1513	9	0	103	10468	1292	1	0	240	3370	1187	66	0
MSTRG.10804	97	311	865	249	700	32	2036	1029	314	439	26	911	574	352	4516
MSTRG.10805	19	67	2	578	3291	163	20	3	605	2089	14	154	5	536	22061
MSTRG.10806	6326	7	609	265	116	8999	2	545	536	270	5726	20	513	260	29
MSTRG.10807	19	107	96	38287	126	35	149	136	3371	185	5	151	176	11826	687
MSTRG.10808	10	6	1349	456	0	127	35	1775	773	44	0	9	1219	253	0
MSTRG.10809	115	1311	34	287	2585	82	314	142	875	1803	198	1205	65	411	17877
MSTRG.1081	202	9709	199	2016	3	231	8665	275	19373	11	139	8224	310	3918	96
MSTRG.10810	0	65	65267	657	6313	18	102	6094	266	22435	0	37	40024	1030	4057
MSTRG.10811	19	28	1610	0	1204	17	0	1069	0	1538	24	0	1494	0	1128
MSTRG.10812	17	6	162	0	617	146	19	206	0	438	4	36	32	0	1355
MSTRG.10813	29	15	83	719	27	1	12	137	45	23	5	79	38	660	28
MSTRG.10814	103	199	290	5	26	69	9	24	0	28	79	3	0	0	191
MSTRG.10815	256	4	1406	3228	21	143	1	1549	2150	3	335	1	1055	4693	12
MSTRG.10816	24	11995	601	3195	10	168	7003	291	3791	86	147	8990	225	2607	5
MSTRG.10817	6	975	145	5765	878	43	887	33	4648	604	61	1164	84	4322	4889
MSTRG.10818	45	0	1392	254	49	47	0	1504	665	33	71	0	1645	376	471
MSTRG.10819	27	0	2388	30	147	14	0	5011	57	197	0	0	2365	93	977
MSTRG.1082	2197	5	1	464	1369	4789	54	0	1131	1289	1608	5	3	385	1171
MSTRG.10820	283	31	241	339	659	34	181	17163	767	372	66	157	228	281	152
MSTRG.10821	2	2565	100	717	39	0	2466	310	260	14	0	2918	7	345	18
MSTRG.10822	63	1772	1338	0	386	1423	485	1225	0	546	56	1205	1733	0	894
MSTRG.10823	60	600	1587	3956	1892	0	526	1338	1690	1750	49	1245	1664	599	1599
MSTRG.10824	14	256	2994	215	1533	33	229	1500	527	1858	0	647	1830	294	2009
MSTRG.10825	195	21	2651	133	0	13272	15	1434	49	0	29	64	2505	135	0
MSTRG.10826	77	213	583	3	1720	90	72	76	16	1183	85	215	1067	4	1255
MSTRG.10827	165	1188	3797	32	9	146	786	618	22	0	565	1865	1603	25	5
MSTRG.10828	159	221	68	1442	62	62	379	78	506	49	333	344	40	624	11
MSTRG.10829	2286	137	497	513	1588	3496	71	206	1191	1230	1087	140	737	319	848
MSTRG.1083	0	4416	859	4	19	79	1811	856	284	126	0	4512	900	94	43
MSTRG.10830	0	72	1025	211	2838	0	198	863	206	4264	15	100	707	134	3938
MSTRG.10831	0	3876	6603	60	403	0	26942	4226	15	179	0	6391	6747	23	184
MSTRG.10832	0	1881	11180	6986	168	0	13509	6592	8778	194	0	3737	2298	3698	110
MSTRG.10833	1083	17	0	1752	2564	1352	50	0	2231	1457	506	89	0	874	2233
MSTRG.10834	10	1117	2	0	39	271	553	244	0	0	3	1166	1	0	81
MSTRG.10835	2156	30	496	361	305	3956	5	547	325	218	2635	25	91	157	344
MSTRG.10836	1006	443	117	557	120	849	1548	2	348	538	420	938	90	330	731
MSTRG.10837	173	938	3501	114	1988	160	905	2463	59	1032	259	839	732	62	679
MSTRG.10838	3835	511	3108	451	950	4634	112	1937	266	295	2115	205	706	333	856
MSTRG.10839	40	1384	0	215	0	36	1918	0	200	0	82	1562	0	579	0
MSTRG.1084	239	1338	9109	135	15	115	1522	2641	57	33	20	1256	9477	134	56
MSTRG.10840	1046	26	504	0	0	523	545	229	0	55	663	445	66	4	7
MSTRG.10841	1467	1894	39	481	25	938	1540	64	625	0	617	2054	68	329	0
MSTRG.10842	0	1093	77	1538	4	0	2074	57	1809	62	0	1841	33	1591	3
MSTRG.10843	310	3363	829	27	5	123	8678	1116	41	19	341	43	825	44	3
MSTRG.10844	1143	6544	7165	529	353	2084	4407	5008	609	542	621	5447	7939	211	537
MSTRG.10845	803	0	24048	585	44	637	0	16609	228	72	499	0	19893	518	98
MSTRG.10846	920	426	84	1116	2078	701	181	54	416	1574	1207	465	63	516	628
MSTRG.10847	235	1174	968	552	0	125	887	560	613	0	204	558	1156	460	0
MSTRG.10848	97	1745	4484	1716	180	31	1178	3291	2419	427	37	2008	5480	2288	393
MSTRG.10849	848	194	5461	7149	487	411	128	4761	10338	238	719	123	7192	5940	448
MSTRG.1085	67	2	94	1417	222	61	104	173	798	215	20	145	73	1879	255
MSTRG.10850	815	0	1000	108	0	465	0	4905	108	0	857	0	577	103	86
MSTRG.10851	476	1357	673	1630	1732	476	657	681	966	2182	319	1832	814	1383	815
MSTRG.10852	1185	447	380	524	144	1250	1134	383	390	46	572	460	362	401	131
MSTRG.10853	0	8045	14	14800	1027	0	6117	37	6145	2852	0	5231	5	6047	1339
MSTRG.10854	161	8015	244	3220	359	962	7255	15	2653	802	41	6462	254	2589	173
MSTRG.10855	0	2	810	0	504	0	84	91	0	244	0	0	687	0	540
MSTRG.10856	507	15	0	5147	10639	661	639	315	7440	2997	204	1357	0	5039	1941
MSTRG.10857	2544	93	3811	6196	7842	1946	17	3199	3957	8525	865	11	3561	7800	5056
MSTRG.10858	352	6	435	50	429	2527	0	290	62	546	578	61	456	140	350
MSTRG.10859	3233	350	1460	56	1716	3728	257	351	35	2416	3331	368	566	56	967
MSTRG.1086	270	183	11	1242	35	63	362	237	406	64	3	72	211	133	99
MSTRG.10860	532	10	1975	7902	843	333	0	129	5857	954	255	37	1344	3858	1367
MSTRG.10861	240	257	19	716	2	56	183	0	320	20	89	250	256	146	15
MSTRG.10862	1561	0	558	10	697	1950	0	119	2	597	1346	0	908	36	753
MSTRG.10863	1209	3080	39	9374	78	1282	3575	410	15509	263	452	1952	238	9273	535
MSTRG.10864	880	537	86	2480	1106	734	193	292	2734	1096	643	338	306	2520	1987
MSTRG.10865	3584	933	140	478	31	3713	916	71	811	20	1942	1022	0	1450	45
MSTRG.10866	1257	0	4023	222	1483	958	0	5168	457	1404	452	0	4116	604	8982
MSTRG.10867	217	1706	0	4	0	140	935	0	39	0	967	1177	0	1	0
MSTRG.10868	3245	4339	23	14	0	2188	2729	6	14	0	1449	3548	46	27	0
MSTRG.10869	127	807	2470	2597	1243	150	496	923	3109	911	40	644	3166	2325	10045
MSTRG.1087	1252	0	5638	989	6	1790	0	4039	851	184	156	0	6335	691	1
MSTRG.10870	0	219	311	7789	1284	0	107	660	11979	2825	0	261	581	6532	2185
MSTRG.10871	13783	177	259	3263	148	13987	280	313	4729	231	3731	602	229	1821	434
MSTRG.10872	3475	62	0	893	0	3717	36	0	585	0	1014	55	0	317	0
MSTRG.10873	0	60	10084	754	89	0	59	10448	75	175	0	100	5973	2184	103
MSTRG.10874	83	306	1809	344	1081	84	712	926	173	1258	165	682	2827	318	860
MSTRG.10875	713	7	541	4424	1	1206	18	101	2569	101	492	32	755	2054	86
MSTRG.10876	525	0	0	120	96	166	0	0	24	72	161	0	0	103	556
MSTRG.10877	48	52	0	192	1046	47	78	0	186	721	88	62	0	200	7886
MSTRG.10878	0	44	573	779	6	0	4	1695	475	20	0	6	385	453	0
MSTRG.10879	335	73	9330	7579	132	265	139	7997	2203	171	428	76	6314	455	101
MSTRG.1088	5600	63	1834	1	5	4063	51	1294	12	171	5467	136	1833	25	1
MSTRG.10880	0	22807	0	208	2404	0	51049	0	105	2253	0	14423	0	113	1897
MSTRG.10881	1747	367	404	167	134	270	781	448	297	66	1779	948	317	641	180
MSTRG.10882	135	10067	4706	515	480	1974	9891	4624	806	1088	109	9418	4534	549	494
MSTRG.10883	25	18	869	1679	278	8	28	1410	1884	89	61	14	2074	1345	204
MSTRG.10884	26	1	2	611	1144	7	16	3	703	564	18	1	24	686	582
MSTRG.10885	58	105	78	1055	263	129	105	142	1300	261	35	50	111	855	205
MSTRG.10886	55	345	1313	7165	29	11	308	1341	12198	17	126	529	744	6144	54
MSTRG.10887	41	6433	15697	1249	415	19	4391	5185	1311	742	58	7042	6484	458	815
MSTRG.10888	2463	5254	1671	823	216	1694	34499	1512	563	1102	762	9336	1174	686	228
MSTRG.10889	1638	2066	2924	458	1446	1725	6318	1247	478	746	544	2581	1056	328	1965
MSTRG.1089	1311	743	32	47	4	3363	819	160	5	180	2119	587	48	21	2
MSTRG.10890	8	0	2309	0	119	10	0	2123	2	147	22	0	2022	2	68
MSTRG.10891	20	0	44	2344	22	130	248	29	107	249	32	1	5	3644	18
MSTRG.10892	0	317	100	45	2065	0	3041	35	75	3435	0	413	138	83	1840
MSTRG.10893	25481	2236	2700	1488	5	26103	15560	298	2083	13	6733	4123	3136	2159	9
MSTRG.10894	0	749	1266	445	56	0	5031	1899	334	131	0	1372	1774	603	461
MSTRG.10895	16	1188	116	0	559	0	7082	20	427	332	253	2136	1	7	259
MSTRG.10896	1539	232	187	3	833	354	1580	151	1100	811	752	378	71	14	538
MSTRG.10897	0	14	3741	632	153	0	94	2660	1153	227	0	14	2813	970	144
MSTRG.10898	0	128	0	180	2527	42	76	0	65	1767	4	25	0	342	19750
