gene_id	B100	B105	B110	B135	B175	B200	B205	B210	B235	B275	B300	B305	B310	B335	B375
MSTRG.9	584	716	482	726	1242	300	667	251	63	874	251	337	303	36	334
MSTRG.90	3905	1005	3558	3952	3112	1945	1492	1644	2439	2358	2105	1164	2171	2484	1637
MSTRG.900	2682	266	76	1162	75	2007	135	0	2233	116	1228	206	284	650	155
MSTRG.9000	10954	4462	900	707	221	9748	3803	374	1081	477	5374	2409	257	856	196
MSTRG.9001	945	880	13877	415	764	363	482	8719	606	1970	652	858	2979	292	889
MSTRG.9002	18	4849	0	226	13895	185	9069	0	114	19105	29	5049	0	178	10263
MSTRG.9003	271	578	0	180	2957	31	674	0	656	2034	344	116	0	272	3985
MSTRG.9004	958	497	4924	712	2812	614	309	5449	745	3746	636	965	5105	1051	2958
MSTRG.9005	951	554	221	683	455	583	400	556	876	351	1440	647	231	406	285
MSTRG.9006	262	1524	1099	948	8388	484	864	1529	2742	21994	324	1275	1264	1456	8344
MSTRG.9007	10384	2	30	3363	605	8697	27	14	5692	283	7174	0	56	9767	969
MSTRG.9008	240	10	5687	105	3339	250	7	6040	103	2560	76	7	4569	41	4034
MSTRG.9009	5274	8905	1189	1514	2658	3655	13878	1105	3342	3121	3524	6572	1026	2596	4628
MSTRG.901	238	594	94	1346	520	128	234	53	915	411	52	515	156	874	476
MSTRG.9010	638	2176	5176	5924	5	664	2968	10734	5053	35	238	1955	2351	5354	73
MSTRG.9011	85	191	125	280	69	69	50	69	145	123	51	151	18	45	65
MSTRG.9012	1803	1059	745	32	0	1758	685	157	38	0	1497	1046	22	8	0
MSTRG.9013	1271	406	108	22663	3449	625	167	19	32802	5381	544	355	69	12908	2820
MSTRG.9014	1398	35	93	7067	391	410	26	128	15055	313	918	21	78	6051	127
MSTRG.9015	2187	4345	545	351	2681	1635	2434	859	1741	1650	845	3574	686	247	1833
MSTRG.9016	3992	82	4717	419	836	2717	97	3122	1325	690	765	32	1084	191	550
MSTRG.9017	1281	0	3224	43	1824	788	0	2111	72	1784	1160	3125	1045	34	1577
MSTRG.9018	179	2045	0	540	2912	238	1403	52	1481	2320	420	2311	8	382	2618
MSTRG.9019	0	416	688	389	85	1	108	270	149	356	9	185	152	430	1511
MSTRG.902	160	1823	658	3758	6730	331	606	580	24963	7142	6	1614	1793	1802	4089
MSTRG.9020	3757	7173	2642	429	0	2568	5003	8968	1098	0	4204	5484	3568	562	0
MSTRG.9021	6675	10422	31	219	886	3719	239	55	161	692	2982	376	29	249	258
MSTRG.9022	3565	2712	6579	263	118	1838	3746	5993	322	134	1195	3008	14559	200	37
MSTRG.9023	564	928	550	11	1418	463	835	164	3	926	495	2189	459	2	978
MSTRG.9024	4101	1104	2270	138	0	3018	388	103	427	43	1033	793	1577	522	0
MSTRG.9025	627	50	1349	1466	276	542	154	1011	596	380	277	434	1668	921	144
MSTRG.9026	185	23	4210	1348	198	57	12	2889	3385	255	34	87	4126	1390	151
MSTRG.9027	1768	447	677	2570	325	1741	229	243	6002	269	817	425	382	1929	160
MSTRG.9028	2150	1086	229	550	71	889	1426	111	887	39	830	1202	120	236	48
MSTRG.9029	1220	1866	1111	615	1041	1057	2634	457	891	729	614	1305	1302	704	1524
MSTRG.903	164	1369	0	990	241	60	694	0	2108	84	27	2081	0	1631	182
MSTRG.9030	8775	3335	45	214	67	4831	2849	26	252	522	1479	6011	71	61	63
MSTRG.9031	746	1	697	542	357	142	1	680	433	647	863	2	714	622	380
MSTRG.9032	1616	78	2308	34	101	895	105	2681	154	162	2047	47	2513	42	34
MSTRG.9033	0	172	273	340	3267	0	1	222	328	3810	0	0	507	326	2612
MSTRG.9034	1130	0	0	2733	162	361	0	0	4320	143	37	0	0	1379	157
MSTRG.9035	30	1334	1513	18734	998	248	1520	2254	33770	3188	87	1893	1468	10147	850
MSTRG.9036	710	44	581	7073	703	955	279	82	1388	991	829	84	255	7858	522
MSTRG.9037	19	541	541	224	125	11	1327	38	189	122	37	454	500	490	415
MSTRG.9038	10529	0	2379	5393	5354	9955	0	1066	2089	1203	4714	0	1420	589	989
MSTRG.9039	2855	1411	681	3273	3328	685	1143	393	2686	5289	824	1253	495	2199	3194
MSTRG.904	1827	4	2012	5844	169	2788	136	523	6863	367	18	0	2013	5897	190
MSTRG.9040	5126	257	10085	1584	1621	3301	251	842	1376	1508	3408	228	18887	1069	6197
MSTRG.9041	465	956	0	1367	2199	71	1088	0	825	1794	246	956	0	1033	1967
MSTRG.9042	466	73	295	47	63	8	25	356	155	130	15	27	313	4	36
MSTRG.9043	83	565	2474	34	20	2	845	3457	66	38	70	605	2411	31	12
MSTRG.9044	45	0	278	1003	55	4	0	778	422	33	800	0	559	635	70
MSTRG.9045	320	1206	1106	39	0	276	377	764	61	0	80	947	1049	186	51
MSTRG.9046	3696	127	289	82886	396	3109	67	214	85360	105	799	1	321	38653	100
MSTRG.9047	19	991	0	1340	3958	20	315	0	2277	7929	7	618	0	1812	5480
MSTRG.9048	86	659	178	3230	122	98	552	158	3208	135	100	683	188	2682	173
MSTRG.9049	27	9057	1787	48	144	1	7956	1785	151	251	9	14512	3576	34	377
MSTRG.905	9591	656	952	0	744	238	750	802	1	1541	670	774	1207	1	853
MSTRG.9050	6366	645	486	89	478	5002	475	673	465	1553	2174	1440	235	92	790
MSTRG.9051	81928	180	9407	733	6324	50696	272	12575	1076	11434	29317	860	3879	749	2260
MSTRG.9052	0	228	990	411	194	0	46	442	520	1297	0	12	873	353	229
MSTRG.9053	9	440	3594	27	1686	467	2499	199	62	2065	27	867	1531	66	820
MSTRG.9054	1430	2299	127	977	109	691	11475	163	1641	383	490	3953	171	637	95
MSTRG.9055	824	9242	295	673	462	745	63251	42	37	246	313	16310	326	101	150
MSTRG.9056	3063	0	73	0	6223	3589	0	49	38	3979	1394	0	206	38	2182
MSTRG.9057	11613	0	4654	0	4686	11563	0	3147	0	5722	6791	0	991	0	6265
MSTRG.9058	1031	5849	16488	1282	83	1785	3432	13809	1338	83	634	5408	14075	1555	54
MSTRG.9059	2659	249	1969	208	4	1653	547	1147	122	5	2154	161	417	262	57
MSTRG.906	964	255	8	1	235	983	473	34	89	153	639	545	12	0	192
MSTRG.9060	2418	5631	558	12	5737	1590	7614	452	33	5876	549	3606	257	48	4926
MSTRG.9061	2220	8	0	2046	109	2405	13	0	1315	208	4270	51	76	2080	384
MSTRG.9062	84	6241	16412	450	2182	43	6484	17229	696	1234	26	4126	10841	392	2080
MSTRG.9063	2117	4885	56	12	1031	2344	4048	0	164	927	434	1893	0	194	357
MSTRG.9064	1423	219	1854	442	0	771	277	2099	392	0	893	29	416	306	0
MSTRG.9065	0	835	3315	759	29	0	51	4898	645	15	0	10	6498	811	77
MSTRG.9066	15657	269	11	0	347	7740	51	5	0	412	1469	107	2	0	630
MSTRG.9067	2271	99	36	372	1679	2392	185	5	713	2983	1171	47	15	250	1064
MSTRG.9068	763	541	2093	0	85	441	913	3032	0	5	664	702	2350	0	62
MSTRG.9069	241	2939	147	270	120	408	20313	9	267	107	297	5861	147	367	89
MSTRG.907	3982	2135	88	1340	2	1083	1105	117	3361	21	909	1987	115	2638	1
MSTRG.9070	6505	1968	307	291	0	7240	13171	1289	36	0	1118	4272	198	169	0
MSTRG.9071	624	1	8616	1366	250	1327	27	2251	4091	714	1136	12	12148	1239	871
MSTRG.9072	0	225	0	1046	385	46	1996	0	696	750	192	873	0	1097	53
MSTRG.9073	158	31158	43	342	7268	107	14197	103	257	7840	71	14488	136	344	5706
MSTRG.9074	10065	41	24	555	9830	8262	56	433	217	1806	5672	14	83	352	1930
MSTRG.9075	118	6601	4157	13	212	92	8187	2934	19	458	84	11375	3304	15	231
MSTRG.9076	0	1228	326	890	2547	0	311	97	1144	1886	0	671	335	866	1375
MSTRG.9077	66	1864	0	110	597	22	567	0	748	1499	239	1323	0	221	564
MSTRG.9078	31	1790	418	0	0	56	943	189	69	0	94	1602	357	30	0
MSTRG.9079	0	2091	43	2070	181	0	2232	37	1548	9	0	2262	77	1135	226
MSTRG.908	30290	117	4191	4787	177	1524	80	3029	5132	93	12155	61	4933	3287	188
MSTRG.9080	0	1939	2923	392	179	0	1883	3112	802	61	0	2436	3257	545	31
MSTRG.9081	144	610	37	2630	36	0	415	8	2012	288	24	279	66	1378	43
MSTRG.9082	146	277	916	0	1466	719	151	1775	0	503	1	129	1596	0	1557
MSTRG.9083	9	1762	125	8281	4	189	804	125	8319	2	77	1913	72	11086	13
MSTRG.9084	139	69	0	1288	1501	157	78	0	1797	1185	30	78	0	926	1461
MSTRG.9085	16751	781	1299	943	55	11651	854	1723	2654	93	11053	795	1983	1037	70
MSTRG.9086	1005	400	19	436	1868	629	564	1	1872	2078	781	395	22	249	2531
MSTRG.9087	245	588	8543	6511	5223	229	602	11255	4671	5982	128	1099	8602	4230	3175
MSTRG.9088	1684	357	351	0	1755	2129	200	571	0	1812	2322	611	737	0	1467
MSTRG.9089	111	0	3583	2982	2280	61	0	3580	1174	765	45	0	2047	1239	770
MSTRG.909	123	156	366	71	45	199	59	345	435	0	67	96	459	200	0
MSTRG.9090	979	1810	72	5992	1	908	1901	23	1568	1	695	1338	19	1958	1
MSTRG.9091	327	281	0	101	250	368	151	0	109	300	58	199	0	159	295
MSTRG.9092	5	2644	1784	688	27	2	1334	976	1277	27	0	2081	1721	1476	31
MSTRG.9093	557	443	2509	165	428	296	440	1810	240	217	394	454	2888	91	232
MSTRG.9094	1240	7475	786	382	32	838	6890	1027	240	0	675	5727	1532	152	94
MSTRG.9095	758	0	85	281	0	587	0	79	518	4	209	0	70	185	524
MSTRG.9096	6	421	1691	215	289	2	473	2231	156	69	0	371	1454	171	516
MSTRG.9097	34	1798	14357	158	2175	5	3827	12540	426	3826	68	2414	12989	252	1541
MSTRG.9098	90	305	3474	0	1	38	777	780	4	43	169	403	5008	0	34
MSTRG.9099	187	1245	2542	2029	1152	33	888	3882	581	643	150	839	5111	1833	1094
MSTRG.91	4000	735	5432	240	2975	3905	1481	1887	362	3429	2192	622	4509	257	2737
MSTRG.910	172	3095	1261	716	203	81	7031	1226	1557	184	120	2713	1048	1402	243
MSTRG.9100	12089	457	558	34	692	9457	264	438	132	735	5272	350	353	38	481
MSTRG.9101	442	0	39	8012	0	286	0	29	9036	0	506	0	26	3341	0
MSTRG.9102	247	7	9664	20	710	632	89	14582	90	668	24	5	11313	40	519
MSTRG.9103	1174	143	672	235	457	504	139	193	145	474	1128	185	331	213	315
MSTRG.9104	10529	2224	3222	160	351	6970	1681	3116	154	522	3850	3293	4979	149	396
MSTRG.9105	743	250	3023	459	322	850	186	3080	264	338	110	139	5243	493	368
MSTRG.9106	669	8888	193	5426	835	154	7882	375	3445	806	811	10967	144	4010	1345
MSTRG.9107	732	690	74	6617	963	491	568	74	4292	1801	487	649	76	2757	1223
MSTRG.9108	621	3485	0	2129	2113	475	340	0	1632	6557	664	1976	0	1922	315
MSTRG.9109	222	98	4143	5103	99	57	166	4461	3200	456	125	140	4197	2836	109
MSTRG.911	54	1948	455	826	1937	74	6312	434	3447	1324	127	3870	778	523	1526
MSTRG.9110	1172	367	694	0	3346	456	104	475	0	4544	1036	321	585	0	3088
MSTRG.9111	7416	72	4440	1489	2180	13603	63	2640	1103	375	4242	235	1053	843	2325
MSTRG.9112	3920	2939	0	4314	0	3056	20152	0	10722	0	2222	5546	0	4256	0
MSTRG.9113	61	15543	4331	23	146	84	26622	2944	8	144	72	15947	949	12	393
MSTRG.9114	465	364	4749	19356	0	408	2675	3394	18853	0	488	840	989	12368	0
MSTRG.9115	352	12	3241	86	620	332	110	1454	61	1537	386	1	283	124	795
MSTRG.9116	354	246	335	5175	338	209	2022	300	4350	479	379	952	146	4209	1537
MSTRG.9117	16	0	8	1956	11942	26	0	123	1167	8451	11	97	55	777	5232
MSTRG.9118	1598	6945	425	5443	215	806	14252	396	5334	207	1070	4959	481	4610	136
MSTRG.9119	83	3346	511	3289	1165	109	2457	92	3486	1127	2	2335	151	1532	879
MSTRG.912	159	9650	451	3959	842	78	12627	519	3498	264	139	15842	998	4103	836
MSTRG.9120	3962	381	2151	15287	1371	1785	736	1764	38058	1675	1739	214	1889	16867	1401
MSTRG.9121	111	3897	644	127	474	106	5567	202	27	85	80	5403	581	182	494
MSTRG.9122	3126	39	852	173	0	1650	18	848	199	0	2485	8	743	75	0
MSTRG.9123	413	448	1823	42	0	89	89	2310	58	0	251	64	2050	39	0
MSTRG.9124	9183	2848	2194	1108	273	5182	4118	1601	771	74	6629	2240	2544	842	240
MSTRG.9125	119	9961	123	138	36	130	5850	613	614	392	116	14591	2256	849	90
MSTRG.9126	4568	0	0	127	376	3588	0	0	232	727	3324	0	0	259	337
MSTRG.9127	1657	23	0	13511	6249	784	54	0	7539	5080	3305	154	0	11674	4315
MSTRG.9128	473	30	771	556	120	528	304	296	343	44	528	92	465	451	59
MSTRG.9129	40	4395	210	528	1054	19	6052	222	615	1216	113	3743	62	406	1208
MSTRG.913	634	1403	134	414	817	442	1338	132	764	732	674	1503	159	1155	766
MSTRG.9130	529	222	19	626	781	341	184	12	243	1198	448	275	43	149	588
MSTRG.9131	1642	0	1486	67	1259	1243	0	1116	20	1376	1004	0	1599	160	1177
MSTRG.9132	2177	346	296	141	405	2037	228	247	50	395	960	282	173	15	128
MSTRG.9133	4109	167	446	9659	5433	3015	52	546	3899	6858	5054	152	228	5208	3319
MSTRG.9134	24	2492	1217	7862	321	26	3232	919	13731	448	0	2270	2058	4684	216
MSTRG.9135	94	29	99	116	414	61	33	389	204	295	19	24	121	120	512
MSTRG.9136	1	1017	550	67	1996	1	1471	780	1	1515	0	1653	504	1	1166
MSTRG.9137	239	31	43	2	418	1	36	574	44	555	0	55	193	0	702
MSTRG.9138	0	57	2941	41	62	0	80	1650	71	11	0	99	3558	17	29
MSTRG.9139	790	0	1636	881	39782	505	0	903	572	62998	615	0	1567	372	33633
MSTRG.914	2261	260	184	43	22	698	414	180	30	23	1613	292	131	14	82
MSTRG.9140	382	2370	849	1749	20853	632	1861	920	2646	49869	424	2427	659	1378	18947
MSTRG.9141	761	5905	83	22	713	690	12752	32	10	1191	422	3854	100	56	661
MSTRG.9142	443	469	147	14224	344	1442	605	179	8643	217	386	689	501	5981	197
MSTRG.9143	0	2225	4772	993	193	0	3404	72	699	259	0	2071	1753	400	100
MSTRG.9144	1730	91	3336	140	105	1290	39	3502	266	411	1060	77	3297	16	249
MSTRG.9145	49	0	2092	7	223	0	0	916	1	566	15	0	5227	4	454
MSTRG.9146	183	1258	2550	202	717	460	743	1609	34	951	180	821	2679	59	913
MSTRG.9147	1130	1485	591	23	711	682	2196	2207	41	579	566	1588	460	95	397
MSTRG.9148	153	1095	434	7	910	64	885	522	267	1683	48	1370	409	27	757
MSTRG.9149	689	1443	1167	80	1353	656	2647	1227	152	753	669	1658	1126	523	557
MSTRG.915	2191	4826	798	1348	99	503	5591	460	677	194	3350	3696	551	1451	77
MSTRG.9150	132	13311	1141	755	1158	45	11577	1171	922	1798	133	12863	92	666	6368
MSTRG.9151	2285	4087	349	2304	95	594	2506	187	2588	225	975	4695	92	1915	28
MSTRG.9152	289	2793	123	47	83	192	5165	42	751	50	231	4104	165	974	74
MSTRG.9153	231	460	10	835	1624	189	367	1	1180	2822	187	186	51	1104	2428
MSTRG.9154	598	31	306	1654	4803	432	10	7	1194	3852	675	12	351	733	4895
MSTRG.9155	10353	11465	5155	1670	2	5995	13953	1760	741	44	17225	11171	6654	1152	22
MSTRG.9156	1069	606	176	399	280	375	187	195	980	114	1059	600	251	92	167
MSTRG.9157	1091	2115	80	4719	62	627	4522	247	4388	44	1229	3810	288	4341	7
MSTRG.9158	358	2154	2028	1853	8314	59	3766	5221	3297	11966	7	3770	1596	1566	6341
MSTRG.9159	94	14	7566	319	272	14	9	3309	661	1663	61	83	2747	223	251
MSTRG.916	922	966	6333	15059	2252	693	676	9953	11173	1475	512	1053	6146	5813	1795
MSTRG.9160	10161	305	595	4011	631	6419	105	215	996	1049	1925	307	296	685	926
MSTRG.9161	7546	1980	23	290	399	7175	1903	3	1801	963	1742	2147	55	1226	527
MSTRG.9162	26426	1971	6111	248	279	27265	2739	4856	370	162	7523	1831	7386	393	437
MSTRG.9163	5868	701	2742	2	274	4429	723	936	24	234	1746	736	2273	49	174
MSTRG.9164	0	1440	1335	85	11	0	8981	632	67	2	0	2763	672	155	8
MSTRG.9165	0	0	4693	5294	38	0	0	1535	21778	372	0	0	4251	5849	206
MSTRG.9166	6461	1228	5273	105	1460	5940	7730	5589	168	935	4437	2243	8754	81	996
MSTRG.9167	386	2859	146	102	1543	372	19294	146	80	1789	151	5191	103	85	1335
MSTRG.9168	1550	3116	5660	193	2054	1281	21086	2919	222	4165	1427	5685	6552	148	2131
MSTRG.9169	6622	2007	7079	146	433	7518	9797	5934	238	847	3014	1394	6150	211	165
MSTRG.917	280	77	494	245	1506	341	0	137	382	2098	438	278	377	231	1258
MSTRG.9170	4256	266	174	0	29	6204	1566	120	0	32	187	539	196	0	1
MSTRG.9171	4193	612	177	171	18	3951	527	0	193	12	129	611	37	212	27
MSTRG.9172	205	335	45	241	602	198	123	131	501	829	10	85	34	148	454
MSTRG.9173	831	2335	802	0	233	45	1652	363	0	177	9	1391	417	0	45
MSTRG.9174	281	283	0	3318	466	70	355	0	802	553	26	378	0	3286	553
MSTRG.9175	140	919	63	46	14	146	963	58	125	27	60	560	60	62	30
MSTRG.9176	591	747	392	1717	250	647	1605	221	2244	490	446	999	1024	1823	410
MSTRG.9177	9680	1875	2183	0	1850	9748	1444	1567	0	4122	2966	1777	2476	0	1329
MSTRG.9178	6459	146	80	5133	30863	6810	536	6	3952	18829	1921	1838	110	3051	65612
MSTRG.9179	1120	2748	145	1656	13531	1223	2466	145	656	24024	365	2733	128	898	8560
MSTRG.918	1517	48	424	207	642	746	0	201	439	884	1008	286	322	308	1044
MSTRG.9180	22114	0	0	674	5404	10231	0	0	388	2341	3948	0	0	537	12539
MSTRG.9181	56	497	322	1760	223	60	358	1224	3646	167	5	203	965	1640	444
MSTRG.9182	4788	287	295	2018	3480	6338	270	293	2047	2472	7508	86	53	1265	1385
MSTRG.9183	1464	2	12806	1208	2432	204	39	6721	642	2596	583	10	7885	1127	1897
MSTRG.9184	2368	149	25	0	1371	249	347	2	0	1160	2126	111	52	0	1563
MSTRG.9185	1999	735	9105	272	1237	1136	495	412	436	1003	1567	688	2167	276	1202
MSTRG.9186	4699	1456	373	2648	59	3788	1201	704	1160	128	3492	2125	344	1867	6
MSTRG.9187	14	386	4008	1886	713	38	1055	1924	1342	476	9	372	2521	1046	903
MSTRG.9188	249	45	672	1597	49054	2	292	1296	3927	66932	53	120	827	1605	37321
MSTRG.9189	369	2519	0	541	6338	347	1592	0	515	7207	132	3003	0	428	6286
MSTRG.919	947	3214	501	18	199	588	1725	1238	3	120	563	6849	669	0	233
MSTRG.9190	1130	145	0	462	2657	766	128	0	666	2692	1346	170	26	749	2234
MSTRG.9191	901	922	228	152	6	642	1852	0	559	15	683	722	101	71	14
MSTRG.9192	2164	168	4	2347	91	2698	212	174	1309	250	1331	227	7	1073	72
MSTRG.9193	319	515	16	9926	641	181	784	116	7587	789	453	318	41	789	645
MSTRG.9194	0	141	2661	343	467	0	32	547	132	349	0	96	1823	194	318
MSTRG.9195	1901	149	3667	2838	981	1915	282	2978	2366	1601	1463	573	2848	1231	739
MSTRG.9196	168	3320	78	497	361	97	707	56	533	33	91	451	59	371	195
MSTRG.9197	1979	2898	2158	2139	0	1137	3615	3222	3361	0	1456	3390	2862	482	0
MSTRG.9198	373	984	6649	2850	2	429	1265	3544	3581	1	416	2373	6128	1531	16
MSTRG.9199	7837	1759	2611	0	496	6044	2512	307	0	715	2033	2034	798	0	1052
MSTRG.92	1322	4106	289	2877	1187	1693	2661	598	3435	1470	988	4261	425	2058	1003
MSTRG.920	8773	7421	1240	208	282	8544	7527	1119	289	549	4963	7224	1127	47	720
MSTRG.9200	0	272	141	908	140	0	362	25	1983	163	0	307	12	773	265
MSTRG.9201	9	543	220	130	2038	14	538	69	54	2046	1	299	349	37	1010
MSTRG.9202	461	700	54	29	386	422	1581	98	11	700	261	917	141	0	249
MSTRG.9203	2539	61	340	0	2	3923	668	414	0	179	1915	95	328	0	162
MSTRG.9204	393	349	5	1	452	545	523	3	6	300	480	324	777	4	354
MSTRG.9205	1143	113	322	0	663	690	69	86	0	555	630	157	414	0	833
MSTRG.9206	466	1	7140	11621	0	220	100	5316	12174	0	178	25	6544	10571	0
MSTRG.9207	0	151	1000	1070	134	0	16	709	671	534	0	36	1438	1047	155
MSTRG.9208	8	209	715	493	84	56	42	638	949	81	3	181	618	1164	42
MSTRG.9209	136	2171	0	804	0	289	5333	0	3481	0	159	3671	0	915	0
MSTRG.921	46	959	12	60	398	77	534	86	129	677	19	1894	2	4	657
MSTRG.9210	2440	206	121	0	162	1898	239	234	0	148	2757	223	155	0	255
MSTRG.9211	523	110	425	20963	123	462	292	465	7201	174	204	338	317	15362	193
MSTRG.9212	13719	240	273	332	158	9661	1511	647	207	141	12313	825	729	205	268
MSTRG.9213	834	10094	13	4117	1642	667	7919	26	12360	2820	561	4091	8	9211	1309
MSTRG.9214	3849	726	586	8	318	219	328	356	7	582	818	385	528	29	1323
MSTRG.9215	146	36	1032	57	429	127	0	1505	86	330	133	52	1372	0	541
MSTRG.9216	283	5433	886	281	602	73	5804	1308	642	359	337	5993	1960	448	461
MSTRG.9217	65	3469	1999	246	398	62	1772	4507	898	885	127	3101	1178	127	725
MSTRG.9218	9862	1737	66	4297	110	9890	1275	136	3777	1104	2704	1080	94	2609	141
MSTRG.9219	14418	2744	81	1134	1794	12286	2456	618	800	1783	7186	1896	320	1026	1014
MSTRG.922	2833	0	318	0	19	5627	0	103	403	6	3636	0	326	181	0
MSTRG.9220	3706	4521	3918	5757	503	3983	6370	3737	5961	306	1102	6129	4139	6605	447
MSTRG.9221	35	133	3162	0	2120	71	140	145	0	1580	11	147	1939	0	1519
MSTRG.9222	976	15368	0	966	8019	1205	14630	0	604	8592	614	18194	0	593	7323
MSTRG.9223	0	12412	234	42759	1288	0	10323	345	8910	1353	111	15059	497	20761	506
MSTRG.9224	13230	59	0	7776	868	13946	59	0	5006	1660	5391	51	0	4842	1004
MSTRG.9225	1185	24	721	58	393	977	0	1441	87	1317	235	40	1243	61	142
MSTRG.9226	5606	0	506	0	5625	7661	1	395	0	5320	5982	1	1909	0	5416
MSTRG.9227	15	521	10546	26	0	38	977	1500	133	0	104	441	11898	52	0
MSTRG.9228	73	112	42	0	2230	15	243	8	0	1021	6	63	61	0	1346
MSTRG.9229	472	24	714	182	3697	637	11	475	88	1351	409	10	907	201	1736
MSTRG.923	10640	1594	238	1087	1071	9371	926	133	3400	1938	13654	2140	237	1369	399
MSTRG.9230	1809	195	1875	177	203	1898	14	1989	130	58	946	0	2157	84	445
MSTRG.9231	762	879	509	22	375	1611	13	154	1535	1190	217	0	579	17	894
MSTRG.9232	11413	1	0	117	375	4372	1	0	224	383	13460	0	0	314	148
MSTRG.9233	0	1	201	0	3	0	2	56	0	11	0	1	412	0	27
MSTRG.9234	59	7	61	0	207	62	1	1184	0	192	68	24	82	0	135
MSTRG.9235	24	15	2766	845	174	277	0	2682	2596	236	86	30	2766	1556	175
MSTRG.9236	3704	1	4173	2937	78	3123	1	1681	494	845	2037	2	2771	1750	132
MSTRG.9237	245	43	3831	1198	125	119	25	4449	1596	167	161	71	2831	816	257
MSTRG.9238	0	894	712	154	1143	0	3231	601	42	748	0	752	651	165	1391
MSTRG.9239	440	0	556	2231	8198	290	0	654	3116	8628	0	0	604	2473	4624
MSTRG.924	1	1266	109	2378	1282	1	905	112	2289	1007	0	1162	184	1508	1293
MSTRG.9240	211	45	1662	4508	23	43	54	2349	2701	68	83	117	1471	1871	58
MSTRG.9241	3201	400	6121	3798	198	3771	315	10242	4740	123	1733	1001	3949	2208	212
MSTRG.9242	33	1314	314	699	173	21	2683	479	38	191	22	1302	249	456	190
MSTRG.9243	1202	85	424	0	379	1569	6	401	0	415	1431	130	544	0	443
MSTRG.9244	69	101	2368	657	4477	72	138	1712	298	3666	94	99	1388	656	2570
MSTRG.9245	0	158	0	286	7109	0	355	0	9	3524	0	282	0	191	3464
MSTRG.9246	2649	256	533	2180	2224	2371	1206	575	2717	2481	3485	920	729	1633	2528
MSTRG.9247	7119	203	40	20	2971	12421	447	51	6	2231	893	31	59	25	1743
MSTRG.9248	443	13791	4749	593	1205	664	8856	593	405	1353	520	7544	3990	895	1046
MSTRG.9249	4429	63	83217	694	1375	3099	38	57248	784	887	1765	16	128602	318	848
MSTRG.925	1332	95	295	845	1802	1535	116	177	2527	5372	965	131	287	939	2869
MSTRG.9250	0	2604	8839	652	3534	0	926	9410	1308	10707	0	535	7596	1658	4228
MSTRG.9251	0	233	864	220	0	0	564	1537	100	0	0	255	849	7	0
MSTRG.9252	1726	2357	592	4545	17	1095	2400	254	4147	6	1070	1705	235	591	0
MSTRG.9253	1889	605	164	14274	10861	1606	1034	277	13293	23582	1203	718	138	10387	6319
MSTRG.9254	1140	0	217	1288	50	937	0	173	1644	51	924	0	400	803	74
MSTRG.9255	73	276	778	2567	3248	86	1	835	2876	3254	47	102	1236	1331	2818
MSTRG.9256	1409	196	21	454	1767	2273	53	25	7716	1138	519	100	65	1272	845
MSTRG.9257	15963	86	651	183	4962	13374	540	873	156	5073	10809	139	451	130	5597
MSTRG.9258	1	2844	717	507	2620	0	896	2813	1581	3086	0	2689	1386	1097	2596
MSTRG.9259	106	1603	1306	31	659	2	1716	713	52	1144	0	1082	1234	10	1321
MSTRG.926	2490	121	2207	349	2301	2955	136	1385	857	3262	1748	68	2003	751	3491
MSTRG.9260	8949	63	32	3179	12064	7088	71	57	11017	21546	9647	47	25	3187	11317
MSTRG.9261	709	40	1747	166	62	386	3	5599	186	37	202	7	8847	218	116
MSTRG.9262	107	1236	92	956	99	35	4845	35	282	65	30	2561	117	1621	38
MSTRG.9263	13134	99	1677	31	50	13722	207	4431	18	64	9383	216	2841	54	18
MSTRG.9264	460	7790	5347	4926	259	105	3705	4582	907	198	207	5880	6825	2863	257
MSTRG.9265	3025	1575	377	0	207	2566	2573	99	0	231	2744	1397	92	0	168
MSTRG.9266	2111	2099	53	88	14	2375	583	50	28	4	3054	871	24	83	45
MSTRG.9267	0	164	10	252	23	37	30	397	454	31	78	20	5	300	43
MSTRG.9268	542	24	8317	1108	1039	190	110	14083	906	775	387	304	7329	861	1056
MSTRG.9269	0	32	320	1308	161	0	46	802	1409	682	0	61	867	1283	681
MSTRG.927	319	3287	1263	912	304	315	3570	166	597	253	197	3433	1074	437	297
MSTRG.9270	4858	346	1004	36769	67	5051	382	1036	33637	117	3160	487	1058	21657	87
MSTRG.9271	892	8	456	1858	10464	894	5	812	2528	5601	650	982	661	2498	8071
MSTRG.9272	819	306	186	1646	9	831	26	200	2132	11	257	505	410	2082	6
MSTRG.9273	7942	7618	186	23657	674	7761	6589	192	25839	1218	2030	7653	128	20818	666
MSTRG.9274	9269	896	11	160	424	9412	855	10	131	309	2536	651	29	36	478
MSTRG.9275	10170	0	5	870	577	10401	0	2	1121	288	2721	0	6	1153	189
MSTRG.9276	6707	54	157	65	42	5033	147	528	7	39	699	101	421	47	219
MSTRG.9277	783	331	1791	119	133	721	399	460	568	55	190	258	1182	154	47
MSTRG.9278	1078	352	1815	52	4109	531	691	1892	204	3927	676	660	1837	204	3125
MSTRG.9279	354	402	2230	33	5794	157	405	3513	60	5130	39	439	2464	308	3581
MSTRG.928	193	452	1026	80	1170	82	381	935	120	2525	152	495	992	196	3013
MSTRG.9280	3663	1163	480	1241	297	1917	1137	479	1807	260	1366	1758	256	1699	296
MSTRG.9281	1076	746	15	1173	31	858	972	69	1405	1	481	1599	7	1267	1
MSTRG.9282	1772	1308	52	117	153	1823	3610	103	144	0	983	485	29	112	43
MSTRG.9283	6713	129	865	116	33	3763	246	2591	52	84	4023	221	514	70	22
MSTRG.9284	192	123	285	222	640	386	1039	307	103	440	1061	95	75	304	376
MSTRG.9285	0	4153	669	71	1154	0	3924	662	17	1864	0	4517	868	182	1344
MSTRG.9286	1114	2372	33	1333	114	274	727	38	191	125	118	2583	19	1038	53
MSTRG.9287	334	0	363	34	8487	251	0	520	0	11779	73	0	480	0	4171
MSTRG.9288	177	200	1906	173	1	220	399	1983	6	0	67	388	1793	0	1
MSTRG.9289	1270	0	16653	18	817	621	0	14254	25	945	476	0	10908	54	619
MSTRG.929	8954	493	33	28	4119	5072	726	54	33	4792	4172	1074	158	65	3623
MSTRG.9290	2086	724	2	5151	310	1039	1488	106	3831	0	2530	1125	5	4826	0
MSTRG.9291	142	367	8758	1183	169	334	398	1010	1849	24	143	1993	14248	1197	36
MSTRG.9292	545	7188	4978	25	43	725	10475	1043	46	7	264	1783	1158	2	10
MSTRG.9293	96	199	3101	1224	3	322	157	1695	2465	134	59	76	2245	1206	11
MSTRG.9294	1662	440	2132	21360	253	1377	393	1104	9100	199	1865	445	2029	6437	112
MSTRG.9295	182	2377	865	369	566	96	1886	784	242	709	141	2683	1142	201	650
MSTRG.9296	1184	403	249	216	82	1349	137	3	328	84	200	419	0	363	326
MSTRG.9297	244	0	48	2247	1968	166	0	117	623	2492	168	0	12	1195	1154
MSTRG.9298	523	0	882	0	94	853	0	367	0	219	253	0	1039	0	276
MSTRG.9299	149	269	54744	3620	1088	38	71	4179	4348	836	91	298	47549	6431	8807
MSTRG.93	563	4176	2751	2906	450	1224	5001	2594	3929	894	407	5958	2613	2471	494
MSTRG.930	1187	239	181	3091	45	672	166	312	3134	419	614	192	182	2269	146
MSTRG.9300	188	54	7349	337	1182	156	651	12296	510	1384	557	125	6026	514	466
MSTRG.9301	0	3149	14807	5724	1120	0	3042	18462	1224	980	0	2910	11932	2933	666
MSTRG.9302	3266	3987	3780	784	351	615	2599	2585	3306	636	73	2603	3453	678	180
MSTRG.9303	3877	144	38	1905	4474	3543	83	29	3812	7362	2428	75	27	1283	3747
MSTRG.9304	1111	4527	120	1261	1360	1141	5172	209	568	2827	591	2243	85	1737	1377
MSTRG.9305	2648	464	698	279	309	2140	758	1473	405	556	1483	387	723	396	218
MSTRG.9306	121	452	374	900	2942	703	702	259	1050	1100	63	558	396	779	1155
MSTRG.9307	862	1883	14	456	238	509	2282	74	639	1289	263	2332	95	628	774
MSTRG.9308	1034	4254	1008	1280	252	1686	10474	1436	1724	394	591	3015	930	1486	323
MSTRG.9309	79	246	589	206	2	389	767	90	182	56	41	194	137	1185	28
MSTRG.931	5504	229	2755	126	587	1714	158	1033	222	2077	8425	205	1654	119	1451
MSTRG.9310	353	451	0	218	111	617	470	56	380	105	157	518	1	132	127
MSTRG.9311	139	2414	0	125	6304	38	1942	0	1	20088	196	2115	0	113	4090
MSTRG.9312	173	0	2	0	25	9	0	5	0	38	41	0	34	0	43
MSTRG.9313	0	1	1224	3758	72	0	0	477	3761	38	55	5	1766	2937	52
MSTRG.9314	196	302	190	2277	2	15	428	327	2867	6	125	383	319	1985	57
MSTRG.9315	3285	11	2504	187	142	5178	45	662	334	305	731	75	2223	407	105
MSTRG.9316	168	63348	384	4061	267	243	40192	463	3116	225	167	115534	449	987	229
MSTRG.9317	133	10250	17	38	0	297	11511	368	7	0	285	8502	213	58	0
MSTRG.9318	581	116	323	24	167	1544	386	497	39	175	476	169	293	60	214
MSTRG.9319	11376	968	117	20	229	8657	1298	43	1	444	2126	952	148	37	157
MSTRG.932	12199	822	78	0	2970	8271	340	104	1	7043	8896	490	137	24	3239
MSTRG.9320	1018	278	825	1091	0	290	366	409	479	0	373	314	1162	591	0
MSTRG.9321	44	189	0	24	2389	7	316	0	30	1075	50	174	0	24	7678
MSTRG.9322	7216	146	340	662	39	6022	289	685	1115	204	4065	236	282	658	143
MSTRG.9323	95	675	0	970	1803	298	806	0	432	1612	195	1180	0	910	2144
MSTRG.9324	3182	486	388	1807	0	1231	887	519	2484	0	3469	412	679	1410	0
MSTRG.9325	1368	1198	166	993	4095	1017	1431	67	837	3855	670	1640	153	851	2369
MSTRG.9326	2548	771	1553	3	1468	1998	830	3719	5	2361	1683	696	1940	98	1126
MSTRG.9327	5291	10	1126	1146	1958	6003	55	486	4198	3224	4465	25	1531	1393	3770
MSTRG.9328	169	2075	341	993	1948	127	3646	14	1580	2281	118	9166	532	817	1187
MSTRG.9329	5784	109	747	8	919	3704	60	268	45	868	7003	85	450	21	935
MSTRG.933	129	5212	2214	667	1798	0	11832	1611	228	2516	223	3555	622	391	1203
MSTRG.9330	7519	1827	1020	12	0	9739	4629	1160	34	0	5309	2997	1065	23	0
MSTRG.9331	89	4607	86	1525	347	56	4357	535	1006	287	78	6048	302	1151	391
MSTRG.9332	82	298	2837	3204	719	2	216	1890	1987	870	2	74	2439	2225	1011
MSTRG.9333	110	12	2682	335	859	0	69	2101	273	434	32	15	1735	312	993
MSTRG.9334	105	47	12521	482	1194	0	65	11843	1134	1256	0	21	15686	197	1113
MSTRG.9335	7	5	1524	59	1179	36	309	1326	54	3055	1	10	1289	61	1569
MSTRG.9336	50	21434	799	300	1941	153	41540	2024	318	1717	36	16575	1402	167	2247
MSTRG.9337	484	8407	3531	317	464	542	15604	1471	267	293	98	5803	4200	109	428
MSTRG.9338	0	125	0	1078	157	0	304	0	1772	314	0	139	0	2026	23
MSTRG.9339	38	934	2387	1391	2490	43	933	639	1483	692	50	1174	1563	1257	1930
MSTRG.934	152	767	826	1597	859	72	198	1158	2188	1710	160	537	1183	1573	1233
MSTRG.9340	430	413	6682	6163	7177	309	1027	911	5366	11897	583	697	3231	6613	2720
MSTRG.9341	1690	201	168	2770	3624	2525	413	95	686	1924	540	432	314	305	1871
MSTRG.9342	122	65	664	35	258	7	7	770	122	545	90	2	1329	0	588
MSTRG.9343	126	752	22	43	996	129	583	29	28	3022	80	536	39	23	518
MSTRG.9344	184	136	713	20671	2257	208	300	825	11446	2971	150	384	633	9244	1980
MSTRG.9345	391	312	43	8605	0	791	289	47	1780	0	1001	186	32	963	0
MSTRG.9346	211	1213	87	37932	1271	295	705	1372	13100	1644	22	803	145	7605	973
MSTRG.9347	337	570	283	35536	0	1090	1190	282	42613	0	996	1302	274	46871	0
MSTRG.9348	14988	1939	1799	126	0	7402	2994	525	274	0	3658	2273	1560	176	0
MSTRG.9349	87	876	9672	42	7562	20	645	6407	61	12923	28	281	8285	156	6274
MSTRG.935	0	438	138	96	1	0	180	67	164	6	0	304	134	36	4
MSTRG.9350	3303	235	35	6645	300	641	148	77	5438	548	264	118	56	5723	444
MSTRG.9351	746	598	273	1383	526	608	1307	239	742	1075	538	567	122	289	1177
MSTRG.9352	3342	166	155	5018	374	2128	293	169	8066	665	1823	69	214	2526	1004
MSTRG.9353	784	609	387	4683	472	1524	451	350	5261	1637	811	955	476	3607	450
MSTRG.9354	0	44	6030	52	0	0	120	3738	98	0	0	98	5335	98	0
MSTRG.9355	299	265	7117	179	5076	3	557	2312	121	7502	53	435	7118	171	2890
MSTRG.9356	338	1449	2629	530	3474	75	2420	1988	604	17605	103	1038	2745	444	7547
MSTRG.9357	20	14673	2418	12536	5	187	13565	865	5533	20	19	10254	2373	4131	13
MSTRG.9358	4952	7859	1636	3721	50	804	2962	1500	7403	75	3769	15410	1235	2570	0
MSTRG.9359	1770	272	0	1873	156	1208	319	0	2097	0	747	577	0	1090	92
MSTRG.936	2010	1953	243	3039	1905	726	877	378	5147	1013	2422	1283	820	2428	2953
MSTRG.9360	33	3497	4425	2115	146	58	1941	3719	1076	775	12	1066	3848	2914	176
MSTRG.9361	1851	3468	885	249	3876	2529	2681	6174	178	3599	1528	2951	3472	792	2667
MSTRG.9362	9413	653	28	2384	439	5035	464	5	16139	315	4925	782	20	7096	384
MSTRG.9363	1779	1328	10498	469	13238	1788	1239	8645	381	14401	796	1260	12000	435	9457
MSTRG.9364	1913	69	93	802	37	568	166	156	1775	16	804	8	71	1070	30
MSTRG.9365	86	49	3391	489	0	24	50	2610	853	0	8	19	3671	726	0
MSTRG.9366	506	736	1682	2663	785	114	450	1000	1404	755	386	943	1362	1399	763
MSTRG.9367	200	39362	2	375	36	183	28878	0	1283	22	138	18789	1	872	6
MSTRG.9368	296	7392	5603	557	31325	353	12082	5874	1248	14079	183	5757	7887	578	32944
MSTRG.9369	29	16763	2847	1	4473	5	20560	2689	6	5582	148	11872	2659	0	4643
MSTRG.937	1208	1545	754	771	300	1020	1716	3192	1154	641	844	1464	1483	815	886
MSTRG.9370	0	3489	15462	2167	0	7	3497	19780	536	0	553	3302	19390	1245	0
MSTRG.9371	13	131	77	212	71	0	242	260	287	961	187	97	835	111	9
MSTRG.9372	373	633	644	426	0	90	1247	405	231	0	520	675	120	157	0
MSTRG.9373	7421	410	56	34	142	6042	555	129	15	72	5957	370	169	59	139
MSTRG.9374	1063	24	44	42	158	941	30	12	17	191	920	53	38	22	108
MSTRG.9375	1061	689	1302	39	25	759	1747	734	19	1120	536	756	1318	22	74
MSTRG.9376	160	820	149	121	181	57	53	872	144	1367	31	116	938	21	220
MSTRG.9377	0	0	122	2390	0	0	94	143	2949	0	0	28	523	1869	0
MSTRG.9378	57	0	12379	7	0	169	0	5117	16	0	95	0	7953	14	0
MSTRG.9379	470	2	818	843	628	402	10	882	342	1354	151	27	1050	0	1174
MSTRG.938	190	6	26	959	3	249	33	47	784	25	158	1	25	467	33
MSTRG.9380	803	2629	599	996	2226	763	1207	559	1557	1034	577	2238	715	998	1443
MSTRG.9381	5	247	589	9193	2700	19	160	68	7768	4317	1	343	390	9939	2631
MSTRG.9382	438	1939	16	15854	3251	343	1369	13	13303	3290	340	1980	220	9510	3137
MSTRG.9383	1685	545	16876	126	2830	1203	520	17967	4	2740	1455	530	25818	6	2364
MSTRG.9384	626	0	9345	1	2919	975	357	11691	18	3828	747	245	12911	69	2147
MSTRG.9385	1758	514	0	364	696	3974	495	377	1263	49	183	504	0	319	413
MSTRG.9386	143	217	38	16	85	436	30	33	7	58	41	97	58	36	30
MSTRG.9387	5692	632	1	1	318	4062	651	1	5	143	3657	948	0	20	546
MSTRG.9388	3089	0	425	5	2500	458	0	1091	24	3041	2754	0	533	0	2241
MSTRG.9389	0	418	102	27	4	0	540	490	41	3	0	368	87	13	8
MSTRG.939	4635	179	1371	3192	85	3924	166	3261	4229	85	2658	254	346	4211	41
MSTRG.9390	208	0	14	2742	41	339	0	13	5504	58	424	0	16	2458	212
MSTRG.9391	0	378	173	557	336	0	348	2	314	442	0	471	27	302	345
MSTRG.9392	1021	100	1	2024	698	1366	78	1	2494	1006	835	123	0	1889	182
MSTRG.9393	409	195	1	186	707	476	98	3	3	949	1854	202	1	113	1818
MSTRG.9394	6452	1768	1	0	130	7937	5166	2	0	115	298	1590	1	0	97
MSTRG.9395	0	825	101	33	2900	0	874	39	70	4583	0	1448	159	41	813
MSTRG.9396	847	58	87	0	13873	615	169	84	0	12741	673	324	108	0	10802
MSTRG.9397	1586	572	1	1738	857	1635	457	1	1246	937	1858	598	1	899	995
MSTRG.9398	363	657	31	1468	2066	126	1086	49	1172	2133	315	1084	38	1336	1403
MSTRG.9399	0	134	689	491	331	0	941	4307	330	3121	0	494	823	382	273
MSTRG.94	5523	618	3462	1301	2662	3958	663	3546	1777	4139	3811	737	3260	765	2388
MSTRG.940	447	110	1912	39	1234	380	2	1712	41	932	478	0	1993	67	1872
MSTRG.9400	0	1920	2187	291	106	0	1425	2913	112	124	0	929	1903	79	90
MSTRG.9401	237	450	166	10537	417	71	489	120	4279	734	180	625	29	7564	1060
MSTRG.9402	102	2305	10380	5899	75	582	2092	6595	3216	244	107	1728	6641	4747	114
MSTRG.9403	0	50	526	661	50	0	32	421	341	130	0	76	636	694	44
MSTRG.9404	69	13454	326	1642	2128	92	6690	39	357	8108	7	12441	146	1657	1993
MSTRG.9405	438	1666	55	707	213	730	1070	15	228	191	275	1254	157	81	199
MSTRG.9406	8852	968	3	346	813	5778	1555	495	739	325	4083	1340	0	292	1649
MSTRG.9407	1340	460	44	138	3875	1831	1066	35	193	1422	799	378	42	325	5025
MSTRG.9408	997	4234	527	2315	0	879	3698	968	1430	0	506	4488	734	2148	0
MSTRG.9409	1744	2002	106	693	140	1395	557	214	911	90	1217	1412	561	300	39
MSTRG.941	471	100	707	318	10946	558	134	26055	110	10809	731	123	642	82	6769
MSTRG.9410	208	4472	2766	173	337	0	1371	3255	547	772	136	2778	1634	231	141
MSTRG.9411	5106	101	272	3093	256	7635	124	1540	2689	244	2042	225	888	3347	357
MSTRG.9412	261	1043	0	0	1217	483	907	25	0	688	136	1648	9	0	2167
MSTRG.9413	733	759	3996	3	54	475	718	2669	8	65	341	642	852	1380	9
MSTRG.9414	2573	10	1036	0	4691	1701	28	1260	1	5302	2680	37	837	130	5016
MSTRG.9415	0	15	1217	1380	979	0	71	958	598	1781	0	19	1369	990	1369
MSTRG.9416	5	246	614	519	7	1	950	2458	429	43	23	296	536	1461	2
MSTRG.9417	362	379	6707	2190	12898	329	296	11697	1562	14006	375	323	5950	1978	8719
MSTRG.9418	204	2016	1459	40	176	269	965	1866	32	287	207	1799	1877	73	169
MSTRG.9419	84	7549	375	1878	110	100	5501	643	334	298	42	3780	282	797	377
MSTRG.942	176	382	747	309	234	182	260	1965	105	441	125	273	970	294	241
MSTRG.9420	75704	32	3978	75	1662	38848	98	443	1216	707	114441	54	1584	134	1613
MSTRG.9421	10347	209	183	21	0	8820	272	1578	189	0	5936	257	1067	29	0
MSTRG.9422	110	178	78	300	59	277	146	344	385	47	78	175	104	444	44
MSTRG.9423	1024	644	397	662	23	1164	416	194	417	36	456	745	746	304	24
MSTRG.9424	230	7425	216	135	2275	72	3084	75	15	5521	12	5009	186	83	3201
MSTRG.9425	124	5205	7297	614	165	67	5774	28374	370	330	19	4278	3926	435	360
MSTRG.9426	141	3518	194	2453	4187	111	2932	385	3878	1919	38	2707	152	2273	3969
MSTRG.9427	211	0	137	4571	661	264	0	81	3192	1959	155	0	157	4516	717
MSTRG.9428	779	1108	7	111	23	696	877	6	64	4	979	979	21	125	0
MSTRG.9429	47	4573	13	13	1371	58	9129	51	30	3672	74	6228	75	115	1232
MSTRG.943	299	1816	9093	2412	163	179	1696	15047	10978	351	184	1727	9794	3594	310
MSTRG.9430	1015	0	207	173	1245	597	0	234	201	1095	426	0	155	47	1004
MSTRG.9431	1392	28	96	208	6685	1697	11	217	70	6573	1400	23	216	243	5411
MSTRG.9432	8	8659	0	0	10476	24	6483	0	0	10561	6	10979	0	0	7597
MSTRG.9433	1166	0	263	0	7	738	0	303	0	4	627	0	245	0	51
MSTRG.9434	2493	4358	175	1	3	3588	3012	387	323	10	7038	4236	122	1	66
MSTRG.9435	955	1515	0	2174	177	214	900	0	2452	9	5814	894	0	2269	10
MSTRG.9436	1951	5213	2187	2144	3	3374	6384	636	1537	14	1756	6600	5709	742	100
MSTRG.9437	6843	133	33	227	122	3973	24	88	223	767	5452	15	234	217	206
MSTRG.9438	367	1853	1953	3106	7	116	2818	3577	1494	4	80	1919	2752	2257	38
MSTRG.9439	19	13719	0	71	40	44	21864	0	195	41	6	16019	0	70	12
MSTRG.944	827	1348	0	3344	93	477	328	19	1838	804	429	1222	0	1486	22
MSTRG.9440	9	206	0	5072	459	18	119	0	6685	243	12	339	0	2182	2725
MSTRG.9441	106	115	4805	1080	927	265	95	1912	1366	715	20	200	3758	534	6411
MSTRG.9442	25163	495	2318	3386	1608	35646	637	1203	3424	1238	11370	609	2631	3184	12186
MSTRG.9443	9034	23	1884	50	164	13513	20	3554	62	57	3496	56	4254	24	365
MSTRG.9444	2225	1105	1560	900	495	889	1030	1489	1240	386	2218	1137	1498	1010	1700
MSTRG.9445	422	157	1264	3392	115	917	981	901	4007	0	779	981	878	3290	80
MSTRG.9446	143	25	0	289	0	146	56	0	692	0	261	24	0	305	0
MSTRG.9447	258	82	381	390	3880	6	140	371	529	5038	3	428	469	578	3549
MSTRG.9448	341	20280	1043	15820	1059	382	10568	624	5634	1740	172	14083	1140	28026	753
MSTRG.9449	140	609	952	377	98	399	567	197	2630	92	152	663	1064	1696	251
MSTRG.945	5877	741	0	2495	31	7744	947	70	2941	348	2320	945	0	681	9
MSTRG.9450	95	843	1359	891	4303	311	405	1140	1171	2181	166	185	1429	732	3558
MSTRG.9451	1191	38	741	2466	128	596	13	1111	5622	11	562	224	1149	1892	66
MSTRG.9452	928	37	584	1012	27	1690	0	528	1671	39	864	23	685	450	85
MSTRG.9453	3721	5000	779	2767	8	4270	3012	808	7103	1	2516	6212	583	4436	44
MSTRG.9454	716	7987	45	5214	881	703	15323	300	9497	618	213	7465	75	5627	540
MSTRG.9455	32	16	6	9315	47	68	22	43	8504	57	1	18	0	7934	68
MSTRG.9456	139	28	1996	614	566	95	1	35	2919	906	266	1	4640	438	505
MSTRG.9457	770	154	6859	338	845	1130	0	663	1329	299	435	37	2527	926	815
MSTRG.9458	278	26	3375	454	1204	209	169	1141	570	2102	57	42	2941	574	1049
MSTRG.9459	819	1897	143	214	540	522	1718	627	117	398	1063	1868	673	249	445
MSTRG.946	250	248	1700	530	0	80	61	2359	37	343	164	145	3054	17	224
MSTRG.9460	372	145	1506	1280	351	504	109	1686	418	344	380	90	439	1234	208
MSTRG.9461	1810	11522	2921	2451	7	2508	8025	2209	2745	0	608	6529	3246	1747	67
MSTRG.9462	12261	470	0	1398	1162	17272	452	49	1341	3717	4769	368	1	1045	1201
MSTRG.9463	9120	222	1122	2037	978	2436	0	1632	1125	1222	16316	6	1126	2314	943
MSTRG.9464	3392	272	354	34	1151	1925	14	0	136	1753	194	127	0	13	759
MSTRG.9465	3194	43	57	307	2412	2118	8	117	126	3427	2364	146	60	204	2197
MSTRG.9466	1622	10	124	1469	240	984	62	49	614	210	1174	11	1	1648	321
MSTRG.9467	1645	410	0	420	508	1114	204	0	416	802	1120	335	0	268	174
MSTRG.9468	136	768	80	1866	28	172	858	0	1331	18	0	772	15	942	112
MSTRG.9469	758	2312	2	27	13	375	3534	17	14	9	468	2098	7	31	15
MSTRG.947	3946	77	4327	478	1933	2012	323	5236	614	4680	2412	138	3801	356	395
MSTRG.9470	102	0	0	143	296	97	149	0	25	245	172	862	0	60	126
MSTRG.9471	46714	83	9948	0	267	31505	1	9523	0	210	3399	10	9900	0	186
MSTRG.9472	8388	2581	748	476	945	10116	17328	506	1385	2070	3901	4622	891	1392	1031
MSTRG.9473	14740	1109	528	0	1297	23521	1044	1001	0	1105	5413	841	1174	0	1230
MSTRG.9474	3795	1510	916	1302	5	3399	889	3808	3240	43	2177	1438	756	4553	0
MSTRG.9475	198	954	0	4035	903	277	1043	0	4928	1584	84	728	0	1775	1204
MSTRG.9476	963	13039	3468	14586	3538	979	12033	5098	7619	2620	349	8263	6346	3392	5988
MSTRG.9477	634	1482	375	129	1	418	1938	65	29	0	188	1799	336	100	0
MSTRG.9478	30	220	3073	3103	2469	31	639	23068	2800	723	48	303	7316	3125	1014
MSTRG.9479	1089	2897	7	710	32	1541	1035	2	638	24	587	877	22	165	52
MSTRG.948	1438	1957	101	7436	941	1363	1744	438	4860	3715	971	1086	296	3353	1491
MSTRG.9480	876	357	66	3135	17796	52	1756	87	3752	19895	201	1207	0	2180	12758
MSTRG.9481	0	620	0	41	8258	94	524	0	48	4419	14	846	0	83	1057
MSTRG.9482	1293	223	652	44	34724	1198	87	635	7	15744	2297	181	243	33	10202
MSTRG.9483	425	9070	165	39	33823	181	20519	598	1	49139	239	5846	83	113	63581
MSTRG.9484	230	101	2084	47718	105	47	219	1239	53372	220	80	121	2327	48730	436
MSTRG.9485	1845	98	1548	2356	21	1368	90	1935	2522	77	1193	81	924	1963	73
MSTRG.9486	551	260	643	15430	5620	525	298	474	15793	7121	277	158	799	31103	4520
MSTRG.9487	3	33	6040	242	1352	227	7	4409	75	1212	185	6	8701	10632	210
MSTRG.9488	468	150	0	23	3653	429	176	0	43	6411	469	472	0	10	2202
MSTRG.9489	94	0	856	77	1420	55	0	878	22	1746	82	0	993	670	718
MSTRG.949	391	84	868	4747	2036	145	92	3649	3075	2919	263	101	1610	535	1842
MSTRG.9490	1000	360	34	222	1958	347	424	14	952	3822	662	314	13	480	1755
MSTRG.9491	0	153	35540	16	20	0	315	5354	20	86	0	153	43022	121	92
MSTRG.9492	448	0	5279	26	23	670	0	4029	51	76	300	0	6810	73	111
MSTRG.9493	0	2911	221	450	3	0	1847	263	123	5	0	7350	283	406	6
MSTRG.9494	770	6	10	335	367	497	121	63	875	810	579	52	41	470	477
MSTRG.9495	193	2384	70	497	11203	95	3684	1323	41	6801	198	2481	120	144	4708
MSTRG.9496	361	47	0	54	2827	0	6	0	100	5322	25	11	27	186	2087
MSTRG.9497	341	3581	0	7049	1691	66	3915	0	5397	2014	169	3863	0	7170	1115
MSTRG.9498	2362	3957	118	131	495	4589	1391	110	28	1404	1397	2315	156	0	1410
MSTRG.9499	2560	1455	200	2980	154	1297	4452	96	3632	95	2178	2174	269	3670	758
MSTRG.95	6648	1595	1139	693	3992	5020	2028	1013	707	5521	5847	2702	1208	678	5068
MSTRG.950	14	1858	94	0	538	54	1887	164	1	4101	0	1241	227	1	1397
MSTRG.9500	41	1404	9	404	49	34	1366	2242	61	54	26	1351	5	362	83
MSTRG.9501	1255	1599	226	107	2573	1275	865	1951	46	13198	1163	1693	162	81	4009
MSTRG.9502	103	0	0	219	372	1270	0	0	82	460	339	0	0	193	407
MSTRG.9503	2417	277	0	931	603	1692	364	0	6	1417	1196	477	0	70	481
MSTRG.9504	685	193	1068	13	741	422	68	1854	146	691	540	102	1530	24	1645
MSTRG.9505	3025	2404	2188	115	2408	1930	1265	553	192	1433	1434	2568	1022	46	1647
MSTRG.9506	0	730	3361	43	240	0	1346	3591	28	952	0	1467	4119	50	444
MSTRG.9507	14148	928	114	0	380	6949	1552	102	0	928	9582	2299	252	0	0
MSTRG.9508	2242	250	4093	110	0	1193	309	4613	132	0	903	346	3212	105	231
MSTRG.9509	1356	704	2248	26	1027	1717	1368	1126	20	831	1072	594	1281	24	1166
MSTRG.951	206	720	1396	96	345	124	929	1413	84	759	169	1150	1486	62	525
MSTRG.9510	2412	4	1333	2764	162	1193	123	1538	2420	104	302	4	1162	1620	69
MSTRG.9511	5650	21	2800	3600	304	3561	76	2801	2853	234	3639	87	2852	1549	175
MSTRG.9512	2380	1049	793	2193	50	574	784	151	2467	39	982	267	527	1663	83
MSTRG.9513	5533	2851	56	0	129	1258	4473	35	0	112	2356	677	32	0	134
MSTRG.9514	257	1088	166	233	2248	100	1502	81	644	3311	198	732	220	279	1748
MSTRG.9515	877	145	3191	1126	560	1267	654	2325	2249	333	1655	313	3900	895	4
MSTRG.9516	830	1512	21	3433	671	997	1117	18	2135	886	547	592	49	2582	678
MSTRG.9517	8	2084	577	332	35028	21	2741	318	641	52894	24	2510	675	459	37300
MSTRG.9518	28	0	942	187	2068	58	0	1149	364	2292	56	0	468	164	2142
MSTRG.9519	376	1141	767	12	47176	1193	2057	1425	3	61352	294	988	1919	32	56728
MSTRG.952	348	219	2717	165	904	224	79	838	117	664	285	178	3849	162	658
MSTRG.9520	108	521	103	3453	118	85	427	44	4462	303	43	304	24	2255	3059
MSTRG.9521	2440	87	3328	265	40	905	56	5516	1361	47	2450	0	778	141	13
MSTRG.9522	4326	0	14350	0	33	2997	0	9583	52	74	936	0	13965	0	55
MSTRG.9523	1328	83	1461	256	196	797	0	2408	360	658	596	16	1626	337	59
MSTRG.9524	63	0	2229	542	2004	122	0	1633	642	3993	59	0	1547	477	2925
MSTRG.9525	267	0	394	105	405	190	0	8608	357	310	164	0	170	112	306
MSTRG.9526	151	6813	264	0	1295	139	7533	244	0	2639	105	8169	53	0	1472
MSTRG.9527	502	466	696	483	168	445	414	1344	796	1	476	873	1252	211	102
MSTRG.9528	12142	374	40	0	0	4564	901	35	0	0	7220	993	6	0	0
MSTRG.9529	4322	1301	3591	4	30	2541	1778	5030	185	100	1357	970	3782	3	33
MSTRG.953	2000	1913	4	613	79	1489	1019	47	113	70	1307	1435	59	172	227
MSTRG.9530	1972	0	254	0	0	1659	0	259	0	0	1708	0	371	0	0
MSTRG.9531	3707	7161	892	105	1495	3063	6733	221	153	1051	2073	4202	2493	91	876
MSTRG.9532	0	4589	4302	74	1088	0	17147	783	110	1410	0	9775	5019	16	1281
MSTRG.9533	1159	10	672	753	354	780	6	1665	1128	421	482	26	537	886	200
MSTRG.9534	5316	85	1244	1150	155	8348	145	1045	1549	137	3842	0	801	1476	173
MSTRG.9535	0	873	22	5	9983	0	5019	79	145	4810	0	1622	31	65	9301
MSTRG.9536	15	462	5617	241	4577	17	1819	5241	68	3965	27	638	6649	190	4737
MSTRG.9537	10985	246	1214	10	548	13074	656	1687	85	316	8915	181	1627	13	613
MSTRG.9538	58	2867	16	6243	967	107	3381	38	4104	900	74	2469	6	5189	780
MSTRG.9539	5493	636	15414	171	156	2925	509	3424	309	43	4724	566	13949	267	46
MSTRG.954	1759	30	354	3447	20	290	14	687	4226	34	1245	9	1201	4338	47
MSTRG.9540	1818	9969	280	421	285	835	9590	79	949	361	868	10683	797	482	370
MSTRG.9541	7983	0	114	1285	108	5813	0	86	2809	173	4921	0	72	1669	264
MSTRG.9542	2145	888	2496	375	1744	2197	732	488	108	2029	1096	921	2178	95	2213
MSTRG.9543	2042	36190	0	1748	611	1487	17775	0	2917	825	1469	43048	0	1095	328
MSTRG.9544	18046	6330	94	559	319	21001	4552	26	204	577	10748	8388	67	1882	324
MSTRG.9545	1265	208	3973	520	1994	822	281	6354	419	2982	920	215	2679	627	1883
MSTRG.9546	1423	0	431	222	85	889	0	489	78	348	1152	0	479	52	166
MSTRG.9547	193	82	6968	291	0	840	740	985	357	0	825	42	4834	185	0
MSTRG.9548	36	0	790	858	0	46	0	1288	1018	32	19	0	842	479	4
MSTRG.9549	150	232	1610	1678	4	336	53	3213	1085	9	304	218	2520	630	1201
MSTRG.955	1104	1406	152	1147	2190	885	2243	176	1132	3736	858	586	37	844	2003
MSTRG.9550	18127	137	1433	0	1166	7551	282	4558	0	860	10154	167	1504	0	1408
MSTRG.9551	1247	18	7209	339	1658	938	969	4829	1063	2140	1137	69	5561	70	2555
MSTRG.9552	506	332	16115	2339	572	440	2462	9405	2094	622	502	653	11562	2487	327
MSTRG.9553	886	0	278	392	14	421	0	21	757	38	133	0	5	300	7
MSTRG.9554	28	0	0	543	541	28	0	32	590	159	150	0	169	315	146
MSTRG.9555	19581	1675	400	599	1094	14989	1751	461	138	344	15561	1864	381	230	745
MSTRG.9556	9492	2577	49	2178	91	7158	759	26	4026	891	11694	994	118	1774	92
MSTRG.9557	22	965	3	1570	19	5	1431	18	675	100	31	1087	0	792	35
MSTRG.9558	629	123	6727	302	264	794	194	4099	702	316	250	152	1467	731	80
MSTRG.9559	132	1648	2241	8	864	217	5370	1457	35	945	60	2604	454	2	330
MSTRG.956	188	2505	1694	602	129	82	3306	1275	735	228	112	2514	2259	210	95
MSTRG.9560	1	2708	119	84	69	1	2629	112	87	45	1	1931	675	64	145
MSTRG.9561	1	2656	61	517	599	1	3246	133	506	381	1	2333	250	327	401
MSTRG.9562	6	511	1118	110	1767	0	84	842	141	2662	14	530	179	87	2464
MSTRG.9563	0	0	173	0	3981	1	0	0	0	3147	28	0	95	0	5084
MSTRG.9564	1	139	0	276	50	1	175	0	3	212	0	227	0	113	82
MSTRG.9565	948	2958	4306	0	27	3033	2662	6084	0	129	450	3145	4692	0	12
MSTRG.9566	2328	464	1542	4	69	1650	285	1467	66	209	1432	534	1739	13	45
MSTRG.9567	85	59	225	0	92	24	9	513	0	133	157	41	555	0	36
MSTRG.9568	173	956	3546	0	171	102	337	451	0	48	71	830	1935	0	88
MSTRG.9569	11070	22	190	8266	2632	9468	26	28	3312	1646	4457	21	91	2263	18185
MSTRG.957	188	1194	12745	2442	0	247	1372	7694	871	8	88	927	7193	1072	33
MSTRG.9570	435	762	48	526	1699	337	1327	86	372	1247	291	473	136	16	1418
MSTRG.9571	546	472	1	0	253	9	1041	2	0	111	164	1701	1	0	197
MSTRG.9572	54	101	992	28	2264	35	220	767	76	2680	76	266	658	9	2764
MSTRG.9573	24	3306	2	1648	169	195	5804	2	1657	184	16	891	1	1536	98
MSTRG.9574	514	11442	552	864	3246	248	10457	913	611	3841	379	9877	553	401	3362
MSTRG.9575	893	1186	1111	0	1963	778	1743	573	0	3634	490	1342	1391	0	1763
MSTRG.9576	3118	1961	1355	57	38	3316	1706	1439	316	53	1638	1215	1572	125	15
MSTRG.9577	465	500	1099	0	842	881	3278	625	0	1272	655	433	1307	0	1529
MSTRG.9578	106	252	0	78	2754	8	319	7	179	3904	11	136	0	66	2242
MSTRG.9579	8381	791	14	786	2	8452	1506	6	1206	23	2258	1359	102	1007	5
MSTRG.958	1467	1110	365	1568	646	1061	1104	572	2461	210	560	524	298	1324	677
MSTRG.9580	1333	100	1281	373	0	1232	20	4351	113	0	650	28	1335	215	0
MSTRG.9581	1736	8471	1223	186	282	989	6587	1766	230	431	1276	5104	1070	180	450
MSTRG.9582	1211	177	33	138	10384	1276	322	21	94	8187	1052	321	57	92	8168
MSTRG.9583	10080	909	1097	100	216	12730	335	851	45	2024	7051	2375	811	264	375
MSTRG.9584	1934	59	2448	550	651	2129	54	1447	585	1041	1621	70	2648	239	768
MSTRG.9585	247	3442	276	162	2319	556	1782	398	489	4243	205	4941	532	173	1434
MSTRG.9586	3977	0	519	45	966	1078	0	597	441	1543	882	0	280	21	588
MSTRG.9587	291	319	32	444	2539	1778	58	39	336	8366	927	202	73	537	3884
MSTRG.9588	199	45	426	272	3919	500	25	419	533	7203	368	37	254	131	4198
MSTRG.9589	69	963	346	11883	964	366	1543	201	4267	2903	99	1144	231	6013	381
MSTRG.959	11	12	195	987	1179	12	50	601	1155	1674	22	3	497	125	1400
MSTRG.9590	10229	863	2418	40	6892	20381	1334	3745	54	9117	4041	969	2192	33	7123
MSTRG.9591	168	55	1515	10658	363	142	108	869	461	1525	104	5	1817	368	622
MSTRG.9592	174	4678	1462	1278	2150	206	6592	853	13541	1378	84	6177	1806	783	2450
MSTRG.9593	73	1248	3567	615	93	267	1901	1869	2274	15	173	1646	4590	780	136
MSTRG.9594	0	14	2443	4	1099	0	73	151	17	1569	0	12	1265	17	806
MSTRG.9595	259	1053	55	351	692	259	1864	290	723	992	207	1266	0	325	1105
MSTRG.9596	151	10440	42	328	1144	239	4858	25	536	1576	74	3832	34	769	1008
MSTRG.9597	0	182	29418	5755	19	0	118	10893	7743	88	0	232	16610	3970	4
MSTRG.9598	3055	110	31879	99	439	1196	365	1602	134	279	5451	284	13751	119	443
MSTRG.9599	16	2018	31681	0	371	60	1055	33488	39	1014	39	1819	62208	4	753
MSTRG.96	435	1258	572	3243	2874	308	3236	1322	4351	2403	307	2149	493	3299	16942
MSTRG.960	2267	3422	24	854	3127	1715	4247	8	535	3806	811	5381	0	734	2902
MSTRG.9600	2281	0	183	2	0	2397	0	235	42	0	1292	0	414	6	0
MSTRG.9601	205	106	43	551	443	44	29	243	604	524	284	127	66	520	372
MSTRG.9602	158	47	7199	272	1509	87	42	4861	314	1346	600	75	8199	359	433
MSTRG.9603	0	2648	1320	0	533	0	3829	921	0	863	0	4258	1315	0	894
MSTRG.9604	3259	789	4390	1111	0	2525	618	4207	1530	0	2348	835	3285	1433	0
MSTRG.9605	2114	4737	2959	6692	96	1590	2304	4746	4348	18	1178	5138	2202	4967	19
MSTRG.9606	1241	816	20	5256	0	1016	1064	21	6679	0	758	668	51	3487	0
MSTRG.9607	1517	2158	1088	4171	463	3661	2362	407	2140	913	1601	2731	1132	2511	1122
MSTRG.9608	1923	1000	46	9626	0	1377	1506	113	8910	0	994	1416	110	5079	0
MSTRG.9609	1644	4006	183	4311	875	1016	3074	219	7095	2052	1153	3326	438	1533	2429
MSTRG.961	1020	431	21	5335	51	880	5542	11	2000	92	1297	592	0	1005	297
MSTRG.9610	0	16201	428	266	38	0	12214	1164	229	214	0	12522	722	730	254
MSTRG.9611	417	139	14644	2	3069	373	7	2749	127	4552	276	14	7585	6	2192
MSTRG.9612	1772	983	3784	39	9612	1274	1246	4850	20	9099	1530	509	2657	2	5870
MSTRG.9613	1342	83	2117	8162	82	362	11	2112	12188	18	1417	87	1255	5604	149
MSTRG.9614	1237	66	754	143	2489	889	90	1212	1001	2722	889	37	1064	74	2529
MSTRG.9615	2097	830	122	79	445	2427	5050	168	250	575	1525	1403	829	92	60
MSTRG.9616	401	1875	3114	42	2547	252	12607	16702	593	3152	429	3620	4023	41	2149
MSTRG.9617	846	1364	458	88	15	634	10342	508	156	12	503	2788	439	106	37
MSTRG.9618	248	1410	710	167	62	459	9831	1332	211	49	77	2569	574	107	75
MSTRG.9619	70	2422	753	922	4	15	15442	835	380	10	1	5316	671	485	84
MSTRG.962	151	3566	200	2214	745	61	3897	953	4010	1264	218	5940	38	1186	921
MSTRG.9620	457	27	13	150	14	304	48	41	369	83	14	351	24	249	102
MSTRG.9621	4532	246	24	60	0	3951	0	81	109	12	77	157	60	203	11
MSTRG.9622	1487	0	2211	4242	573	921	0	1062	3153	62	523	0	1768	2825	469
MSTRG.9623	529	4761	357	2771	218	574	3806	953	8178	329	619	5121	572	2035	252
MSTRG.9624	1504	2047	497	19	309	1393	1705	439	647	80	234	2063	591	154	233
MSTRG.9625	2630	209	841	28	99	2114	351	184	2	28	1945	474	835	682	306
MSTRG.9626	0	1196	234	33	6296	0	850	120	88	3284	0	919	171	12	4118
MSTRG.9627	1206	214	406	341	0	1699	28	133	357	0	914	78	79	501	0
MSTRG.9628	397	37	41	257	1019	215	103	24	206	1520	121	104	46	167	779
MSTRG.9629	2	717	36	168	21	10	808	26	155	31	17	649	32	328	5
MSTRG.963	5042	2405	53	2035	2762	3241	1120	903	2003	3894	3322	4854	19	1657	2858
MSTRG.9630	105	128	172	2992	735	47	87	244	4483	1317	2	101	232	2558	690
MSTRG.9631	0	804	2312	397	2369	0	807	3085	316	6371	0	756	3689	382	1795
MSTRG.9632	153	858	7	157	3729	0	517	70	371	3912	28	1041	29	144	4026
MSTRG.9633	0	1451	749	0	292	4	1412	335	109	46	0	1398	422	0	364
MSTRG.9634	0	123	99	3294	23	0	78	36	6028	122	0	22	1	1899	32
MSTRG.9635	9574	1176	874	320	76	10411	1009	462	461	126	9685	1179	981	1458	44
MSTRG.9636	554	9	43598	135	0	806	13	50483	81	0	883	94	50957	72	0
MSTRG.9637	1397	1025	3011	938	1910	2493	4836	1699	1321	2232	805	1361	2401	642	1595
MSTRG.9638	6855	1280	8509	719	0	7342	1725	8557	619	0	3249	990	10564	283	0
MSTRG.9639	913	30	313	0	211	293	34	72	0	313	453	22	91	0	266
MSTRG.964	37	0	5	88	61	52	0	352	147	50	24	3	193	134	25
MSTRG.9640	4074	1980	177	0	755	14671	1208	7	0	2113	6219	1052	10	0	794
MSTRG.9641	19	3482	2	134	3089	11	3227	1	506	2711	25	2691	8	50	1790
MSTRG.9642	283	308	73	8975	404	130	278	2619	10012	670	0	280	103	3175	152
MSTRG.9643	2649	387	2925	8133	183	2085	536	4109	987	509	899	168	4044	2469	215
MSTRG.9644	0	49	200	9682	3102	0	14	255	12725	4140	0	2	655	5534	2456
MSTRG.9645	278	32	1561	94	159	649	65	1929	134	1069	90	90	2329	162	120
MSTRG.9646	3800	27	190	184	1608	3136	18	0	484	3378	2011	0	121	272	443
MSTRG.9647	427	285	4	12384	896	207	430	2	5712	616	190	242	46	9941	6357
MSTRG.9648	10230	73	17	2171	0	10697	52	86	1010	0	7194	55	66	4770	0
MSTRG.9649	42	222	0	162	371	15	259	0	34	556	21	117	0	224	208
MSTRG.965	2164	318	2612	96	334	2209	436	4156	32	102	358	369	1104	24	250
MSTRG.9650	0	3267	2801	1508	125	0	3910	1853	1283	185	0	3495	2723	1357	718
MSTRG.9651	1150	1336	10	1692	0	832	1264	26	753	0	756	1438	93	1019	0
MSTRG.9652	43	20	304	1718	7	21	18	91	3665	121	11	2	456	2941	0
MSTRG.9653	47523	1997	240	6698	0	14609	890	151	4817	0	45770	2039	326	2272	0
MSTRG.9654	10813	2056	4349	494	105	4925	1755	1441	727	144	11990	3461	4744	1377	49
MSTRG.9655	0	1901	5466	250	1028	0	565	2840	111	896	0	250	6332	349	6132
MSTRG.9656	11	30	733	122	1429	67	35	547	115	1059	6	30	734	261	11590
MSTRG.9657	23	24742	6818	53	47	1611	22309	2192	15	111	92	9238	6748	7	25
MSTRG.9658	0	4230	2377	472	4184	0	2587	947	177	3805	0	407	2927	31	4171
MSTRG.9659	240	17097	390	3794	2130	57	11859	315	3927	1997	158	2579	387	1571	1067
MSTRG.966	4289	3204	1647	1384	2438	4009	4961	3227	1254	7008	4394	3918	1787	1031	1168
MSTRG.9660	206	22507	270	1758	17	181	38332	157	87	7	109	53592	330	880	2
MSTRG.9661	115	181	1218	12339	210	1139	370	778	7983	491	53	490	3192	37945	242
MSTRG.9662	231	10	549	57	4366	2418	53	1121	70	1367	138	49	494	101	2797
MSTRG.9663	0	6316	3138	679	2570	0	6138	5168	2127	2015	0	7971	3471	1233	1606
MSTRG.9664	0	1974	523	0	1434	0	781	509	0	836	0	595	1319	0	2387
MSTRG.9665	1771	4264	0	0	837	2035	4251	0	0	1099	1246	3104	0	0	1053
MSTRG.9666	1890	4981	2	263	127	933	4945	31	2	75	461	4383	0	392	135
MSTRG.9667	3670	13	1	26	23	3927	27	2	441	64	2333	12	1693	131	78
MSTRG.9668	231	72	1794	1634	1008	176	110	727	2	2288	160	114	1245	0	916
MSTRG.9669	2406	862	2158	192	1760	2789	1461	1433	609	3546	1287	1232	2930	320	2199
MSTRG.967	2671	115	1764	1384	1881	5561	250	1282	776	2393	606	232	2308	1388	1420
MSTRG.9670	2672	7848	620	140	3590	2388	5369	843	140	4465	1393	3692	666	124	4126
MSTRG.9671	3172	2731	38	0	986	3004	5003	18	0	1533	1738	2206	3	0	1702
MSTRG.9672	710	1962	706	2421	1719	103	2351	247	5297	2230	316	1313	324	2606	1865
MSTRG.9673	0	4642	1400	39	119	0	2390	159	989	441	0	4392	913	620	152
MSTRG.9674	53	155	96	431	3	26	137	643	475	5	82	615	156	441	4
MSTRG.9675	3226	4146	19	594	166	3051	13881	61	2079	73	2543	5506	53	793	235
MSTRG.9676	287	418	305	17429	335	184	499	543	18866	531	698	447	280	3801	255
MSTRG.9677	989	52	1137	1665	1320	473	10	358	774	1753	674	43	1086	896	625
MSTRG.9678	1033	1014	64	1077	106	785	1765	5	476	155	225	1182	104	790	85
MSTRG.9679	606	726	631	6700	200	1137	511	528	7829	169	974	1269	684	3445	486
MSTRG.968	935	1149	842	275	1857	1549	3763	1759	178	3825	3973	2026	1401	387	501
MSTRG.9680	155	9	1948	937	4	130	55	2661	1412	5	181	29	2883	785	27
MSTRG.9681	175	2337	5273	140	44	45	1437	4068	246	0	46	1873	6335	65	10
MSTRG.9682	3855	606	283	0	25	5370	817	81	31	0	595	989	157	14	4
MSTRG.9683	14392	18458	183	127	101	10138	16884	189	110	7	6664	18986	326	123	3
MSTRG.9684	1761	19893	0	922	283	1523	16064	17	1033	84	1129	14615	20	981	279
MSTRG.9685	2459	302	186	997	3940	1455	1	20	1326	4119	733	0	183	1260	3691
MSTRG.9686	1188	82	9125	5623	141	2519	104	5222	7029	250	217	68	1916	5823	123
MSTRG.9687	227	44	1610	965	29	206	204	585	499	13	98	1	2541	542	91
MSTRG.9688	1327	23	361	676	10	1258	221	156	1948	12	1058	5	340	1104	49
MSTRG.9689	92	5435	3662	70	393	24	11434	2104	51	781	17	6397	3542	527	454
MSTRG.969	4782	2584	451	11389	423	870	7316	1513	14530	46	9692	2686	633	12779	16
MSTRG.9690	9739	23	194	650	817	9325	33	210	1	2400	6988	3	54	0	1025
MSTRG.9691	375	72	5437	71	3744	248	136	3074	21	4575	404	107	3872	53	4416
MSTRG.9692	1181	32	2354	9178	18	429	86	2281	11316	28	2481	46	2278	6076	27
MSTRG.9693	4504	15	38	107	334	1563	136	44	336	236	4873	12	32	77	345
MSTRG.9694	0	106	870	4434	253	0	8	1107	2802	287	0	6	1383	1967	132
MSTRG.9695	38	38	2990	4454	1036	17	0	3062	2276	824	43	0	4007	1976	332
MSTRG.9696	60	126	4	23	1206	35	62	15	38	1002	41	109	37	13	506
MSTRG.9697	1786	50	8	52	0	2080	66	23	36	0	1014	102	1	20	0
MSTRG.9698	1143	81	0	7826	237	892	123	0	7222	584	830	134	0	12726	147
MSTRG.9699	104	19	364	2614	2007	95	106	471	3446	2059	13	155	486	1930	2372
MSTRG.97	1269	223	3309	4587	285	138	246	3425	5343	185	334	118	2813	5864	2512
MSTRG.970	4	1061	783	735	553	42	2014	604	1018	711	8	1318	718	603	401
MSTRG.9700	6709	3	11290	1	332	6041	64	4989	0	1004	4785	84	9314	0	362
MSTRG.9701	1710	114	570	5	330	1914	225	6935	794	662	1117	340	477	17	259
MSTRG.9702	21	42	857	418	396	51	22	670	349	271	0	0	1222	231	242
MSTRG.9703	10332	187	2699	6760	1621	8158	45	3817	938	5061	2828	99	2399	2502	872
MSTRG.9704	157	18	1098	3629	1066	144	0	1140	1588	667	134	7	707	2775	688
MSTRG.9705	100	103	2734	204	249	286	2692	7428	85	1032	44	225	6591	169	900
MSTRG.9706	2216	73	4298	222	0	980	1	7642	124	0	1244	27	6060	130	0
MSTRG.9707	0	452	1228	40	105	0	21803	3839	73	66	0	592	850	64	66
MSTRG.9708	58	181	7490	1616	425	45	189	7421	2952	420	74	407	9796	747	517
MSTRG.9709	81	407	447	2015	84	66	730	1153	4365	167	41	554	863	1702	58
MSTRG.971	82	4957	31	3228	5020	0	3250	21	1599	3810	0	6903	113	1434	2529
MSTRG.9710	6601	1397	190	5545	209	4459	326	81	5844	14	4191	582	361	8539	72
MSTRG.9711	838	0	467	1246	0	643	35	512	1207	0	876	5	665	2436	0
MSTRG.9712	7555	439	259	2272	13	1921	225	94	3245	29	7628	204	270	2717	14
MSTRG.9713	254	418	1616	23	31	499	246	1130	8	31	124	252	2239	79	9
MSTRG.9714	763	107	1464	244	0	712	68	881	113	0	503	74	1122	225	0
MSTRG.9715	2639	205	1399	2	0	3498	171	1312	2	0	2450	210	1386	1	0
MSTRG.9716	1326	2723	251	143	7425	718	2730	47	70	3192	1346	2933	189	225	2279
MSTRG.9717	121464	43	1342	1204	268	37788	33	544	1911	182	31103	71	1276	550	0
MSTRG.9718	8114	0	30	92	0	73062	34	122	146	0	6312	6	29	74	0
MSTRG.9719	5	1107	377	245	17	1	386	205	200	125	3	8	398	281	2
MSTRG.972	161	552	2370	7522	1924	12	774	3696	2202	3969	7	1447	3437	5001	639
MSTRG.9720	11	73	406	1	108	56	52	624	1	234	48	1	1317	16	111
MSTRG.9721	6	1002	836	66	1513	12	634	473	35	2729	0	694	878	72	1280
MSTRG.9722	1	2409	557	1075	0	1	5113	457	266	0	1	3315	528	1183	0
MSTRG.9723	2633	1097	2217	402	0	2595	665	1584	398	0	717	1031	983	285	0
MSTRG.9724	6329	1217	0	161	844	6535	1124	0	107	1404	1516	1655	0	254	1083
MSTRG.9725	4623	254	109	17	10	5061	1	36	5	22	1351	152	106	8	14
MSTRG.9726	4611	0	43	1051	411	4667	0	24	1709	113	1237	0	14	804	639
MSTRG.9727	5732	0	0	3324	192	6050	0	0	4242	142	1368	0	0	2696	146
MSTRG.9728	438	0	565	0	95	199	26	1671	0	19	581	0	1403	0	101
MSTRG.9729	1769	16	0	4486	108	2298	106	0	5281	82	281	27	0	3878	194
MSTRG.973	5341	2	193	94	101	4619	31	224	318	221	3181	15	129	98	22
MSTRG.9730	172	1212	1205	526	469	2	1214	3968	272	460	68	911	4217	203	392
MSTRG.9731	0	1311	3050	748	51	0	780	2234	357	158	0	1480	2217	406	42
MSTRG.9732	4847	305	9706	1448	33	3773	163	3919	1075	124	3466	309	4718	740	0
MSTRG.9733	3076	160	4	5522	293	2079	138	2	6702	226	1793	225	3	4165	406
MSTRG.9734	194	8541	121	335	253	278	4988	22	294	358	318	8951	147	201	179
MSTRG.9735	2037	6033	2584	1394	8370	902	3080	3588	1894	3391	687	5780	3913	1197	5674
MSTRG.9736	205	791	296	496	82	19	534	65	495	35	99	814	55	213	37
MSTRG.9737	20	4450	2771	46	7373	61	1244	2276	0	921	96	3893	2666	168	759
MSTRG.9738	63	592	56	4	1099	3	125	47	13	14891	121	138	57	12	956
MSTRG.9739	1279	210	3	4	680	651	328	17	1	1692	525	473	141	2	757
MSTRG.974	1424	108	750	1610	135	2841	148	209	1749	201	1853	55	730	1576	260
MSTRG.9740	102	389	0	1559	16	109	231	0	2174	12	113	592	0	1839	28
MSTRG.9741	27	1547	30	33	442	5	1272	109	49	670	31	1862	102	5	330
MSTRG.9742	851	709	22	2082	261	842	893	78	902	571	523	488	49	1994	518
MSTRG.9743	1231	301	637	4916	5029	402	544	86	7038	6747	799	438	666	3509	3804
MSTRG.9744	1791	4553	3	2528	166	1482	2638	16	1992	86	1205	4035	6	2208	1065
MSTRG.9745	1244	260	304	193	4	581	334	29	353	48	457	724	277	153	9
MSTRG.9746	193	0	160	584	600	184	0	73	761	419	168	0	121	720	4418
MSTRG.9747	12	1	10190	1116	368	13	3	5498	949	205	58	1635	8660	806	2703
MSTRG.9748	1389	5	139	0	1532	3653	2	224	0	1068	988	136	391	0	11940
MSTRG.9749	1524	1597	0	779	416	1412	1436	78	1320	781	662	1393	99	1042	420
MSTRG.975	3570	1909	1574	0	358	5211	2064	1478	1	342	1711	2801	1622	1	290
MSTRG.9750	44	1784	29	896	3401	28	1986	4	1020	4445	18	2610	15	690	2339
MSTRG.9751	1166	634	1699	769	2733	862	690	655	792	2900	1067	613	1230	21	2189
MSTRG.9752	3864	25	3535	221	1368	3032	31	3124	511	1016	2448	3	2444	583	950
MSTRG.9753	388	2390	4961	456	11272	307	1064	3634	644	8399	312	1433	4774	366	5087
MSTRG.9754	548	139	395	129	2424	544	617	42	111	6063	122	199	479	80	1001
MSTRG.9755	27	492	69	28	63	28	470	22	97	445	2	339	97	23	51
MSTRG.9756	55	2446	1	102	162	59	1114	147	87	256	94	732	29	82	332
MSTRG.9757	0	710	81	915	4459	16	440	134	1469	2418	0	534	91	1395	2959
MSTRG.9758	431	2224	0	1143	15	378	3393	0	1506	9	236	2389	0	972	22
MSTRG.9759	514	4772	2067	11216	35	162	4504	2009	10142	13	230	6340	2557	5710	25
MSTRG.976	1947	8388	190	1506	1546	2036	10227	232	1159	975	1443	6249	40	1504	1321
MSTRG.9760	3317	766	624	5545	8063	4715	396	1734	3228	12801	1906	250	357	5875	6280
MSTRG.9761	1854	346	274	2225	275	1089	241	572	1602	581	1363	210	298	1327	46
MSTRG.9762	2161	109	620	495	57	1380	126	2183	873	133	1598	116	1023	335	88
MSTRG.9763	2914	43	3980	11583	17	1582	32	3062	13004	203	2813	96	3769	7352	27
MSTRG.9764	1544	250	566	4331	28	583	15	1873	1592	39	49	158	764	2422	123
MSTRG.9765	94	2112	397	1932	229	170	5955	407	1127	126	5	2678	107	1440	148
MSTRG.9766	31	3903	2886	7424	1013	62	26054	3617	7203	277	3	7013	2733	5001	1355
MSTRG.9767	42	1195	132	6016	161	21	912	660	5249	349	14	1041	197	11241	336
MSTRG.9768	29219	153	1266	84	2295	20766	245	812	18	3321	5178	196	278	55	2231
MSTRG.9769	5233	3534	1803	15	1486	2817	2111	1097	67	8142	127	2946	454	28	1115
MSTRG.977	6135	159	1281	0	2675	3176	368	866	372	2586	7621	222	1025	0	3921
MSTRG.9770	13340	195	0	1212	94	10303	34	0	1478	948	523	93	0	467	189
MSTRG.9771	43850	5602	387	85	10	36350	4812	1254	0	4	44028	3149	403	0	448
MSTRG.9772	194	128	489	201	556	273	112	380	526	450	511	175	90	249	962
MSTRG.9773	44	2250	0	537	135	141	1810	0	296	400	88	3308	0	242	606
MSTRG.9774	10301	24	7	727	52	6938	35	139	644	45	8871	26	10	679	38
MSTRG.9775	2216	687	0	390	2085	1277	1487	0	540	2655	378	1270	0	786	1975
MSTRG.9776	4764	3147	108	1507	502	4300	3482	176	620	1013	1877	3755	117	887	722
MSTRG.9777	5362	0	160	0	2253	5387	0	404	0	5152	3903	0	35	0	1412
MSTRG.9778	5	667	2901	4812	489	13	426	1948	3681	527	5	611	777	4475	2235
MSTRG.9779	79	10803	5260	9	966	125	4846	3563	6	908	116	7594	1054	62	728
MSTRG.978	570	261	1944	0	953	871	532	1120	4115	1086	987	448	2296	3	575
MSTRG.9780	131	1601	34	30	474	351	3450	143	0	443	299	1794	88	91	194
MSTRG.9781	799	725	5100	51	193	929	840	4727	107	15	560	915	6313	21	48
MSTRG.9782	8402	2422	5042	792	0	5307	3905	4664	647	0	1413	2062	3058	754	0
MSTRG.9783	3514	533	1	115	0	5496	1216	1	138	0	1884	468	0	167	0
MSTRG.9784	3040	4486	5	141	113	2246	8101	891	67	300	587	9317	4	8	58
MSTRG.9785	4048	4533	310	3966	3884	2856	7940	182	2648	8593	3351	5293	424	2096	3780
MSTRG.9786	439	887	4828	1369	6719	166	3123	448	1071	2527	744	757	3168	504	4476
MSTRG.9787	3964	6998	2926	0	8383	12950	7221	1711	0	12009	2693	7615	2960	0	5908
MSTRG.9788	503	418	2081	39	107	493	1158	633	142	122	381	802	3269	133	259
MSTRG.9789	95	538	517	462	68	16	820	523	859	159	66	877	1958	281	151
MSTRG.979	3	37	216	2562	600	32	27	189	1091	1471	18	0	192	2263	801
MSTRG.9790	1764	365	186	2176	9493	1942	244	126	3463	8191	941	441	228	1865	8924
MSTRG.9791	1546	922	912	484	1216	985	871	902	666	1079	1575	989	804	746	3281
MSTRG.9792	27	1202	1676	117	117	39	682	2789	137	38	21	556	2256	533	108
MSTRG.9793	2439	1630	4973	2015	937	1667	503	5265	3360	1080	972	1143	6237	2163	1122
MSTRG.9794	425	98	1415	20	1089	823	47	1678	93	974	462	156	2551	60	812
MSTRG.9795	583	113	2629	125	354	761	280	2566	289	327	462	143	2574	306	357
MSTRG.9796	17	2284	83	6893	1095	20	860	10	4890	2183	35	2359	145	4817	1575
MSTRG.9797	1061	619	1411	36255	5669	489	359	657	3634	5433	255	374	548	13552	2466
MSTRG.9798	441	1208	5	549	573	202	1103	4	702	786	218	1733	2	335	738
MSTRG.9799	384	449	208	426	132	160	410	73	250	94	94	399	175	285	40
MSTRG.98	3640	2807	4717	2254	1084	488	2932	5826	136	1420	2099	2563	5073	606	1240
MSTRG.980	2099	188	13	333	745	1671	474	5	612	668	2630	161	41	319	285
MSTRG.9800	42	2342	1485	6947	141	51	1500	1903	5264	86	77	1170	748	4607	282
MSTRG.9801	305	2	95	505	735	133	26	152	549	195	199	53	80	295	180
MSTRG.9802	2975	246	288	25	235	3534	31	200	35	221	2722	118	620	23	418
MSTRG.9803	15	20	21	43	2344	9	48	7	25	3477	30	19	2	15	1056
MSTRG.9804	15	0	330	77	1698	8	0	89	62	49	18	0	220	53	740
MSTRG.9805	1594	573	7	448	9636	395	1255	244	590	9586	646	1539	0	97	10344
MSTRG.9806	64	0	4766	406	565	48	0	3726	628	2066	2	0	3892	553	654
MSTRG.9807	939	1113	258	926	0	747	2326	427	2893	0	499	3229	409	1079	0
MSTRG.9808	3361	743	437	2130	0	6526	1283	1383	816	0	1716	2294	591	2104	0
MSTRG.9809	7965	2134	1236	1943	416	4622	2778	1596	1918	2	5176	1779	1794	2873	392
MSTRG.981	16325	133	9022	15620	2527	9654	383	11159	10634	1525	6119	22	13408	10913	2186
MSTRG.9810	15858	8251	3418	4117	27	12469	4906	5751	4334	327	10766	4654	6022	3852	97
MSTRG.9811	244	114	735	473	1055	9	15	134	120	0	8	119	1786	267	0
MSTRG.9812	950	2761	379	0	0	1537	3333	102	0	0	304	3749	388	0	0
MSTRG.9813	49	642	497	3	15	54	434	227	53	2	4	101	357	23	0
MSTRG.9814	3208	1747	266	2229	0	4718	1837	356	2029	0	2317	2328	202	1857	0
MSTRG.9815	520	184	711	0	440	209	139	661	0	525	326	283	571	0	2202
MSTRG.9816	2173	20	1392	9301	923	2124	7	879	8159	4193	1936	137	991	6408	1229
MSTRG.9817	255	96	0	34	69	2	92	0	249	807	95	163	0	336	559
MSTRG.9818	4	31	499	1554	1306	2	77	1124	5537	2022	50	81	221	3050	1448
MSTRG.9819	0	671	1471	43	151	0	190	1684	237	5384	0	687	2995	146	322
MSTRG.982	296	4	926	305	1597	268	445	1650	306	1674	252	178	684	268	1157
MSTRG.9820	0	261	562	498	12239	32	384	574	307	13462	0	406	440	661	5961
MSTRG.9821	33	264	418	565	1286	68	13	469	2698	1190	24	0	382	1634	1336
MSTRG.9822	2823	153	671	0	927	1827	135	312	22	592	1699	344	296	2	917
MSTRG.9823	6	10062	2943	334	23	25	7171	7169	270	7	10	8704	1235	174	0
MSTRG.9824	318	108	1331	158	4486	217	0	1433	266	7975	281	161	985	51	3469
MSTRG.9825	70	1006	248	105	1	40	1142	537	99	0	60	1389	687	2	0
MSTRG.9826	4515	2154	0	0	21	1924	2961	0	0	10	3818	1909	0	0	4
MSTRG.9827	7276	2405	129	16664	108	3531	3299	135	16704	144	5369	3859	58	9692	1221
MSTRG.9828	711	381	506	13603	583	383	53	225	3266	431	644	453	520	3244	4573
MSTRG.9829	5943	632	0	436	469	2549	2	0	171	271	3335	55	0	496	3183
MSTRG.983	258	1545	1531	349	1314	511	3338	1253	395	1512	455	688	1046	405	774
MSTRG.9830	2747	10	0	163	1284	1741	304	0	670	859	2196	33	0	121	10328
MSTRG.9831	484	101	216	927	506	347	235	2	590	1369	456	44	170	353	1018
MSTRG.9832	279	170	0	185	902	343	128	0	257	582	424	171	0	256	541
MSTRG.9833	1211	1665	5	166	330	929	1845	46	744	261	554	2093	11	338	141
MSTRG.9834	819	0	30	1832	3186	890	0	84	2248	4640	286	0	24	1266	2044
MSTRG.9835	347	344	0	5020	366	618	545	0	27724	231	461	289	0	24643	367
MSTRG.9836	5361	1214	0	105	367	3566	2277	0	379	1694	3687	1146	0	308	1191
MSTRG.9837	106	5335	7786	4049	82	1077	2944	2733	6780	690	663	4422	3739	3248	487
MSTRG.9838	0	1298	684	7403	213	0	1181	449	5894	0	0	1084	343	4154	0
MSTRG.9839	13	167	5	4912	62	6	261	36	5281	9	1199	101	0	4342	62
MSTRG.984	33	1767	7859	201	32	41	3916	2071	239	73	0	1793	6445	220	0
MSTRG.9840	2	2732	0	159	5248	0	3717	0	386	8025	110	2891	0	295	3676
MSTRG.9841	2049	286	39	226	107	1101	546	57	219	105	1619	340	31	546	54
MSTRG.9842	725	761	2721	155	1	442	5123	2452	71	6	1200	1360	2304	93	1
MSTRG.9843	1075	1069	53	41	4458	1109	7435	8	26	2897	964	2073	10	65	2028
MSTRG.9844	774	0	0	2165	3801	633	0	0	1899	3174	493	0	0	1918	2406
MSTRG.9845	51	480	103	264	10767	29	1044	249	177	17873	35	343	265	270	9065
MSTRG.9846	648	242	920	1770	6849	282	3341	1115	1516	3462	103	557	1129	788	3132
MSTRG.9847	1799	0	897	2753	0	378	0	423	1797	1	1049	0	599	1517	0
MSTRG.9848	178	15	172	425	337	698	193	150	322	247	173	5	358	347	566
MSTRG.9849	60	0	537	4007	106	362	0	616	3448	302	228	0	381	4378	104
MSTRG.985	81	1253	1561	340	3493	24	1966	1686	425	2450	0	1638	1843	380	1372
MSTRG.9850	806	133	79	4786	660	917	209	131	5556	624	540	88	120	3220	404
MSTRG.9851	854	127	71	0	142	526	338	84	0	226	204	32	102	0	229
MSTRG.9852	2465	1801	37	865	79	2479	11645	422	471	734	1740	3591	8	813	40
MSTRG.9853	6266	3350	525	10	1608	3739	22513	384	463	2831	5962	6077	664	29	1044
MSTRG.9854	12	0	399	189	5839	1	0	448	1978	49450	6	0	226	142	7566
MSTRG.9855	378	15	9007	7031	133	374	159	2447	9033	152	251	98	7810	3290	70
MSTRG.9856	148	6441	0	462	4	238	5034	11	443	3	246	6937	0	464	2
MSTRG.9857	144	6021	33	128	133	149	2846	39	200	175	116	3196	68	126	344
MSTRG.9858	19	801	9303	89	4306	54	493	147	103	5852	90	428	1131	45	2739
MSTRG.9859	252	4680	1512	6	5523	24	1039	15616	50	6510	67	2252	1311	16	7254
MSTRG.986	1140	4566	2	1520	1769	835	803	1	1726	3127	295	2184	2	873	1170
MSTRG.9860	6137	3057	846	280	5476	3219	1042	2074	622	3059	1028	2847	965	290	5224
MSTRG.9861	12838	2808	9	23	258	12945	805	6	101	330	3461	3298	35	2	279
MSTRG.9862	1534	615	490	0	273	760	1109	1046	0	187	587	783	363	0	326
MSTRG.9863	254	367	443	0	111	98	127	949	0	189	166	289	861	0	192
MSTRG.9864	3090	47	50	101	23	2297	106	109	658	56	2843	107	88	289	81
MSTRG.9865	212	760	4424	0	841	158	1110	5314	0	761	104	637	5482	117	1125
MSTRG.9866	6302	1725	482	546	569	4735	2976	287	5354	636	1908	1837	105	360	433
MSTRG.9867	3065	173	8	5543	917	2290	94	52	4544	1003	2244	107	6	4683	985
MSTRG.9868	44	6565	1925	48	2891	28	4906	1220	185	3850	13	7276	499	74	2521
MSTRG.9869	934	1653	6754	140	0	690	1635	4258	125	0	715	3021	1361	102	0
MSTRG.987	448	1138	1306	1166	22	510	4009	1059	1496	0	95	1232	1618	673	3
MSTRG.9870	3392	3219	0	3982	4394	3321	2696	0	7186	5235	3001	3098	0	3194	3769
MSTRG.9871	3	434	1170	5015	1004	26	81	4339	3583	698	27	381	1713	1893	532
MSTRG.9872	6	3431	5299	571	1368	20	1325	5023	743	931	1	993	4119	901	1249
MSTRG.9873	0	4	3361	8419	0	0	6	1296	6372	0	0	2	3639	2382	0
MSTRG.9874	704	512	14137	635	118	585	496	10610	1661	163	533	498	5801	961	191
MSTRG.9875	11250	1046	2774	1511	1357	5423	2058	3373	1693	1506	7155	574	1525	954	911
MSTRG.9876	1644	134	148	1387	640	10097	177	373	895	394	1379	135	567	812	500
MSTRG.9877	848	354	1941	3192	13	854	176	1035	4876	0	1103	957	1889	4182	84
MSTRG.9878	2545	11	60	2167	3	3506	4	152	513	1	1373	80	20	368	1
MSTRG.9879	685	6	26	11	1396	1006	42	17	0	1815	316	0	59	160	2276
MSTRG.988	15	502	12	0	1563	435	1032	0	58	2856	204	629	4	4	1808
MSTRG.9880	5950	0	11096	1	1716	8687	26	10266	0	920	9131	6	9753	0	2333
MSTRG.9881	9608	2	221	2	3416	8779	33	199	10	4965	8048	14	282	53	3849
MSTRG.9882	1265	151	86	803	1778	2450	113	160	611	2101	352	291	158	692	3459
MSTRG.9883	8222	5967	45	4047	71	7995	4281	558	4657	202	6414	4987	95	3014	113
MSTRG.9884	627	777	47	2215	451	1363	798	118	9312	1054	636	885	8	1990	542
MSTRG.9885	590	79	65	0	722	644	21	41	0	500	820	99	125	3	576
MSTRG.9886	344	472	199	781	258	121	888	16	1208	193	240	543	122	516	235
MSTRG.9887	1480	8	838	6311	0	799	2	28	6690	0	1141	28	396	1890	0
MSTRG.9888	998	1283	484	2442	9	710	1475	453	7231	6	143	1818	503	1683	17
MSTRG.9889	2707	2874	59	1864	446	441	3103	150	2310	1131	1503	1763	234	1579	393
MSTRG.989	3279	75	0	5	126	3780	25	4156	5	144	282	96	0	29	138
MSTRG.9890	1987	1107	3160	64	882	1166	138	2294	23	945	1608	1528	2600	47	144
MSTRG.9891	77	417	1341	5302	220	138	293	7581	2999	307	45	615	2413	3122	429
MSTRG.9892	487	403	40	227	534	191	272	1058	220	656	386	336	108	452	373
MSTRG.9893	618	52	26	0	135	717	0	81	0	130	649	11	19	18	109
MSTRG.9894	0	316	540	16	78	0	299	253	17	76	0	236	900	21	45
MSTRG.9895	562	614	160	289	619	517	751	324	43	1350	484	486	99	417	822
MSTRG.9896	2650	1332	244	937	1240	1507	636	203	1142	1523	948	874	538	178	827
MSTRG.9897	923	0	2601	142	8269	359	0	1714	104	11502	1245	0	2370	58	7813
MSTRG.9898	10	197	80	573	4	9	608	121	264	4	0	87	94	633	8
MSTRG.9899	183	1817	7	3262	4358	43	2068	75	1804	3480	76	2795	0	1963	8104
