gene_id	B100	B105	B110	B135	B175	B200	B205	B210	B235	B275	B300	B305	B310	B335	B375
MSTRG.3599	8838	36	42	2009	21	5225	20	293	1770	239	3667	269	391	1087	26
MSTRG.36	3853	2383	200	107	0	4032	2117	378	113	0	897	2379	459	82	0
MSTRG.360	6316	0	74	135	20170	6104	18	283	0	25383	10208	24	6	81	12832
MSTRG.3600	5944	461	0	98	197	3953	320	143	19	126	2758	292	111	37	170
MSTRG.3601	341	315	6	97	1086	120	125	221	53	332	313	111	243	114	702
MSTRG.3602	65	2520	634	66	294	59	1879	954	250	129	127	2446	1086	214	29
MSTRG.3603	3271	715	15	3206	928	2378	725	293	2069	868	5441	297	289	1155	1359
MSTRG.3604	523	969	855	25	27	636	1231	772	68	43	389	465	1350	47	23
MSTRG.3605	0	884	1025	2828	212	0	1031	232	3531	251	0	1280	760	2393	440
MSTRG.3606	89	127	180	6317	436	22	12	150	8185	464	21	16	128	4860	430
MSTRG.3607	0	84	1453	2412	0	24	0	742	1472	0	1	67	735	1320	0
MSTRG.3608	35462	35	4075	119	9	141066	29	2881	29	20	17350	12	4931	3	6
MSTRG.3609	415	940	701	1127	69	587	450	1147	571	42	219	332	1454	833	201
MSTRG.361	0	9661	1221	878	1565	6	5873	274	1200	1477	35	4846	372	736	1158
MSTRG.3610	25	2187	3459	17008	2561	9	2988	421	14653	2103	98	5431	3683	12425	678
MSTRG.3611	674	4643	297	0	4711	432	3130	460	0	3290	227	4340	387	0	4557
MSTRG.3612	2247	4897	848	17	1578	1512	3277	136	38	936	1943	1420	1101	27	811
MSTRG.3613	179	5967	3578	12516	1880	212	1380	4104	14603	1885	236	3071	3307	8640	2306
MSTRG.3614	1126	412	2595	74	4440	656	7	3701	284	6109	261	87	2980	95	4308
MSTRG.3615	61	790	1034	368	0	144	628	1259	488	0	231	601	1135	283	0
MSTRG.3616	154	701	0	860	0	7	485	0	504	0	11	663	1	574	0
MSTRG.3617	121	1428	65420	2775	63	0	1902	16982	783	266	56	1680	39606	2560	42
MSTRG.3618	393	156	302	837	91	725	140	228	700	347	366	107	227	691	17
MSTRG.3619	2811	47251	2792	0	235	3584	18563	2950	0	78	1639	34097	3204	0	73
MSTRG.362	13751	1892	9	5694	595	7954	1435	12	11617	617	1304	1791	14	3127	696
MSTRG.3620	5077	7824	338	246	18	4402	6799	519	86	0	4178	6202	564	217	36
MSTRG.3621	11068	207	449	295	518	5973	1062	9	168	454	1743	837	152	207	521
MSTRG.3622	7248	1	6917	114	252	1600	1	2972	111	277	2034	1	8722	75	265
MSTRG.3623	203	47	315	25	1734	16	26	566	94	1919	80	0	317	85	1622
MSTRG.3624	873	95	479	15	124	750	48	680	214	155	619	89	0	13	130
MSTRG.3625	677	1	152	553	1670	619	2	18	3508	1406	673	5	218	851	2021
MSTRG.3626	1946	224	2991	40	5	2177	128	3110	11	25	1692	83	3437	7	14
MSTRG.3627	91	5	22	98	236	207	16	321	1980	103	137	13	2	98	527
MSTRG.3628	21736	274	41	369	1479	11704	15	9	190	1026	10761	47	13	525	2145
MSTRG.3629	11109	813	3081	154	39	14260	794	1440	123	42	4299	496	2634	186	19
MSTRG.363	2987	447	38	260	5586	1322	535	11	200	2532	1158	617	8	50	6299
MSTRG.3630	580	634	565	3	81	284	282	270	4	0	339	504	507	12	60
MSTRG.3631	3	0	6093	626	27	1	0	8438	273	34	2	0	4386	293	52
MSTRG.3632	71	199	815	296	60	286	143	313	225	193	27	59	2601	196	76
MSTRG.3633	27	576	29	5269	66	18	449	71	873	40	29	393	0	4489	39
MSTRG.3634	23	31	28	8966	399	0	287	8	3193	455	0	6	24	4202	521
MSTRG.3635	89	55	1095	1288	1943	145	2583	1035	1934	1109	64	8	1682	1110	2386
MSTRG.3636	2	2441	2938	1169	10976	1	2256	1223	366	18060	22	1678	1887	280	10535
MSTRG.3637	5	8037	7955	145	1724	9	3948	2653	57	2698	6	5464	8268	110	1931
MSTRG.3638	184	528	23	3926	588	16	351	93	3816	774	85	392	36	2639	406
MSTRG.3639	299	76	116	542	8346	221	63	305	724	12799	470	88	214	762	4939
MSTRG.364	900	6431	6	7041	418	728	1886	75	3786	592	694	8913	0	4455	616
MSTRG.3640	540	33	1718	7	1011	212	12	177	12	2992	247	6	1051	51	543
MSTRG.3641	0	1	363	40	32	0	1	345	50	18	0	6	37	12	86
MSTRG.3642	282	21	206	847	5	169	88	7	342	7	38	37	398	358	4
MSTRG.3643	50	725	68	2387	193	46	822	52	2131	170	8	1363	55	1390	145
MSTRG.3644	114	2690	985	9306	1824	2517	2162	742	4375	2827	4	3074	2182	5141	1778
MSTRG.3645	2332	205	494	52	630	2042	66	299	224	1011	1672	62	820	32	518
MSTRG.3646	8132	788	336	842	2021	5614	1744	386	7695	1338	4072	675	361	515	834
MSTRG.3647	570	7	250	3706	24	371	1116	100	2329	59	347	646	245	2639	0
MSTRG.3648	42	177	0	6846	25	31	119	0	6275	1	63	244	0	7392	0
MSTRG.3649	3	27	18	33578	4256	2	127	4	12131	3145	1	236	15	34786	3482
MSTRG.365	8483	251	4	448	50	2438	402	152	780	30	7685	1310	33	130	21
MSTRG.3650	29	2517	222	3827	130	57	1624	596	5466	21	37	1521	96	2835	56
MSTRG.3651	954	579	2690	337	649	909	465	724	333	255	1433	416	2090	366	296
MSTRG.3652	58	8	4398	3139	11099	21	256	3154	2602	6348	26	79	6006	3696	5813
MSTRG.3653	3532	5089	46	102	527	2690	3191	0	286	917	2530	6202	2	101	519
MSTRG.3654	169	7049	2333	1893	87	86	5879	347	2301	120	111	5685	690	1213	191
MSTRG.3655	2379	5731	2127	8461	5	1671	10512	1492	1766	362	506	4959	2676	3012	57
MSTRG.3656	0	124	0	904	889	1060	4	1	484	446	458	114	1	927	4074
MSTRG.3657	68	3162	5060	1281	56	87	1640	6926	1383	82	100	1611	6337	3428	48
MSTRG.3658	15	774	0	260	751	78	1071	0	287	1266	130	523	0	220	522
MSTRG.3659	2488	0	0	886	535	1566	1	0	403	856	2072	0	98	1347	532
MSTRG.366	1	979	5017	1629	17	151	3045	4523	4018	10	34	1068	10140	2023	5
MSTRG.3660	829	179	20	878	279	473	149	258	995	396	344	105	5	864	184
MSTRG.3661	10	389	147	253	244	15	138	1159	180	179	0	562	8	454	398
MSTRG.3662	7	5908	93	1543	2	255	10071	152	1822	66	97	5325	205	1277	132
MSTRG.3663	2385	0	34	783	4	1801	16	4	1186	0	2014	101	123	596	6
MSTRG.3664	9573	12170	329	12894	249	5046	4543	568	6655	300	5869	7153	259	4038	342
MSTRG.3665	6572	640	230	169	6475	8066	1158	412	178	10946	3500	874	132	228	9004
MSTRG.3666	139	45	567	373	10936	8	266	208	228	19033	56	252	233	231	6698
MSTRG.3667	2951	654	2043	1423	208	1311	1109	1118	2933	68	1341	1060	1699	1469	415
MSTRG.3668	1058	1006	2681	1027	17	1473	303	1618	745	33	376	875	3208	423	44
MSTRG.3669	8123	0	61	1269	11	7955	0	29	2633	21	3815	6	149	1793	54
MSTRG.367	38	973	22122	203	942	54	1309	6717	131	1328	20	286	17923	265	206
MSTRG.3670	223	219	1787	43	290	154	184	1467	2	105	129	94	3463	1	559
MSTRG.3671	0	1169	24	672	310	29	704	55	229	15	143	736	15	256	430
MSTRG.3672	16059	4192	24	2357	41	3620	3296	0	4896	46	7234	4428	24	2821	65
MSTRG.3673	709	608	25	1810	1	804	1149	60	2101	1	660	1117	45	1401	1
MSTRG.3674	66	2730	102	8	8	392	2177	272	28	73	1079	2199	229	48	21
MSTRG.3675	981	56	447	12799	646	854	280	548	10092	1336	910	77	562	9599	738
MSTRG.3676	1142	953	2369	191	79	395	269	948	149	22	1005	113	2824	159	173
MSTRG.3677	179	3431	16687	903	69	125	4201	21536	378	0	65	3568	13931	719	336
MSTRG.3678	1323	2594	813	928	11	734	4127	1650	415	18	683	2480	1114	1033	208
MSTRG.3679	5515	852	603	94	21793	3733	600	842	113	6909	3632	265	418	54	5122
MSTRG.368	32	251	1851	249	2021	9	650	1731	1843	4044	8	13	1320	421	1538
MSTRG.3680	1042	151	12529	1667	23968	1395	144	12784	1026	11827	1313	185	12438	686	17595
MSTRG.3681	2572	362	2149	14691	357	1064	372	1282	2708	451	1822	543	1336	9417	496
MSTRG.3682	271	47830	477	678	4	236	37951	519	1237	2	68	15213	599	767	5
MSTRG.3683	129	0	21	2799	445	414	0	43	2503	100	261	0	43	2433	279
MSTRG.3684	564	57	245	974	1481	221	182	170	1627	3052	52	101	184	912	2788
MSTRG.3685	3876	1301	1966	282	527	3871	2864	2600	329	358	1402	2522	2382	307	331
MSTRG.3686	4002	991	700	2791	1425	4703	580	657	4821	1533	2266	378	413	1809	830
MSTRG.3687	837	396	2107	737	1223	736	333	1045	3492	2139	603	802	1093	294	786
MSTRG.3688	855	846	4	1539	3673	490	22	6	1260	6337	673	279	23	1940	4073
MSTRG.3689	55155	8198	55	1716	2356	47049	3338	158	212	1619	7346	7466	0	386	1487
MSTRG.369	109	1545	759	408	23	97	3786	674	604	31	210	1445	839	514	65
MSTRG.3690	234	40	59	14131	9	301	103	9	9784	108	135	44	2	10886	31
MSTRG.3691	73	263	5092	2219	261	108	601	1947	2445	298	62	353	4486	1900	181
MSTRG.3692	2818	632	160	2282	971	2956	1067	37	2118	1254	2425	36	104	471	1264
MSTRG.3693	655	624	760	1173	150	366	290	238	695	198	1441	683	508	360	227
MSTRG.3694	380	1531	11094	11395	101	27	4689	1121	3698	150	207	1972	6156	2485	97
MSTRG.3695	2272	40	1007	7416	0	1500	272	1128	4030	0	2001	6	1081	3244	0
MSTRG.3696	6250	79	10	2616	49	2420	43	16	1863	77	3424	44	71	1575	146
MSTRG.3697	834	0	68	5	46	630	30	64	13	79	266	23	126	3	132
MSTRG.3698	638	2647	5	2424	215	592	1958	639	3186	124	7	2621	79	2735	103
MSTRG.3699	1339	482	1181	501	3342	3202	290	1442	660	5920	558	486	4788	201	2539
MSTRG.37	14966	378	433	2068	1369	13977	453	246	2544	969	3854	421	69	2427	10873
MSTRG.370	1312	68	6224	1853	0	926	162	1991	1052	68	192	97	8585	1277	16
MSTRG.3700	31	9743	63	1111	661	99	7020	223	38	846	2	4162	11	117	667
MSTRG.3701	87	730	947	6896	79	54	771	1701	12681	263	17	2146	1007	4779	186
MSTRG.3702	222	13	667	6432	117	7	73	1088	8306	303	60	0	575	4183	328
MSTRG.3703	2905	14	174	2616	62	2222	4	225	2618	21	2406	16	178	2372	22
MSTRG.3704	8325	1140	371	0	1674	6627	1271	162	69	1402	8818	1436	486	0	1062
MSTRG.3705	22531	2263	94	15	53	29041	1531	23	56	14	13706	1721	19	17	75
MSTRG.3706	3493	6359	297	41	1	2576	4189	336	116	1	1141	4228	347	90	14
MSTRG.3707	426	23	16	109	75	65	112	31	76	88	155	53	89	488	96
MSTRG.3708	5	170	54597	6867	2805	1	287	19776	10529	3078	0	221	55794	4111	1826
MSTRG.3709	697	1509	7028	3	1791	370	614	7875	187	3366	474	1136	7686	0	1728
MSTRG.371	2362	3	15	302	1080	2948	107	26	236	2350	1198	12	33	166	1300
MSTRG.3710	39	253	5	333	3362	1	400	2	724	7306	0	37	1	559	2826
MSTRG.3711	38	2142	296	35	3885	124	1031	1062	208	2469	16	3137	690	445	1524
MSTRG.3712	2	30	2	2705	9	0	30	2	5937	17	17	30	2	3105	1
MSTRG.3713	782	448	1	3522	174	1340	582	1	2920	119	1044	1001	1	4042	66
MSTRG.3714	3204	517	41	2470	9038	1346	456	17	2352	14055	1409	526	0	1458	5253
MSTRG.3715	7907	352	61	383	56	5104	101	97	762	143	6007	223	70	726	67
MSTRG.3716	33	0	8	341	400	78	0	52	894	418	8	0	0	380	228
MSTRG.3717	230	44	68	31	764	235	27	21	104	462	117	8	54	21	863
MSTRG.3718	2449	3313	11	166	2301	485	1848	19	308	985	1086	1546	315	140	2919
MSTRG.3719	381	5486	1880	305	11	285	4012	3699	222	6	19	4930	3678	468	1
MSTRG.372	107	1195	7	17	0	116	633	43	88	0	36	1539	22	5	0
MSTRG.3720	871	2571	583	8810	793	306	1335	479	5269	501	517	1229	295	4919	943
MSTRG.3721	38	2354	1712	294	414	18	1725	1936	474	426	30	2730	1167	347	319
MSTRG.3722	862	3420	1373	8545	40	617	6532	1402	12756	68	1078	4535	886	3522	25
MSTRG.3723	455	3033	3172	3693	13	392	792	1291	1903	120	627	3195	1957	6062	11
MSTRG.3724	909	0	2064	4	4	648	0	1278	1	73	810	0	2227	11	3
MSTRG.3725	0	0	22	150	531	0	2	237	168	1847	0	38	34	65	748
MSTRG.3726	21	47	457	2116	32	11	700	735	2127	4	5	31	184	1323	5
MSTRG.3727	471	446	796	858	159	636	1532	35	340	1011	100	401	1104	444	39
MSTRG.3728	2251	189	38	160	291	984	38	15	59	202	758	179	6	68	501
MSTRG.3729	7979	250	109	147	327	3507	112	142	144	674	4675	205	212	51	410
MSTRG.373	6	2422	414	774	4824	114	1381	396	1169	7886	13	1662	556	1105	3805
MSTRG.3730	3392	451	85	5760	16	1040	621	134	4674	6	1956	500	157	2659	5
MSTRG.3731	2932	160	39	1048	23	1801	274	61	771	66	2683	325	10	1209	4
MSTRG.3732	1	1541	0	3009	504	0	1793	0	1808	297	1	1552	0	1573	251
MSTRG.3733	5003	2241	67	0	49	5881	1731	2	0	54	3676	2931	738	0	173
MSTRG.3734	0	257	82	5769	5184	0	354	146	6368	913	0	646	143	4316	5661
MSTRG.3735	1	1223	365	170	6703	1	1609	206	187	1767	39	2688	143	127	4562
MSTRG.3736	131	59	4059	65	1009	731	0	8544	1	1534	26	83	3812	139	1048
MSTRG.3737	110	21	458	11571	16	1622	0	652	11829	0	63	19	1002	4224	0
MSTRG.3738	35	24	137	925	951	2	55	977	688	330	0	35	95	754	205
MSTRG.3739	140	135	111	2021	112	129	181	827	4936	37	76	231	313	1332	168
MSTRG.374	1545	0	0	923	870	1283	0	65	1016	1547	1333	0	0	926	1149
MSTRG.3740	67	472	2322	0	2763	11	552	1515	0	3302	25	415	1454	0	2146
MSTRG.3741	219	2762	22	34	620	121	1531	53	0	554	125	2484	10	22	724
MSTRG.3742	470	14	140	80	941	287	59	101	49	488	86	33	137	115	847
MSTRG.3743	388	10012	2969	637	1522	75	21254	2516	1019	1819	114	9725	2129	579	1216
MSTRG.3744	156	1997	2393	58	7870	145	4514	3089	14	4101	73	2014	2023	152	6074
MSTRG.3745	1591	467	7709	685	31	1271	974	15299	974	123	680	430	13704	647	47
MSTRG.3746	478	13848	3753	524	787	166	12156	2930	585	4875	221	10529	1757	436	604
MSTRG.3747	2870	3189	124	566	3273	1644	1447	38	687	2903	3134	887	30	763	3031
MSTRG.3748	48	2	23	557	4656	2	2	24	811	5531	780	2	5	561	5214
MSTRG.3749	48	592	1910	19	19417	28	665	1404	91	19208	15	673	2211	22	28705
MSTRG.375	67	4030	1468	2445	318	44	3887	2409	3621	1084	65	3731	1425	2935	573
MSTRG.3750	31	92	7766	100	3316	0	113	5798	108	4424	16	126	7449	137	3038
MSTRG.3751	15	341	0	1227	295	0	178	0	1254	166	1	201	0	250	330
MSTRG.3752	292	564	490	10303	456	130	534	528	5837	1007	105	572	996	3965	570
MSTRG.3753	466	1953	4665	3112	658	552	2498	4488	3575	907	493	1890	3674	2428	431
MSTRG.3754	1129	1512	6627	1760	1235	0	1671	6560	2165	1251	11	840	8852	1222	1802
MSTRG.3755	3019	35	64	0	1790	1231	84	303	0	1692	2304	0	94	0	1608
MSTRG.3756	16014	70	510	103	6326	21748	5	581	0	1760	7528	0	295	0	3145
MSTRG.3757	3639	4778	998	100	871	5927	3262	792	378	277	1767	4510	839	8	1033
MSTRG.3758	645	125	2787	2524	946	1121	15	1229	1500	1004	322	104	3137	1816	2602
MSTRG.3759	11439	797	132	56	214	9730	255	60	0	323	5360	473	132	0	206
MSTRG.376	1033	877	1663	126	0	546	965	1263	255	0	1012	1043	214	184	0
MSTRG.3760	1992	6497	875	438	640	945	2808	692	129	388	2827	3262	834	209	1015
MSTRG.3761	10	744	766	0	784	73	1273	291	821	803	0	776	614	0	1010
MSTRG.3762	38	10	80	1191	177	5	518	123	2446	205	17	63	81	1894	468
MSTRG.3763	61	1437	25	1091	160	0	723	242	1592	60	6	4847	31	1450	176
MSTRG.3764	13929	107	13	7198	1370	13460	240	239	10165	1310	7900	140	0	18267	1500
MSTRG.3765	2156	729	778	14144	304	784	1431	4143	18098	529	746	604	864	11591	561
MSTRG.3766	521	818	22	340	13984	494	1033	2	67	7602	625	647	5	627	5652
MSTRG.3767	12	247	164	9	238	5	219	1630	13	255	9	84	59	119	421
MSTRG.3768	48	45	500	7	1171	117	29	324	12	2779	207	25	652	18	1186
MSTRG.3769	494	332	463	277	988	233	386	448	91	633	236	454	712	558	473
MSTRG.377	137	472	389	425	142	956	722	570	652	6	0	523	13	217	90
MSTRG.3770	2648	11	151	305	679	3681	147	129	6	2980	2093	16	177	86	1018
MSTRG.3771	623	5	3	176	498	803	0	1	10	259	428	13	8	356	266
MSTRG.3772	1999	258	6294	35	1057	1131	418	447	49	591	652	457	5685	57	982
MSTRG.3773	34	31	6478	2	4799	70	64	1792	2	5970	0	24	6974	17	3906
MSTRG.3774	63	11120	226	876	0	8	15321	74	1099	0	0	10452	37	924	0
MSTRG.3775	6086	13054	1431	147	218	3014	11413	1584	16	253	3761	12032	1670	73	444
MSTRG.3776	147	510	1064	57	2316	15	223	557	19	4157	38	996	513	19	1616
MSTRG.3777	1211	53	165	47	1494	267	71	27	0	1761	540	109	160	195	753
MSTRG.3778	6149	22	13	27	56	3562	18	6	45	38	1277	40	26	47	16
MSTRG.3779	769	299	4091	2320	8727	1245	290	3034	4564	10540	595	644	3232	2006	6744
MSTRG.378	96	0	2655	6	681	2	0	3417	0	867	10	0	1537	4	907
MSTRG.3780	120	423	783	2423	663	107	24	686	1433	363	174	60	710	1859	174
MSTRG.3781	10	556	65	367	1096	469	17	20	467	642	66	799	68	271	1062
MSTRG.3782	1412	0	867	1325	61	702	1	179	1085	139	4345	0	943	1258	68
MSTRG.3783	176	31	1801	1246	18	2	91	1528	1288	55	3	44	1648	1321	38
MSTRG.3784	78	58	9088	1117	1414	151	64	2283	1110	746	85	80	7657	282	1180
MSTRG.3785	969	5	71	40	15314	1306	39	85	135	4842	467	1	61	11	14185
MSTRG.3786	703	1748	671	1691	694	905	796	2860	1416	922	475	1315	728	1065	585
MSTRG.3787	627	83	3604	0	2339	383	18	3146	0	1842	442	128	3586	0	2544
MSTRG.3788	311	201	5435	697	746	265	6	6251	259	1226	220	126	5780	305	708
MSTRG.3789	78	80	21621	206	522	49	0	18937	469	690	91	363	36231	579	712
MSTRG.379	5198	1	33	3040	5805	4649	60	148	782	9079	2359	0	53	3624	3790
MSTRG.3790	10081	23	3645	12	2206	21450	89	3469	19	3684	9420	83	3369	52	2206
MSTRG.3791	13070	33	456	2808	697	16636	15	295	2867	2305	8774	5	464	2651	585
MSTRG.3792	956	155	0	5112	1073	220	114	68	3577	862	910	9	25	762	1356
MSTRG.3793	47	11	565	2739	1003	62	73	772	1259	359	85	281	224	2735	385
MSTRG.3794	0	1284	2503	100	10721	31	1446	2848	21	9574	38	1077	3600	94	10713
MSTRG.3795	12	20	2551	0	1593	50	8	1468	0	2374	17	8	1526	0	1806
MSTRG.3796	405	510	7300	0	1651	224	551	755	0	1879	590	310	5363	0	385
MSTRG.3797	392	1510	1083	78	984	28	2082	144	213	595	795	1043	979	127	586
MSTRG.3798	1	1265	1557	14	6568	3	1624	786	349	3954	2	1006	3483	346	2288
MSTRG.3799	88	5834	215	5152	12140	83	3526	386	7455	8639	92	3847	326	6285	6932
MSTRG.38	191	0	9184	523	0	175	0	5673	2128	0	47	0	1908	1786	0
MSTRG.380	1065	0	2	66	6040	1433	0	97	94	4109	420	0	11	41	3073
MSTRG.3800	1186	100	1036	360	2276	724	289	407	465	1966	714	111	1204	432	1774
MSTRG.3801	32	738	771	7247	2452	3	705	772	8995	3614	54	483	892	6728	3557
MSTRG.3802	84	168	324	384	506	0	280	293	638	478	389	223	515	500	224
MSTRG.3803	49	113	143	282	1170	39	151	12	402	90	59	158	274	485	216
MSTRG.3804	16	134	1276	6216	6595	27	144	896	6146	9517	164	171	1014	2399	4213
MSTRG.3805	3419	88	747	128	1469	2879	108	1976	390	1492	2324	2	1230	203	1675
MSTRG.3806	2450	0	10233	13	43	3687	0	3061	15	278	2492	0	8512	161	101
MSTRG.3807	682	4	506	638	16	401	0	355	436	10	266	36	595	319	74
MSTRG.3808	2090	87	1132	3636	5282	1808	183	1980	6071	7408	816	169	1684	3638	2885
MSTRG.3809	1434	63	1088	499	1	1491	136	796	358	158	848	133	429	718	5
MSTRG.381	527	701	1051	5403	436	739	2049	1460	9351	418	393	1045	1574	2704	93
MSTRG.3810	7099	431	1150	24	285	4440	207	3802	37	653	3442	167	2029	131	321
MSTRG.3811	59	2943	608	2775	17	360	8783	276	4125	211	34	3420	725	3810	386
MSTRG.3812	891	515	2513	599	2707	886	659	7608	2113	4096	410	624	1942	2925	2782
MSTRG.3813	138	466	2363	216	3153	89	2745	1671	79	4786	1	1841	1736	2	2277
MSTRG.3814	118	205	11608	3022	2198	142	340	17229	1525	2395	141	168	10537	976	979
MSTRG.3815	68	307	13	0	122	31	755	13	0	127	3	539	9	0	90
MSTRG.3816	0	1521	1612	5	498	0	1645	421	42	515	0	1259	1086	21	643
MSTRG.3817	1	102	100	2721	461	106	63	252	4695	347	27	101	88	3319	457
MSTRG.3818	48	2	63	10020	9413	91	0	18	2986	6763	82	0	62	1514	5685
MSTRG.3819	570	3030	19	1896	352	228	3510	12	1784	246	232	1818	14	2607	249
MSTRG.382	0	10714	993	0	1339	0	11959	44	0	5349	0	4384	141	0	1675
MSTRG.3820	3816	2763	1660	0	6898	6836	2286	395	0	11788	2349	2633	1479	18	2982
MSTRG.3821	418	5688	14594	224	2660	655	5103	1423	148	2241	410	4983	14671	126	4955
MSTRG.3822	155	10646	848	1741	344	414	4338	1206	747	236	83	3362	849	839	230
MSTRG.3823	165	19	3021	1	178	1065	44	1360	0	206	87	0	2837	0	104
MSTRG.3824	101	2	969	244	1332	60	9	1123	115	1264	55	1	959	116	1018
MSTRG.3825	2493	1456	400	3159	398	1561	880	238	2464	649	1285	1208	372	2309	318
MSTRG.3826	90	20104	3520	5833	813	60	15422	4722	7245	362	62	15401	3473	5900	405
MSTRG.3827	203	0	103	0	122	48	0	509	0	111	52	0	10	25	45
MSTRG.3828	219	570	1775	535	91	106	417	1020	631	138	154	767	2014	424	76
MSTRG.3829	3903	3711	1140	5855	3825	3235	3927	99	3091	5285	1336	3359	495	24114	3213
MSTRG.383	0	719	222	387	90	0	324	1352	119	144	0	789	790	400	213
MSTRG.3830	16	7711	20497	4830	938	48	6125	8267	3986	1176	26	6200	15981	4203	1330
MSTRG.3831	8	423	18970	6786	48	53	808	4801	10353	0	19	366	11288	3623	45
MSTRG.3832	4407	621	54	1165	102	2960	905	28	543	14	3905	720	36	550	57
MSTRG.3833	7372	2531	430	75	72	3452	1244	1016	34	17	5534	3226	528	102	57
MSTRG.3834	65	2	1	157	0	24	10	0	105	0	10	2	1	210	0
MSTRG.3835	31	848	570	0	7620	21	770	134	0	7665	8	1010	354	0	5845
MSTRG.3836	5056	934	11528	43	97	4150	688	9062	332	93	2794	780	14259	364	162
MSTRG.3837	9122	10	1587	474	73	8594	9	1476	89	1	4746	42	1934	180	202
MSTRG.3838	115	23	1186	1582	9231	165	35	1465	1542	12274	94	81	832	1532	5164
MSTRG.3839	431	8	1177	2890	645	374	73	260	4113	722	202	7	741	2033	980
MSTRG.384	412	5108	30	1465	164	491	1885	26	2209	547	545	3898	0	1044	201
MSTRG.3840	1208	87	5490	474	1461	663	0	1766	413	4511	668	81	4555	272	1677
MSTRG.3841	3343	638	7223	5229	0	1194	2598	2038	5365	0	3302	1014	8688	1426	0
MSTRG.3842	45	15	2018	449	134	49	0	1020	357	50	30	9	2808	412	146
MSTRG.3843	1108	73	2	87	573	709	5	3	53	840	1161	27	1	63	610
MSTRG.3844	901	79	2096	0	38	568	53	3154	0	41	580	41	3264	64	194
MSTRG.3845	165	136	608	2	644	103	712	409	0	1008	62	73	248	1885	713
MSTRG.3846	209	480	19	1792	635	239	346	3	305	536	64	624	39	3488	512
MSTRG.3847	1428	1655	1119	332	582	2577	723	66	4	619	849	662	308	0	803
MSTRG.3848	37	515	7143	1303	615	1	248	12291	2508	742	17	338	6709	1305	601
MSTRG.3849	141	311	5409	786	152	8	303	4399	842	122	21	231	4454	488	117
MSTRG.385	405	271	5866	56	395	767	437	3746	55	562	119	96	5644	182	575
MSTRG.3850	297	5847	1860	312	500	954	1876	1751	530	657	15	5805	2318	671	267
MSTRG.3851	530	6891	43	618	6453	205	2330	48	810	7690	450	4928	25	347	3740
MSTRG.3852	181	298	3	116	2554	369	86	475	50	3601	200	61	182	96	2695
MSTRG.3853	55	1859	9	766	1197	56	1728	48	386	2194	26	1382	6	200	1125
MSTRG.3854	440	1607	55	6	0	151	478	59	371	0	241	358	150	27	0
MSTRG.3855	31	307	14	19	121	31	286	15	207	0	2	317	88	83	0
MSTRG.3856	359	3659	6038	411	101	271	3145	4646	0	216	293	3509	4482	2	4
MSTRG.3857	5576	709	0	1169	3251	1250	661	78	585	2908	4413	714	12	283	2085
MSTRG.3858	7888	75	304	560	460	2386	49	661	296	165	4074	71	445	0	830
MSTRG.3859	1521	1351	25	28	0	1735	1263	178	25	486	1066	1365	592	0	0
MSTRG.386	1118	2823	1067	2196	1216	773	4414	991	1290	1097	588	2568	1084	1890	1666
MSTRG.3860	28	779	2806	186	1463	36	960	3079	1238	1609	0	699	3648	115	14112
MSTRG.3861	2090	5699	3999	69	1477	480	3070	4696	27	1063	313	5683	3634	8	11800
MSTRG.3862	257	119	2717	9623	2759	97	136	2196	1448	3772	243	78	1197	4543	3001
MSTRG.3863	4391	490	562	1	1656	3395	3258	1275	1	1541	3411	570	583	1	1753
MSTRG.3864	911	4026	1064	2778	262	697	3408	1440	3911	361	452	3289	1019	1928	279
MSTRG.3865	135	7400	29	197	147	32	9181	43	209	108	44	9545	61	403	94
MSTRG.3866	125	20689	136	222	1120	47	16808	127	224	1336	58	39080	170	944	1075
MSTRG.3867	577	3046	376	1831	1133	364	3895	168	15	1238	367	3092	621	18	1494
MSTRG.3868	2109	426	16042	805	1627	1602	398	4274	1170	1292	1130	651	10681	695	648
MSTRG.3869	8033	383	0	3040	63	3690	1286	0	4328	127	7060	448	0	4149	39
MSTRG.387	4054	898	277	345	262	8167	902	779	36	240	1100	1052	505	182	290
MSTRG.3870	117	893	437	0	1571	131	1320	396	0	1314	32	638	288	0	1134
MSTRG.3871	801	1794	6449	33	0	3123	1161	7220	19	0	151	3313	5061	15	0
MSTRG.3872	2971	2431	2952	1762	543	3144	2216	2386	2564	300	1662	1461	4466	601	438
MSTRG.3873	8233	5651	174	92	48	6917	1623	249	16	302	6008	3954	59	10	300
MSTRG.3874	34950	626	1735	7627	3031	17642	272	1573	6034	3006	42865	907	1264	2849	1841
MSTRG.3875	24	1155	939	6267	3026	7	1138	590	16275	4323	3	2505	483	3707	2536
MSTRG.3876	3904	241	221	11491	1493	3922	319	106	3936	1863	2459	373	113	8714	1493
MSTRG.3877	729	901	112	6749	39	323	623	577	3346	62	662	1313	83	5770	119
MSTRG.3878	3	497	4889	3039	0	18	902	4745	5459	0	62	940	5414	1892	0
MSTRG.3879	578	359	1177	1661	0	962	252	1368	5194	0	331	609	1764	1966	0
MSTRG.388	23	381	0	0	1117	28	601	0	144	753	55	641	0	141	8871
MSTRG.3880	1074	139	3300	45	71	1062	68	1835	9	171	593	189	1756	39	89
MSTRG.3881	2715	1065	122	284	27	1511	1218	25	674	300	3713	780	17	135	195
MSTRG.3882	1063	2410	0	1793	4385	795	1889	0	1511	10794	586	1539	0	1386	6605
MSTRG.3883	5754	4236	8976	20	432	1507	5070	6665	20	272	2948	3806	8339	36	409
MSTRG.3884	952	154	264	23	4072	234	320	123	350	5926	1024	349	184	21	4278
MSTRG.3885	1279	1267	50	1441	194	920	2154	149	2413	766	2001	1612	350	1415	379
MSTRG.3886	358	758	69	28	214	246	880	687	19	435	277	377	213	36	364
MSTRG.3887	1030	1804	726	250	5238	685	2885	1003	202	4410	1359	2597	909	1496	3760
MSTRG.3888	694	1326	7930	17635	112	775	4292	6230	18458	335	555	1569	4449	5089	163
MSTRG.3889	465	1950	1715	3294	14	287	2013	5139	4609	4	567	1600	2215	1274	121
MSTRG.389	713	2121	0	3951	1089	531	1187	14	2542	682	517	1816	7	2780	7150
MSTRG.3890	1367	6480	0	3277	584	1007	4231	0	2044	395	927	7194	0	2176	367
MSTRG.3891	2179	5609	111	4540	3482	1913	4174	27	1479	6369	1696	5958	184	5400	3391
MSTRG.3892	5651	15	993	0	342	4339	17	1013	0	325	2461	0	507	0	721
MSTRG.3893	240	656	48	0	21	318	106	46	0	34	300	359	222	0	67
MSTRG.3894	1300	14	740	89	2266	2150	1	1193	12	4237	1039	91	752	101	3133
MSTRG.3895	897	1926	767	316	371	679	1026	557	1405	749	253	1336	576	399	935
MSTRG.3896	2666	95	705	9	1787	3191	251	876	263	1798	2968	73	936	37	1002
MSTRG.3897	823	1593	550	0	0	286	843	822	0	0	412	1087	521	0	0
MSTRG.3898	2045	13330	27	19	11	1397	5109	102	4	103	2366	14587	61	64	34
MSTRG.3899	23415	707	260	18	286	14659	1234	134	4	300	20561	768	222	125	297
MSTRG.39	158	221	204	163	114	169	122	174	123	97	135	166	116	23	635
MSTRG.390	5440	252	816	7979	141	2313	363	654	5066	3	4038	208	976	8734	26
MSTRG.3900	207	2377	783	2377	46	4	1916	15	3424	88	71	2879	207	1137	4
MSTRG.3901	956	1411	5919	4253	2015	541	1128	2842	2828	3384	1704	1118	4567	4103	3322
MSTRG.3902	980	2313	3047	1124	8521	270	2435	3382	427	2824	479	2016	3373	647	3213
MSTRG.3903	2467	286	1333	11305	1211	3560	3288	1219	18487	1993	928	273	1365	8161	1591
MSTRG.3904	2083	230	0	245	145	1848	267	0	85	129	1076	491	0	398	145
MSTRG.3905	9239	2299	143	110	1298	4728	1508	0	349	1045	6724	1863	0	791	863
MSTRG.3906	22	1399	122	89	236	7	260	597	40	138	9	419	5	37	138
MSTRG.3907	9180	10649	2294	21	1531	4083	10742	1394	19	1843	4436	13015	1965	162	3262
MSTRG.3908	755	136	47	3	3742	183	76	2	0	5844	432	146	0	0	3746
MSTRG.3909	1415	1662	902	25	362	741	1681	274	19	513	833	1777	134	86	251
MSTRG.391	397	74	70	16757	3081	294	18	757	10094	2437	60	9	209	8201	23191
MSTRG.3910	179	2203	0	334	268	149	1244	774	221	514	41	830	0	123	298
MSTRG.3911	58	600	4928	3336	3102	192	443	4839	2023	3049	38	275	1645	4768	3958
MSTRG.3912	1378	4193	5433	1349	6644	629	2770	3592	1293	8179	635	2120	1105	1417	5179
MSTRG.3913	16121	630	2843	36	940	3474	556	3041	182	669	11751	1190	2600	91	553
MSTRG.3914	916	3713	2151	200	67	1001	4263	1634	487	61	771	5115	1917	347	110
MSTRG.3915	3673	547	317	103	3357	1758	577	454	127	2549	2736	208	328	201	4119
MSTRG.3916	1659	933	29	217	72	1189	95	48	271	332	1159	237	14	657	127
MSTRG.3917	945	5199	1488	649	0	569	9587	1767	938	0	759	4164	1487	341	0
MSTRG.3918	2934	4849	1366	1469	46	6556	2202	1397	2576	131	2327	4341	1891	1050	115
MSTRG.3919	74	4804	1483	0	26	1478	5398	702	1	354	50	3662	794	1	296
MSTRG.392	2232	2557	9546	38	161	4319	16935	5341	269	184	1314	4633	6304	26	998
MSTRG.3920	2360	6346	74	1107	57	1483	6095	45	11122	130	2169	5843	26	441	43
MSTRG.3921	18020	844	11	21	923	11438	925	38	4	36	14729	1297	0	87	179
MSTRG.3922	2176	68	1656	510	3	1732	47	1159	1131	14	1835	126	2024	1091	28
MSTRG.3923	2661	0	0	939	1471	1463	234	0	4039	1146	1171	1	0	1566	1381
MSTRG.3924	629	340	705	1661	2888	403	716	201	1477	3325	172	410	517	1873	2630
MSTRG.3925	3451	57	168	2182	325	3284	293	451	1417	206	1024	500	398	1649	241
MSTRG.3926	497	16	3	59	4245	330	6	44	79	2750	469	47	195	79	1922
MSTRG.3927	2581	2697	6	5130	555	1469	3095	40	6620	367	2196	3309	67	6957	599
MSTRG.3928	21	4137	4316	1044	111	67	4646	4963	625	13	8	4061	2811	842	38
MSTRG.3929	2098	2918	69	1079	746	2278	2037	38	396	750	1817	1400	82	983	2178
MSTRG.393	840	736	6088	625	363	1538	4439	1991	585	666	772	1271	5483	603	282
MSTRG.3930	759	488	4386	7246	2	524	1417	760	6527	0	126	773	1672	4149	83
MSTRG.3931	82	1209	2284	250	1482	145	1428	692	113	497	218	1426	2004	47	1780
MSTRG.3932	1401	21	0	349	603	161	63	0	1784	126	182	29	0	444	0
MSTRG.3933	6370	85	0	6	920	9012	202	0	13	2011	2530	140	0	31	1525
MSTRG.3934	8196	386	144	3136	719	2593	335	334	7386	894	5933	638	80	2442	543
MSTRG.3935	5864	14777	24	12757	124	4757	10650	735	12950	177	2355	14962	282	12332	79
MSTRG.3936	1331	218	7494	16	638	463	445	8535	53	625	900	345	8746	7	251
MSTRG.3937	841	6811	801	340	48	953	7037	706	10467	17	1009	4026	795	1319	29
MSTRG.3938	18	2851	4440	0	149	103	1930	4386	0	28	37	5437	5936	0	14
MSTRG.3939	13	1	8	4063	303	682	0	7	6155	71	111	25	16	2680	0
MSTRG.394	463	1442	229	619	2586	625	8434	302	627	1252	433	2526	34	628	4638
MSTRG.3940	21	440	300	901	81	34	213	972	1043	135	2	270	620	780	25
MSTRG.3941	38	189	222	11541	90	47	340	732	14387	158	42	68	689	7759	105
MSTRG.3942	77	1534	4932	23093	301	72	1927	2987	25235	0	90	1470	3863	16296	0
MSTRG.3943	194	620	96	1977	915	51	553	298	2290	341	271	326	176	1643	156
MSTRG.3944	7249	340	18	2	359	6656	154	40	1	199	4808	111	352	16	0
MSTRG.3945	6	125	654	504	73	122	219	502	558	48	1	55	593	610	0
MSTRG.3946	520	48	3702	10	141	735	81	4676	0	1284	275	103	4943	0	81
MSTRG.3947	3822	6307	526	111	101	3244	4682	424	34	7	2486	4339	949	66	30
MSTRG.3948	3715	1289	29	5	5583	5031	1439	53	0	2670	3121	1966	79	22	7257
MSTRG.3949	3227	3127	2419	0	313	2260	1632	2946	0	446	918	1682	4240	0	56
MSTRG.395	974	5492	18	375	48	1241	35773	10	1519	1	831	9697	56	486	15
MSTRG.3950	494	45	551	1351	3914	927	2	848	572	5804	401	19	533	367	3085
MSTRG.3951	277	67	46	0	1142	444	18	22	0	1158	257	63	28	0	1229
MSTRG.3952	218	111	1881	372	372	328	16	830	327	491	179	139	1268	430	128
MSTRG.3953	609	0	0	5821	168	291	0	0	1339	290	513	0	0	2840	608
MSTRG.3954	12594	7736	6	12148	194	14101	5899	89	9724	282	8093	8072	35	8634	505
MSTRG.3955	272	645	264	9	377	269	1526	512	3	15	128	1515	341	2960	15
MSTRG.3956	8771	7521	84	17	698	8766	8596	304	4	8	3297	3504	2	6	2
MSTRG.3957	4239	1580	2480	112	894	4788	3307	3290	23	1251	4350	1845	4137	50	847
MSTRG.3958	538	0	7826	5819	2804	277	0	823	4077	3982	223	0	4213	2468	4017
MSTRG.3959	143	55	2897	21760	41	227	0	1294	6934	34	63	0	3853	4761	14
MSTRG.396	319	1210	1851	1642	106	274	7175	4165	1498	79	214	2233	1852	1641	45
MSTRG.3960	2196	96	0	830	0	1721	34	0	649	0	1123	132	42	82	0
MSTRG.3961	1063	957	198	82	86	431	1028	98	6	21	375	715	118	6	84
MSTRG.3962	377	33	1308	56	1720	244	41	738	20	1977	106	87	1332	0	1118
MSTRG.3963	254	697	261	1899	5483	172	1451	110	1045	6107	34	878	210	327	2583
MSTRG.3964	32	590	1	149	5467	11	700	0	29	12745	3	632	0	0	3529
MSTRG.3965	5754	525	3571	801	8928	4468	914	3042	233	5195	2735	917	5019	451	14999
MSTRG.3966	1197	536	4773	1907	5843	1197	741	4528	2625	4046	1395	535	4629	1884	8272
MSTRG.3967	178	32	581	371	1860	12	136	928	12	2497	65	57	430	1024	1350
MSTRG.3968	229	89	5103	59	1038	7	20	2155	36	2964	119	40	5020	315	1501
MSTRG.3969	0	163	4558	1893	234	0	108	1204	227	160	0	186	4872	27627	130
MSTRG.397	68	159	521	323	5058	18	494	1336	174	6959	8	93	764	359	2266
MSTRG.3970	10354	186	7905	1440	382	6576	78	4897	955	689	6575	84	5489	712	117
MSTRG.3971	1133	5843	1112	2215	774	1207	3754	366	3435	797	1320	3499	773	2226	997
MSTRG.3972	7452	2896	63	3999	10	7891	3778	92	3222	13	1584	3591	183	3155	52
MSTRG.3973	2406	1722	48	5163	14	4321	1647	74	3094	22	1482	1406	19	1889	49
MSTRG.3974	0	0	223	1043	1211	0	0	157	894	1686	0	0	344	721	1392
MSTRG.3975	122	134	160	346	211	3	0	308	445	45	14	0	210	67	607
MSTRG.3976	783	148	0	4371	17740	957	347	0	7539	11778	487	6	0	5714	8065
MSTRG.3977	31	3398	52	335	3616	41	2663	365	1148	1761	135	2900	518	874	2070
MSTRG.3978	965	652	0	9563	3608	1114	1498	0	3888	1891	690	461	2	2492	3284
MSTRG.3979	886	0	755	1029	0	576	833	197	440	0	478	0	219	351	0
MSTRG.398	8370	280	445	161	80	8240	1643	694	138	1	2300	612	652	96	11
MSTRG.3980	661	3142	1875	369	0	654	29846	1502	217	0	502	7882	1926	382	0
MSTRG.3981	687	3419	96	218	0	690	22712	139	80	0	421	6173	88	68	0
MSTRG.3982	42	11191	3172	635	47	98	5055	3142	3182	65	36	2456	3016	975	44
MSTRG.3983	217	16696	675	6	8	149	14360	618	1	57	145	22035	474	1	0
MSTRG.3984	638	60	3884	2796	298	49	23	1873	2938	1171	11	31	3485	2975	316
MSTRG.3985	63	42	599	239	0	9	153	294	180	0	6	137	495	309	0
MSTRG.3986	5192	1	194	2172	76	4290	1	0	2290	17	2242	1	115	2299	13
MSTRG.3987	3701	1	0	521	42	3497	0	0	351	8	2983	1	23	385	105
MSTRG.3988	1929	9	1908	2708	2389	1512	3	539	3619	3144	1091	4	3028	2025	694
MSTRG.3989	11004	632	882	1306	1944	11237	118	56	1435	1108	3012	281	0	633	2454
MSTRG.399	6935	447	1673	866	52	6615	589	305	286	292	1750	325	2372	530	398
MSTRG.3990	81	683	1258	79	732	0	2035	2708	94	402	0	864	1898	89	908
MSTRG.3991	143	1553	719	116	1656	0	2550	503	173	735	0	1325	652	160	806
MSTRG.3992	233	2560	320	1487	131	291	1741	425	3987	99	13	3039	547	1219	278
MSTRG.3993	4123	147	800	128	121	2367	330	660	128	350	2826	277	343	110	1593
MSTRG.3994	739	12	170	774	1566	674	43	59	544	1513	231	15	95	303	1568
MSTRG.3995	97	1437	273	87	40	26	2036	134	76	24	43	1360	47	229	151
MSTRG.3996	0	1416	84	168	0	760	1646	96	122	0	0	1800	135	126	5
MSTRG.3997	10186	950	109	3122	361	15325	1508	151	4845	201	3330	402	149	3684	172
MSTRG.3998	1112	57	527	4399	1770	1850	98	0	4062	1768	899	16	0	3955	2097
MSTRG.3999	4850	1115	1212	8166	1497	1429	1247	453	13983	914	2789	1134	477	4809	918
MSTRG.4	7	158	896	12	6	570	171	150	797	531	34	290	7975	27	20
MSTRG.40	2263	1197	155	288	2623	2022	7631	94	178	1745	1446	2246	167	532	19139
MSTRG.400	101	21	342	100	1	5	10	415	67	61	7	8	273	130	38
MSTRG.4000	430	0	549	122	49	193	0	568	209	127	302	0	0	341	86
MSTRG.4001	1556	583	28	12	166	1701	301	40	36	171	1137	435	0	79	251
MSTRG.4002	2084	195	190	269	65	1656	454	2373	448	58	1990	614	154	346	215
MSTRG.4003	918	14	115	665	55	1053	0	7	448	265	79	3	51	364	694
MSTRG.4004	26	6	6807	282	1093	103	3	2472	630	2019	15	54	6839	363	817
MSTRG.4005	1534	3927	298	117	8	1169	5057	267	36	5	756	3741	122	67	10
MSTRG.4006	0	1998	3153	0	1254	0	1384	2541	2	6489	0	656	3338	31	509
MSTRG.4007	662	2899	1412	62	3	200	947	1273	10	14	330	2962	1667	82	49
MSTRG.4008	33	150	291	36	245	34	46	341	67	108	3	169	164	1	977
MSTRG.4009	220	0	247	636	1333	269	0	403	452	4591	523	0	584	226	264
MSTRG.401	21380	3195	59	8353	0	21727	1739	19	7600	0	5677	7497	48	7005	0
MSTRG.4010	1	0	294	5817	1923	0	0	289	10402	1368	30	0	918	5211	1517
MSTRG.4011	3272	139	31	5500	333	4391	283	0	5801	143	1922	93	0	3873	226
MSTRG.4012	1783	18	2643	363	1449	1861	549	23	134	1388	42	358	4	355	1331
MSTRG.4013	2497	2165	802	386	4007	1241	2425	710	367	6224	2090	4859	879	507	5266
MSTRG.4014	98	440	3010	47	1076	62	555	3721	636	873	91	401	5040	59	752
MSTRG.4015	22	671	174	1933	128	77	1601	163	1552	140	32	1368	146	1341	213
MSTRG.4016	0	415	0	191	712	0	821	0	85	696	0	819	0	48	873
MSTRG.4017	0	345	1563	643	6400	0	508	1369	695	5491	0	667	1880	1045	3198
MSTRG.4018	196	3508	6940	3	4	180	3697	3546	2	1	77	2522	4624	28	1
MSTRG.4019	60	148	6193	2222	87	451	476	17656	2890	113	213	222	3676	3075	89
MSTRG.402	115	58	3983	7214	1254	251	131	2555	25155	1701	33	71	847	1664	1639
MSTRG.4020	3299	558	12139	572	312	488	490	2660	160	104	714	525	16937	1217	94
MSTRG.4021	6170	4732	6887	5196	641	6420	5613	2440	5093	1956	5970	3853	8482	3890	702
MSTRG.4022	837	866	2664	4370	2973	866	431	8175	1154	5033	966	1107	2225	891	3081
MSTRG.4023	1085	2587	997	3443	6694	1671	3492	5045	6594	13039	1579	3938	1090	4188	8475
MSTRG.4024	3360	1249	478	9862	1349	3060	2128	631	3177	1823	1449	1989	716	4810	568
MSTRG.4025	228	1784	260	5346	242	410	968	556	987	8700	168	1173	205	2644	438
MSTRG.4026	664	0	463	8629	0	472	0	238	7556	0	378	0	389	5512	0
MSTRG.4027	5064	8	1527	270	3029	5387	83	1490	217	6249	2893	50	1675	409	2211
MSTRG.4028	734	292	19	721	714	566	569	149	214	1218	887	337	32	1452	860
MSTRG.4029	2792	51	1519	4517	313	3674	391	1883	6797	233	2646	10	1741	2442	215
MSTRG.403	862	3890	3733	118	298	911	4815	2041	221	89	304	3035	885	77	244
MSTRG.4030	591	3080	719	9025	8830	1230	2833	88	2686	7798	326	3804	1963	6138	6642
MSTRG.4031	1688	4951	20239	168	6250	1093	3083	16627	4427	9132	809	1365	10088	101	6255
MSTRG.4032	0	7873	3836	2417	7	0	3722	1532	2772	10	0	5093	2713	2590	2279
MSTRG.4033	6	50	4467	3	14	71	0	1043	92	3	33	90	4077	72	7
MSTRG.4034	265	1253	0	134	105	348	656	0	98	29	149	1020	0	96	62
MSTRG.4035	34	2	0	820	0	131	1	0	846	0	0	0	0	320	0
MSTRG.4036	3729	196	0	155	1281	3143	147	0	84	470	3382	157	0	326	443
MSTRG.4037	4805	3951	541	798	0	2290	2645	2295	969	0	572	5797	259	857	0
MSTRG.4038	5444	8212	0	362	5253	3500	4938	0	970	3972	3808	8610	323	347	2753
MSTRG.4039	2178	1947	56	6937	17288	832	1526	30	7329	11095	1015	1453	19	8238	3812
MSTRG.404	751	0	163	9311	240	723	0	4	10866	144	313	0	115	6929	353
MSTRG.4040	3	5455	0	0	1	1	2551	0	7	0	0	5131	0	1	24
MSTRG.4041	311	6008	16	212	760	118	7561	12	734	527	173	4869	62	305	130
MSTRG.4042	3752	975	15	8	124	2679	491	0	16	8	3611	586	103	1	7
MSTRG.4043	23791	135	3145	10	1820	20460	160	5131	895	850	21220	211	933	58	511
MSTRG.4044	10101	44	6	0	60	5573	126	80	0	0	7251	32	4	0	0
MSTRG.4045	5105	244	4899	0	540	2280	325	2780	0	337	4282	432	5115	0	921
MSTRG.4046	6767	4313	1101	3091	1501	6862	2073	336	9045	2458	2985	4139	1023	5050	459
MSTRG.4047	1128	78	1208	741	393	494	15	419	2753	14	570	99	1090	1171	761
MSTRG.4048	199	0	196	635	50	128	0	140	323	29	317	2	382	199	166
MSTRG.4049	350	0	138	10	3026	387	0	185	1	4245	126	0	1500	1	2517
MSTRG.405	12	108	10788	2351	5861	0	322	7494	1798	5616	9	405	2448	747	3730
MSTRG.4050	0	98	162	1432	3850	0	172	46	3010	2101	0	94	30	2741	3129
MSTRG.4051	69	48	20	36	1100	98	350	30	38	682	28	451	248	40	858
MSTRG.4052	37	69	465	2018	518	407	39	280	1400	99	364	76	206	1208	9950
MSTRG.4053	976	650	2613	655	12	166	336	736	301	18	92	215	4179	421	45
MSTRG.4054	638	676	1794	3137	1329	285	391	869	6692	1199	273	469	954	3577	802
MSTRG.4055	1494	945	78	6	1555	1146	1520	188	249	2746	986	1198	120	1	2141
MSTRG.4056	3302	2841	246	755	175	3056	4029	161	9543	133	2112	2438	508	579	85
MSTRG.4057	400	494	128	0	3201	444	680	159	0	5667	214	493	170	0	4669
MSTRG.4058	3037	1967	163	0	263	2021	2196	214	0	1192	789	1261	563	0	898
MSTRG.4059	442	342	1086	41	49	326	356	1253	965	187	427	526	1108	10	44
MSTRG.406	4866	141	587	659	39	1819	45	401	548	85	9998	141	296	484	114
MSTRG.4060	76	93	173	89	10960	46	86	158	7	4712	108	71	139	0	2567
MSTRG.4061	0	2	0	9	783	0	7	7	33	677	24	41	21	15	355
MSTRG.4062	2788	1954	1415	615	492	586	699	9249	1515	393	2968	846	512	597	547
MSTRG.4063	1273	2256	15	1217	9	111	536	9	826	13	6	3039	54	957	17
MSTRG.4064	929	683	1572	871	621	2456	48	3829	1974	1791	1042	7	1541	1306	525
MSTRG.4065	694	981	648	693	29	702	3703	1148	335	6	201	1642	785	439	37
MSTRG.4066	193	519	1597	195	2621	164	651	1535	129	4643	132	387	2655	138	3785
MSTRG.4067	1121	1234	2553	0	4073	931	1262	2059	0	4908	332	1034	2635	0	4049
MSTRG.4068	182	161	4165	206	8842	34	62	5164	0	9914	61	104	5075	0	4211
MSTRG.4069	373	563	1142	0	135	102	388	783	0	266	49	233	836	0	476
MSTRG.407	0	35	454	141	3627	0	1202	887	13	3619	0	929	466	139	2553
MSTRG.4070	53	20	78	185	11	138	157	82	0	14	13	27	117	96	67
MSTRG.4071	45	28	817	501	15	81	178	535	5	121	48	104	983	483	15
MSTRG.4072	369	291	5353	2452	818	0	0	2920	1771	567	0	12	4060	1084	696
MSTRG.4073	1673	1221	70	197	226	471	650	152	105	428	373	374	141	77	410
MSTRG.4074	739	666	159	4341	127	605	672	38	3924	35	0	0	70	2857	85
MSTRG.4075	35	46	640	176	38	30	39	1573	146	69	0	0	804	153	38
MSTRG.4076	327	161	5	2497	168	1555	1256	13	4703	360	60	128	9	2105	398
MSTRG.4077	56	46	2205	471	488	5	48	3307	182	398	3	7	5514	667	202
MSTRG.4078	15075	6243	8266	608	4667	3222	3672	13116	516	8442	16927	8759	11282	379	3216
MSTRG.4079	396	2294	58	584	3576	416	2624	94	1346	6022	119	2229	134	737	2047
MSTRG.408	101	0	3263	1	5973	52	0	830	5	11055	25	0	6924	13	2505
MSTRG.4080	10867	623	146	3980	303	4548	238	4824	4198	85	1487	436	554	1023	555
MSTRG.4081	10923	581	0	7592	245	6644	956	0	10702	218	4107	1055	0	4425	200
MSTRG.4082	1247	513	3261	3460	1405	1257	486	2880	14461	527	776	161	2871	2172	420
MSTRG.4083	1	374	943	0	1362	0	703	1433	0	1935	1	727	711	0	1615
MSTRG.4084	17	592	304	2314	1399	2	451	300	369	1606	4	966	430	1043	1510
MSTRG.4085	579	54	6960	984	466	86	0	2275	464	304	138	0	6020	923	358
MSTRG.4086	1818	3472	10590	8072	587	1286	94	8343	3690	369	1098	32	8648	8959	678
MSTRG.4087	741	615	3	5	1602	977	817	11	0	977	598	697	3005	57	1070
MSTRG.4088	488	2785	23	135	71	348	3757	7	83	76	64	5028	12	122	85
MSTRG.4089	294	389	0	26	95	510	222	0	0	169	666	204	0	6	179
MSTRG.409	5647	1864	45	0	39	5321	1099	4	16	181	2146	2443	8	0	37
MSTRG.4090	328	0	1350	922	1674	354	0	648	1720	2712	986	0	396	922	989
MSTRG.4091	118	217	0	1372	140	3	69	0	288	99	2	74	24	1283	191
MSTRG.4092	5842	1412	5877	2642	878	100	1755	1991	5873	763	16	775	4290	1673	613
MSTRG.4093	711	6240	17578	314	1	843	4469	3199	634	1	597	3943	6744	217	4
MSTRG.4094	4043	4545	831	7014	43	3846	15061	349	7606	615	4320	4023	87	6554	109
MSTRG.4095	291	11496	8	3084	1672	251	8998	16	825	1724	156	17823	0	1550	1560
MSTRG.4096	0	4324	111	2028	11	0	4460	0	1805	17	0	9291	17	1620	0
MSTRG.4097	0	3019	64	26	140	36	2998	0	12	57	1	2247	0	34	22
MSTRG.4098	1545	1695	507	1	2	1851	2063	207	6	15	569	3146	13	4	3
MSTRG.4099	9808	677	1777	29	643	4541	722	804	1	831	3586	795	271	26	1081
MSTRG.41	669	4674	1906	137	218	486	28561	1689	154	249	517	7668	1989	152	32
MSTRG.410	0	365	75	1059	710	0	98	39	2097	392	0	389	83	962	525
MSTRG.4100	8571	187	236	489	1951	14078	557	6	401	2350	2803	157	0	291	2378
MSTRG.4101	15089	129	770	1827	369	6605	569	87	2870	583	17486	211	866	1564	805
MSTRG.4102	6145	874	504	16838	3886	3912	873	154	13917	5060	7617	741	544	9082	3109
MSTRG.4103	3879	1176	1846	3333	4551	3680	1147	1335	3387	1606	2573	847	1933	3611	1712
MSTRG.4104	2467	32	536	8	2738	3815	88	12	0	7322	1942	68	1175	26	3430
MSTRG.4105	336	91	32	119	7615	71	25	67	264	3431	276	267	327	0	5076
MSTRG.4106	350	1966	3150	199	1881	369	1864	1936	82	3579	59	1873	2823	192	1244
MSTRG.4107	1014	8	3769	22	4730	860	56	1162	86	8889	761	40	1838	127	3120
MSTRG.4108	1024	1196	1203	317	152	860	178	755	203	103	415	1772	1012	266	274
MSTRG.4109	55	23086	1384	169	511	92	14091	17	45	484	66	10882	1167	72	705
MSTRG.411	362	207	0	568	2107	5	129	0	4092	820	425	388	0	493	10858
MSTRG.4110	397	3020	7	0	3716	39	1690	10	0	6690	6	2183	52	0	1157
MSTRG.4111	1842	4599	1934	0	2	2041	2181	1065	0	5	1437	4588	1263	0	8
MSTRG.4112	51	0	1810	924	7723	25	0	3048	2558	1894	32	0	2844	1518	7416
MSTRG.4113	1260	0	270	2535	101	231	0	16	2170	3544	2147	0	233	1482	59
MSTRG.4114	27661	111	4274	158	2241	17390	53	6354	24	2234	7791	118	6203	155	2741
MSTRG.4115	2544	71	342	505	3	2097	752	1979	347	34	1120	230	1297	471	70
MSTRG.4116	3869	535	2155	1445	105	1313	1170	2793	411	133	1572	260	1538	624	57
MSTRG.4117	5295	0	11251	13657	622	1659	0	3286	5857	1268	4909	0	2126	5940	401
MSTRG.4118	0	61	556	6151	134	0	40	301	16467	223	0	19	448	5221	178
MSTRG.4119	0	13	348	924	719	0	8	243	2000	1242	0	87	410	490	597
MSTRG.412	748	2503	86	560	551	50	1784	112	538	544	291	1709	63	407	654
MSTRG.4120	0	19	151	1850	435	0	0	84	917	845	0	120	93	831	269
MSTRG.4121	630	3574	742	7339	5545	1629	3905	2539	8299	8899	223	924	715	8010	5800
MSTRG.4122	0	0	103	1	209	0	32	12	1	429	0	0	120	19	273
MSTRG.4123	34	4848	20	23	605	1	3271	29	282	3313	47	5441	27	45	1065
MSTRG.4124	26	1085	3237	201	9	1	485	5456	59	8	47	945	4520	172	11
MSTRG.4125	4000	837	4903	71	341	3594	316	4058	44	175	550	525	3258	103	212
MSTRG.4126	1765	419	8481	1110	1012	985	142	8710	377	2755	1478	454	6193	1001	5006
MSTRG.4127	2	132	635	2237	81	2	467	199	3122	107	16	1898	474	2006	242
MSTRG.4128	1380	38	154	2	1796	811	27	418	3	1527	910	178	483	23	1569
MSTRG.4129	5392	0	18	97	229	4684	0	16	208	215	4473	19	150	231	212
MSTRG.413	1021	19	5152	83	18	1808	54	4977	17	7	772	92	4275	100	31
MSTRG.4130	0	493	151	0	1641	2	379	361	0	931	0	167	455	0	1390
MSTRG.4131	28	2906	309	366	2465	46	1333	326	91	2478	123	3075	498	210	1031
MSTRG.4132	1817	1908	909	86	24	954	1260	491	32	1207	1059	1023	556	54	73
MSTRG.4133	259	188	293	1627	12	92	221	794	951	97	179	199	563	1750	0
MSTRG.4134	1044	512	127	2892	2813	682	437	65	4428	3469	981	580	92	3130	385
MSTRG.4135	2179	231	29	11378	0	1707	212	81	11860	0	1117	374	36	4852	0
MSTRG.4136	167	352	572	3856	6	40	388	212	10240	7	21	1429	656	2028	101
MSTRG.4137	661	1592	502	367	0	928	1654	464	71	0	387	1247	292	502	0
MSTRG.4138	2700	6	5106	13	81	3503	3	8568	191	2	2350	6	5332	54	3
MSTRG.4139	12867	1	3993	205	459	11586	11	2954	7	1855	11124	19	3623	201	424
MSTRG.414	0	169	0	139	274	0	255	0	160	961	0	202	0	175	519
MSTRG.4140	231	1204	327	71	1333	4480	5750	127	515	1034	173	450	479	72	1447
MSTRG.4141	0	68	325	1238	919	0	37	276	1039	2145	0	132	295	617	1534
MSTRG.4142	3850	1147	1328	656	25	3381	685	432	297	128	2441	1783	680	651	69
MSTRG.4143	1211	1792	2160	2908	89	1011	2696	2932	3180	423	829	1069	4124	1833	129
MSTRG.4144	5853	1526	1858	698	99	3202	1342	1396	398	338	4839	1623	2089	506	66
MSTRG.4145	1095	2606	560	2480	0	529	1688	420	2699	0	693	2387	448	2273	0
MSTRG.4146	9815	114	760	360	0	18925	123	375	729	0	4641	76	828	448	0
MSTRG.4147	106	4290	2724	1389	2004	6	5145	2377	573	4576	3	5687	3997	2382	3962
MSTRG.4148	392	1051	1718	9051	1424	143	982	325	10655	801	377	1100	1578	2405	1328
MSTRG.4149	254	890	142	2444	249	391	1080	130	3032	104	1772	1152	257	1681	63
MSTRG.415	2674	6418	558	6671	1765	1722	2341	0	8461	1264	2585	5263	443	3213	1377
MSTRG.4150	60	2006	1795	689	0	27	2271	3654	507	0	207	2612	1451	1284	0
MSTRG.4151	0	84	131	29	121	2	32	233	76	3	7	81	109	136	0
MSTRG.4152	491	21	750	29	0	259	54	507	62	0	116	22	457	37	0
MSTRG.4153	3881	103	150	326	280	1580	16	72	327	0	4112	39	238	585	134
MSTRG.4154	2339	540	151	1873	444	1195	1524	270	2043	3	729	661	148	1559	483
MSTRG.4155	90	2580	114	3	69	172	3471	894	128	38	133	3235	102	0	56
MSTRG.4156	443	9620	1802	0	4	413	13640	1471	52	3	268	10656	1519	0	1
MSTRG.4157	288	31	5	0	244	181	75	22	0	116	635	64	0	0	170
MSTRG.4158	383	275	93	0	5280	519	3657	121	0	6356	2470	1917	38	0	4995
MSTRG.4159	1349	0	11	2	156	1539	0	447	19	75	764	0	12	0	135
MSTRG.416	263	8378	0	10	275	66	8269	0	1955	133	74	3218	0	86	363
MSTRG.4160	121	2837	630	5	2685	115	3052	1662	9	4860	79	2734	665	25	3034
MSTRG.4161	19	891	2556	2	412	27	836	3387	10	475	24	1111	2958	17	357
MSTRG.4162	1	6975	630	2	280	10	8156	366	21	681	12	8568	1088	0	333
MSTRG.4163	41	19270	4695	5	478	26	24898	4587	58	1000	59	17691	4436	47	684
MSTRG.4164	280	4538	4296	2	4597	672	4011	245	1	6243	1697	1664	4594	6	3522
MSTRG.4165	4902	56	2841	18	3233	4992	42	5214	310	3655	2180	38	4406	289	1208
MSTRG.4166	2242	617	10012	2	3283	1623	94	2463	22	14516	1646	146	6787	0	2983
MSTRG.4167	42	638	4831	1	217	0	477	5287	19	107	1	645	759	8	192
MSTRG.4168	1448	5	7091	3	16	591	0	9469	60	18	366	0	4969	0	23
MSTRG.4169	0	135	331	4	13	0	125	343	53	20	0	24	677	3	32
MSTRG.417	184	152	47	0	150	153	471	90	0	208	389	93	85	45	134
MSTRG.4170	5465	4	706	4	1796	3385	0	374	31	645	2070	28	817	12	1025
MSTRG.4171	3541	0	4536	3	777	1674	1	5776	46	699	1153	7	1853	0	814
MSTRG.4172	9818	0	938	1	157	4315	0	947	30	82	3265	0	1022	9	109
MSTRG.4173	982	638	9288	6	5930	399	357	1743	40	2934	69	178	13204	0	6602
MSTRG.4174	44	0	234	483	12	1	0	3739	856	0	0	0	126	687	274
MSTRG.4175	467	3544	3031	2792	299	123	3377	2536	3391	400	9	2492	3504	2504	670
MSTRG.4176	2433	13618	3	48	857	1089	5181	141	37	1004	1366	5959	80	20	1032
MSTRG.4177	207	877	102	109501	1200	31	427	182	83739	223	13	76	136	81207	1065
MSTRG.4178	1039	218	795	2887	2460	415	27	1102	3211	3527	1326	0	552	2066	1633
MSTRG.4179	2871	1879	341	1413	2322	2579	875	319	4881	1638	1650	202	331	1372	1488
MSTRG.418	3867	515	1580	2134	709	2841	682	1265	5415	412	2491	596	2319	7010	864
MSTRG.4180	447	211	780	4118	421	11	14	694	4339	629	1187	0	916	1219	316
MSTRG.4181	85	1027	596	330	2347	145	439	1464	58	1450	195	986	227	168	2469
MSTRG.4182	2582	1117	4754	186	1540	2162	304	8108	361	1218	1478	604	5780	89	1165
MSTRG.4183	1835	2168	448	496	3050	1069	1686	636	4263	5309	263	2042	459	374	3587
MSTRG.4184	748	510	896	449	1401	517	92	2184	147	1400	607	1242	1160	581	1910
MSTRG.4185	401	26	530	171	41	90	112	60	71	14	175	243	131	139	25
MSTRG.4186	80	2165	10	96	174	77	2226	9	51	365	130	2050	0	96	285
MSTRG.4187	2717	1397	1067	554	1152	1552	998	761	475	1478	1292	709	5332	775	1013
MSTRG.4188	2150	590	0	779	9025	3125	700	43	527	12199	2281	598	75	229	9014
MSTRG.4189	480	4077	1718	3	14074	77	122	776	4	22592	269	2695	1761	15	12763
MSTRG.419	21	5637	434	7253	89	70	854	48	2703	82	32	5425	352	3293	144
MSTRG.4190	4889	424	362	16	3415	5648	121	253	29	1776	4853	104	370	25	1575
MSTRG.4191	290	2251	2137	1441	96	1710	1354	1256	2803	42	1354	1524	2039	2322	126
MSTRG.4192	57	1427	2151	456	3	118	3169	5612	210	2	32	2551	1871	1775	1
MSTRG.4193	9290	1069	37	14038	536	4788	73	1116	8424	397	1007	337	83	6283	860
MSTRG.4194	681	4557	17	109	5	487	6252	206	682	0	352	6598	8	146	0
MSTRG.4195	755	380	1263	1765	142	341	2389	7747	1222	36	612	1608	272	1496	12
MSTRG.4196	1232	57	0	472	4388	2183	87	0	254	7201	601	57	0	711	4832
MSTRG.4197	69	9366	0	5794	15356	17	6078	0	3911	63138	53	2651	0	2619	17705
MSTRG.4198	4833	625	109	615	429	6057	379	5	290	1287	3866	507	0	104	301
MSTRG.4199	13963	378	19	93	0	14144	207	36	131	73	6221	387	14	155	94
MSTRG.42	8924	206	613	1854	72	6904	86	732	1867	106	6679	170	489	1611	0
MSTRG.420	4917	610	0	4997	7089	3173	420	108	6146	7479	4117	721	0	2915	6466
MSTRG.4200	190	202	636	5	3	402	78	1314	4	0	324	118	646	145	479
MSTRG.4201	38	954	1313	3153	93	35	1864	1174	1795	133	71	763	1378	1736	122
MSTRG.4202	57	1	929	3571	0	206	2	1512	2400	0	76	2	1627	1538	0
MSTRG.4203	743	2957	21	12045	0	394	7328	1081	13787	0	346	4611	63	11269	0
MSTRG.4204	347	4182	0	489	688	565	4577	0	218	1215	440	3355	0	216	1179
MSTRG.4205	65	6633	0	0	2403	32	11623	0	51	2103	58	5086	0	2	1593
MSTRG.4206	832	191	3654	613	712	416	490	5994	2448	488	964	458	4616	449	417
MSTRG.4207	18	23	1598	3445	1231	24	7	861	5869	155	36	110	1217	1959	580
MSTRG.4208	629	170	484	7587	227	432	37	425	5081	67	254	49	214	1599	296
MSTRG.4209	7503	197	0	4108	8557	9224	522	0	1341	8998	3580	466	0	479	6954
MSTRG.421	9967	56	3522	680	5744	11084	41	2588	767	21438	10283	32	3421	676	2420
MSTRG.4210	4654	412	187	1276	4130	3770	527	0	637	13035	2977	464	0	460	3600
MSTRG.4211	355	643	0	38	4	145	583	0	76	0	290	464	0	24	1
MSTRG.4212	1213	251	343	1007	693	509	923	0	1655	1727	496	536	112	1127	472
MSTRG.4213	6393	35	640	341	1354	4665	28	5	41	981	5063	32	515	139	997
MSTRG.4214	2586	553	92	116	6462	1468	455	25	107	8091	1840	829	76	74	8328
MSTRG.4215	736	26	1	362	175	457	39	3	306	27	444	62	2	786	102
MSTRG.4216	733	478	240	539	12	338	504	80	1489	17	527	287	163	806	131
MSTRG.4217	2380	5873	3509	8116	76	2476	8516	4044	2655	190	1262	5106	3657	19329	146
MSTRG.4218	954	5313	214	77	788	722	2595	144	108	253	377	3775	322	185	786
MSTRG.4219	210	334	4562	606	2411	164	172	4619	1912	2623	380	334	4137	435	1283
MSTRG.422	127	702	2273	1237	76	429	1503	624	956	216	38	888	2149	1257	50
MSTRG.4220	2032	184	1	200	81	2390	266	2	142	139	1053	285	0	139	213
MSTRG.4221	200	825	606	244	0	205	683	402	619	0	190	574	1012	334	0
MSTRG.4222	973	3997	166	1193	291	515	3180	699	2106	65	418	3791	312	3479	179
MSTRG.4223	64	2525	670	666	63	57	1332	615	779	31	139	2399	1118	712	38
MSTRG.4224	359	449	4846	14284	1661	190	553	2689	8150	607	175	359	5730	9024	2011
MSTRG.4225	191	621	2547	477	6	580	402	1319	444	2	109	574	1524	230	109
MSTRG.4226	2157	1117	2803	12	1960	1910	1074	14386	7	2448	1336	767	4489	2	2371
MSTRG.4227	6	124	1957	1524	7242	14	159	1189	1697	18465	0	313	2302	1460	5487
MSTRG.4228	111	1379	24	4	3200	123	2627	79	2848	4989	139	1491	70	4	1622
MSTRG.4229	302	175	3475	1251	83	506	208	1041	598	81	332	224	2722	1142	0
MSTRG.423	629	1613	4573	45	8404	505	1861	1504	272	9176	549	1968	3988	304	4663
MSTRG.4230	3241	700	7965	1777	218	2873	483	2459	2636	119	2677	456	8703	1544	485
MSTRG.4231	1	58	45	279	299	1	77	0	47	104	0	182	1	204	476
MSTRG.4232	748	176	408	11331	48	540	304	570	7798	113	1749	249	694	1711	74
MSTRG.4233	6706	15006	1138	1130	36	5584	11530	1389	1410	161	4425	12552	1440	90	81
MSTRG.4234	6542	3139	1697	718	1090	7171	3526	570	908	1014	4096	3787	1674	833	579
MSTRG.4235	12467	41	2631	1731	2643	3489	344	2672	763	3498	5968	1	2284	813	2465
MSTRG.4236	5265	142	2540	277	117	6952	162	1023	360	216	3192	322	2059	215	319
MSTRG.4237	8337	253	370	1665	220	10047	73	874	1174	261	4799	322	544	1623	546
MSTRG.4238	561	5	6429	0	2156	277	1	6565	0	1929	513	6	7482	0	1690
MSTRG.4239	5	495	2707	54	371	0	165	1600	120	612	1	359	2630	2356	435
MSTRG.424	878	160	12502	91	474	508	268	7821	89	265	726	372	7911	97	163
MSTRG.4240	738	15547	3174	0	1083	530	8087	5635	6	1332	875	11989	4426	28	2164
MSTRG.4241	6099	7353	37	7387	5865	7020	5043	17	10572	12968	1645	7149	32	8732	6931
MSTRG.4242	8749	4	42	69417	1947	1798	3	7	18911	2391	3897	3384	19	72351	1642
MSTRG.4243	51	15	523	353	572	67	2	313	1679	492	4	13	459	560	1291
MSTRG.4244	351	1554	1517	6	92	4404	3574	691	7	121	96	3027	1519	15	151
MSTRG.4245	3693	309	80	0	5	3557	134	325	53	0	3789	78	54	133	5
MSTRG.4246	3	909	5816	1	366	63	2731	4960	0	398	51	3899	5724	458	412
MSTRG.4247	131	1146	7022	119	1397	110	983	6475	183	1938	67	1361	9072	177	1130
MSTRG.4248	955	93	123	0	29	1302	715	129	0	25	325	132	19	0	0
MSTRG.4249	1331	1698	681	0	0	601	1858	995	0	61	759	1434	630	0	0
MSTRG.425	65	87	67	50	82	45	263	371	55	43	20	155	50	116	50
MSTRG.4250	609	114	7313	4	0	753	86	9458	6	0	431	49	8323	82	0
MSTRG.4251	274	9	42898	535	0	976	25	45920	873	0	102	12	75776	62	0
MSTRG.4252	5968	263	540	2497	1	6095	1053	272	2438	33	5388	675	381	1826	0
MSTRG.4253	1953	2249	1	139	3	3016	2742	4	97	24	1892	3244	3	342	21
MSTRG.4254	175	663	5	1611	9	51	732	9	3381	29	21	1533	4	1347	51
MSTRG.4255	365	4703	1	707	0	87	4464	1	1266	178	163	5032	1	1178	14
MSTRG.4256	753	7054	0	0	1	2207	6494	1	0	55	2384	5324	565	0	0
MSTRG.4257	3	7939	63	9	2	102	3991	18	62	28	123	6055	120	4	0
MSTRG.4258	16	7274	1	71	2	0	5569	1	157	21	23	2668	1	46	15
MSTRG.4259	2327	16110	0	552	11	1597	12023	0	631	37	1285	12255	0	517	55
MSTRG.426	801	6	781	159	2	1277	39	658	11	40	1097	1	904	25	0
MSTRG.4260	3	372	0	97	0	5	318	0	96	180	1	616	0	100	9
MSTRG.4261	5414	1142	0	265	15	4717	626	466	156	431	2814	1223	0	430	198
MSTRG.4262	175	5048	1230	421	1	1365	6077	1909	570	34	64	2697	1556	449	2
MSTRG.4263	11	8082	0	1898	1	71	2415	70	794	15	2	9558	3	1327	2
MSTRG.4264	3108	304	2437	154	15	5432	4331	1964	326	129	252	147	2284	102	18
MSTRG.4265	0	2857	332	4948	3	0	3119	260	1972	71	0	3801	522	3868	1
MSTRG.4266	0	2	679	0	6	0	118	1223	0	18	0	63	848	0	13
MSTRG.4267	207	91	2019	2784	334	8	144	192	10454	915	4	81	974	2646	502
MSTRG.4268	1430	822	2	24608	1985	1423	1197	36	10674	2434	945	402	2	10936	1446
MSTRG.4269	1278	943	7165	36	32	1102	643	987	8	23	979	663	6711	44	16
MSTRG.427	2200	1302	691	0	901	1427	763	448	0	1065	1540	696	823	0	662
MSTRG.4270	827	642	5439	145	85011	1753	932	7277	39	151864	1228	834	6534	0	101616
MSTRG.4271	882	391	888	28	4477	5	1729	2004	5	1240	77	243	667	70	1212
MSTRG.4272	86	318	154	373	962	217	639	101	233	3872	146	450	131	122	846
MSTRG.4273	130	0	1364	13	2296	528	6	993	8	5466	206	5	1068	45	719
MSTRG.4274	61	27	1	10	272	373	558	8	15	203	36	219	2	23	141
MSTRG.4275	0	226	8314	462	151	0	208	8668	293	590	0	237	10174	397	107
MSTRG.4276	0	4261	55	2909	620	0	6186	15	2763	2564	0	3174	144	1617	114
MSTRG.4277	5933	1980	185	5783	550	7140	6199	70	6685	715	4342	624	99	6087	721
MSTRG.4278	1265	0	198	208	158	880	0	428	31	43	748	0	571	94	203
MSTRG.4279	522	0	1	895	528	348	0	0	2475	443	122	0	25	1014	886
MSTRG.428	311	141	419	0	1253	145	130	1152	0	4929	308	154	841	0	1014
MSTRG.4280	0	110	659	12	736	0	750	266	3	483	0	14	789	1	388
MSTRG.4281	178	6	2410	55	1609	4	0	2299	69	2430	0	27	2049	29	2090
MSTRG.4282	43	183	133	3	463	0	6	201	44	172	0	2	356	32	1212
MSTRG.4283	610	857	0	252	9339	0	1213	0	284	3485	216	976	0	453	1865
MSTRG.4284	660	1087	386	2	98	17	1288	58	29	509	470	1116	201	1	172
MSTRG.4285	216	911	70	29	2086	100	1760	54	0	1970	63	1777	43	41	1932
MSTRG.4286	9073	0	2104	537	3725	8092	0	1267	267	3263	7355	0	2020	623	2642
MSTRG.4287	153	0	17	0	520	146	0	33	48	235	185	0	134	16	193
MSTRG.4288	3443	5230	2648	498	50	4876	7170	2366	147	167	2952	6176	3431	209	87
MSTRG.4289	2001	640	8207	450	2	759	326	11345	195	38	2719	464	7594	506	131
MSTRG.429	150	10626	1988	2694	189	183	7518	1420	1112	141	111	10596	1813	1103	94
MSTRG.4290	331	399	694	535	2259	805	323	2972	254	2723	279	359	1094	176	1555
MSTRG.4291	782	0	2052	2911	3211	641	0	3643	3560	5378	690	0	1324	2321	3443
MSTRG.4292	5983	280	287	10640	2189	4126	3	115	24762	2737	4137	0	609	33902	716
MSTRG.4293	1238	153	581	17791	7611	1927	0	318	8542	12814	303	27	641	11213	7479
MSTRG.4294	5638	619	23	55	437	13189	0	75	95	79	4088	155	95	187	226
MSTRG.4295	107	557	60	946	0	108	6	117	1368	28	50	555	93	605	7
MSTRG.4296	3364	1391	1162	1	702	839	1616	1021	1	1608	1636	1075	843	1	432
MSTRG.4297	788	94	2914	4037	2921	450	30	2055	2851	4901	962	35	3145	3100	2015
MSTRG.4298	10033	173	411	2	5136	3712	107	392	0	5901	8323	124	747	2	1767
MSTRG.4299	1313	3361	3059	18	3156	1501	4672	2311	13	1606	1033	3449	2821	25	1506
MSTRG.43	2125	1775	2	341	1706	1749	2098	3	466	1719	3112	1777	4	143	1938
MSTRG.430	807	2604	393	1849	3646	571	5674	200	1715	3409	736	1967	661	521	2239
MSTRG.4300	935	217	491	18863	821	308	218	1698	28456	424	1395	233	500	10153	493
MSTRG.4301	3693	2173	2271	3741	72	3497	4050	2125	3498	99	1690	3316	3246	5262	199
MSTRG.4302	2226	2494	6038	177	43	1372	557	1404	32	46	845	2190	5029	53	89
MSTRG.4303	559	390	1813	1752	1162	668	917	2782	2770	1487	286	400	1979	1836	1327
MSTRG.4304	8066	2150	684	0	113	6511	3394	508	0	47	5990	1689	1120	0	63
MSTRG.4305	628	4417	120	922	207	587	3416	127	930	462	685	4711	138	1028	599
MSTRG.4306	4035	3327	23	8	300	4217	13015	32	34	268	4149	5073	17	50	465
MSTRG.4307	0	0	425	217	551	352	0	425	18	1154	57	394	591	28	1053
MSTRG.4308	2268	68	1433	771	14	1108	109	1207	1158	6	2333	104	1538	337	9
MSTRG.4309	51	3500	3	1783	6585	26	1350	127	3300	4519	63	2322	0	1341	10259
MSTRG.431	153	498	143	148	0	113	426	182	255	26	145	190	171	231	6
MSTRG.4310	176	8793	2	286	67	9	3270	77	204	62	14	10029	0	409	228
MSTRG.4311	38	25	13	266	480	15	0	11	183	1986	37	112	24	159	438
MSTRG.4312	536	14	0	1496	150	254	18	0	4614	170	274	19	0	1718	89
MSTRG.4313	2158	1052	1	1370	240	1327	1689	31	748	402	1608	1267	0	532	218
MSTRG.4314	255	757	4	2937	956	346	856	29	5351	1771	265	1358	58	1176	1824
MSTRG.4315	11567	2238	3	12601	622	5497	3105	27	9571	1370	7755	1909	44	10678	657
MSTRG.4316	9362	1249	1	295	12024	5735	919	114	533	8255	6882	1474	20	654	7861
MSTRG.4317	18	325	2	49	0	57	1093	60	84	22	19	246	59	176	8
MSTRG.4318	11	6152	1	2070	1264	3	6258	466	876	1309	1851	7261	21	2621	1280
MSTRG.4319	31	4169	17	400	4	8	2374	486	237	3179	6	2936	108	286	6
MSTRG.432	13780	9512	1175	34	80	9056	7774	360	49	619	8344	6661	674	98	72
MSTRG.4320	95	1	2	5140	504	19	1	13	2712	1171	30	1	15	3308	644
MSTRG.4321	108	26	1	96	1252	116	11	94	81	948	54	38	5	125	1706
MSTRG.4322	8637	27	468	58595	1363	5488	6	922	22611	2334	4763	31	481	14849	1155
MSTRG.4323	7354	426	2300	571	232	6297	286	2134	149	126	5465	233	2534	5720	215
MSTRG.4324	155	0	98	146	5225	257	0	53	151	9150	83	0	83	252	2506
MSTRG.4325	1	0	102303	344	1539	1	0	160021	127	1258	1	0	103405	352	14
MSTRG.4326	17	1840	4030	119	608	123	1976	170	68	800	16	1803	6217	48	837
MSTRG.4327	136	1153	6	0	59	124	1180	54	0	107	54	684	21	0	43
MSTRG.4328	123	928	1348	383	1099	109	622	4209	304	858	21	722	1122	617	848
MSTRG.4329	673	4603	394	2325	251	861	877	88	2025	249	406	2002	238	3225	330
MSTRG.433	2618	3516	186	0	0	4367	2362	54	0	0	501	691	162	0	35
MSTRG.4330	0	0	3444	94	1290	0	30	5044	96	1282	0	0	964	152	1159
MSTRG.4331	0	1081	216	286	0	0	1149	625	224	0	0	596	166	154	0
MSTRG.4332	1916	4174	340	20028	50	2078	2288	4452	12441	126	1443	2934	232	3905	300
MSTRG.4333	2763	5634	491	1130	1875	1929	8141	181	1390	2396	888	6311	548	755	1017
MSTRG.4334	711	1064	317	2429	114	382	2300	275	2853	361	320	665	315	2090	124
MSTRG.4335	5342	1448	542	0	3741	980	783	254	1523	4124	2877	1131	807	0	7287
MSTRG.4336	4803	6783	494	959	0	1857	9493	216	80	0	1970	8342	419	111	0
MSTRG.4337	6469	53	1977	385	0	8852	122	3644	186	0	4007	75	2416	0	0
MSTRG.4338	3	144	835	496	0	1	155	22	276	0	1	356	2657	178	0
MSTRG.4339	1236	768	11852	0	4	1794	421	2298	0	2	365	447	4147	0	121
MSTRG.434	152	1023	9320	1904	2710	192	207	7961	2611	4590	160	157	10713	2369	5996
MSTRG.4340	205	54	112	1979	601	92	6	753	7344	817	127	7	200	166	74
MSTRG.4341	1816	480	2865	463	2282	932	402	1133	2563	2607	968	692	3064	132	1447
MSTRG.4342	105	2289	45	3418	90	32	2345	3	1850	74	40	1728	130	770	275
MSTRG.4343	1	158	4108	1155	1132	3	144	2788	786	4036	7	322	4099	1201	1234
MSTRG.4344	8398	0	531	7189	21	9402	0	244	830	4	6233	0	155	2389	0
MSTRG.4345	18	528	103	199	601	74	152	255	709	781	16	245	150	78	726
MSTRG.4346	170	122	51	0	0	29	54	29	0	0	145	79	359	0	0
MSTRG.4347	183	2112	2971	220	10	23	1796	1539	2	42	59	2003	2225	823	8
MSTRG.4348	258	35	3769	471	26	466	34	3905	1	77	422	128	4469	713	17
MSTRG.4349	720	2481	78	6379	68	135	3118	1	6223	127	617	3619	30	4634	33
MSTRG.435	9989	225	5330	13	4834	7831	55	2799	569	4309	3878	46	3625	120	3463
MSTRG.4350	2276	3782	3122	5473	455	2256	10540	1513	3579	511	1404	3281	1288	4607	410
MSTRG.4351	241	498	10770	334	68	259	142	11039	172	82	254	524	11355	285	121
MSTRG.4352	3146	657	7	1105	52	3063	348	109	1440	31	3108	730	1	611	57
MSTRG.4353	601	40	686	1818	359	60	90	3092	2072	462	215	30	745	1400	316
MSTRG.4354	128	21	2992	266	11421	58	176	4213	363	9642	63	45	2804	266	7456
MSTRG.4355	1639	1078	5079	1522	3115	950	1269	1909	1341	3298	1080	679	2721	735	3043
MSTRG.4356	5867	2244	3459	2684	48	10969	2161	303	1993	290	2736	2582	1437	1614	0
MSTRG.4357	488	591	691	417	124	158	416	382	458	187	693	671	331	621	307
MSTRG.4358	91	2325	110	1166	270	227	2726	65	1061	158	92	2440	220	701	144
MSTRG.4359	357	520	88	214	807	1	670	113	134	8112	380	597	71	259	1954
MSTRG.436	518	33	237	123	6029	194	116	113	340	6179	41	6	158	193	2881
MSTRG.4360	57	2588	44	258	18048	89	2432	41	36	12936	30	3419	23	59	9961
MSTRG.4361	39	2131	108	584	8	141	2925	10	379	4	45	1880	102	420	48
MSTRG.4362	1281	2230	1	11	101	1185	2727	25	34	44	518	1905	148	8	36
MSTRG.4363	962	820	1003	1	290	907	844	1319	29	357	1248	1203	1319	0	151
MSTRG.4364	1884	100	308	1604	3	1676	241	25	387	0	1227	299	352	801	10
MSTRG.4365	413	17	146	1144	14	309	18	22	1677	21	405	34	69	1177	20
MSTRG.4366	2806	504	9	78	267	2052	771	39	140	293	2213	754	222	30	265
MSTRG.4367	849	1511	481	4021	2799	691	1035	273	5552	3720	572	1564	611	3796	2908
MSTRG.4368	5410	0	526	8194	4360	2738	50	1336	7038	4904	5543	0	1042	5893	3679
MSTRG.4369	2340	1	19	26	296	2321	95	21	37	53	598	0	33	90	140
MSTRG.437	151	1208	9053	47	720	28	1018	7281	6	1006	54	887	7741	8	618
MSTRG.4370	3163	108	8197	0	242	2971	35	2374	5	751	1492	128	5082	1	146
MSTRG.4371	891	0	104	11	34	601	0	90	18	60	1234	0	147	17	53
MSTRG.4372	123	4	451	99	596	148	4	843	99	905	244	90	615	9	721
MSTRG.4373	0	2	207	609	0	4	36	107	648	34	3	15	53	474	2
MSTRG.4374	509	0	246	9	34	508	181	1139	26	24	664	4	211	2	22
MSTRG.4375	1810	3	1905	0	198	1369	25	4965	0	188	1298	0	2548	0	332
MSTRG.4376	1	2	691	8360	359	128	121	993	31138	433	2	1	1134	12077	654
MSTRG.4377	0	2	11695	4238	2	65	15	6932	12044	20	0	15	9847	4993	11
MSTRG.4378	101	16	373	6427	41	29	51	521	14230	46	88	68	233	5634	54
MSTRG.4379	0	0	39	1768	362	0	133	97	1050	233	0	63	25	263	478
MSTRG.438	21	1562	640	1234	0	100	4745	227	777	56	4	1431	301	690	243
MSTRG.4380	7	9	1363	82	375	18	557	1408	189	285	16	450	1522	70	211
MSTRG.4381	5	3	1	908	1182	5	1	1898	1187	1147	184	15	5	857	1173
MSTRG.4382	1	2	1195	104	818	128	58	516	91	1493	62	0	1751	84	762
MSTRG.4383	0	2	1562	161	6006	69	34	2801	330	19513	0	6	1361	93	8590
MSTRG.4384	13	2	330	236	6055	38	12	242	178	7386	84	10	43	134	7279
MSTRG.4385	1	2	6147	232	82	21	46	2645	154	110	1	0	2728	314	364
MSTRG.4386	4	4	1719	625	45	230	59	876	725	99	126	0	31	605	42
MSTRG.4387	0	552	937	977	3816	80	932	1011	1021	4477	0	631	1279	1143	2781
MSTRG.4388	124	3116	28	3327	7092	509	2264	109	3942	7354	1259	2617	40	1871	9094
MSTRG.4389	3	129	1397	166	1	5	44	993	142	1	10	77	1057	218	3
MSTRG.439	1991	138	74	0	374	1079	16	8	0	293	1076	73	19	0	193
MSTRG.4390	1	46	291	585	42	87	52	69	309	93	0	48	468	643	18
MSTRG.4391	8	87232	1646	608	106	49	155310	1496	854	84	1	92901	1770	583	10
MSTRG.4392	1	2115	0	5	1	89	4238	0	43	1	0	448	0	0	1
MSTRG.4393	755	924	47	619	672	693	2249	123	632	812	533	1227	91	446	691
MSTRG.4394	1238	5194	1692	4261	1537	1162	6851	1178	171	1899	993	1784	2184	2196	487
MSTRG.4395	1705	146	92	0	2303	1352	3	421	0	2491	986	49	148	0	1993
MSTRG.4396	219	448	4346	1133	1315	89	91	1894	1374	1893	132	234	6644	1671	847
MSTRG.4397	114345	378	0	1031	0	135945	483	0	2161	0	61640	214	0	1657	0
MSTRG.4398	63	343	0	117	788	0	1062	0	62	878	0	487	0	112	1395
MSTRG.4399	1817	827	0	12	131	1481	327	0	1	21	37	888	0	26	4
MSTRG.44	11	675	6254	5242	513	2	550	5285	4638	343	96	659	7752	5534	279
MSTRG.440	1814	330	15	1774	61	4817	175	203	2209	25	1131	323	3	901	150
MSTRG.4400	1404	827	0	14	675	2815	652	28	0	773	800	1077	0	81	343
MSTRG.4401	10822	437	11	207	1607	10532	392	13	148	3259	8552	228	74	100	949
MSTRG.4402	102830	1712	713	2478	294	31666	4187	1056	2033	206	90675	2415	145	1992	462
MSTRG.4403	101	478	2937	131	240	163	186	2120	212	226	3	2113	1771	294	243
MSTRG.4404	8	7344	133	3870	2941	12	3144	50	2807	4761	2	1951	383	3512	1869
MSTRG.4405	1	93	2217	5	9548	1	790	1667	1	11055	1	159	1515	5	14267
MSTRG.4406	1	1892	523	5	10252	43	1126	233	1	9274	34	1431	91	3	9021
MSTRG.4407	3	558	66	1	346	2	355	2	9	388	558	927	0	1	460
MSTRG.4408	240	3716	886	280	58	287	3104	891	297	46	171	3256	813	755	295
MSTRG.4409	1	275	0	8	1548	1	254	0	43	1068	1	69	0	8	2156
MSTRG.441	399	4031	918	423	75	182	3978	1244	137	73	218	2757	883	307	108
MSTRG.4410	10914	183	7	12	304	8038	285	44	20	189	1685	214	6	60	287
MSTRG.4411	63	96	99	768	3	0	62	239	1060	0	58	320	30	373	35
MSTRG.4412	626	3924	568	1356	1403	169	2432	630	12785	1263	324	2739	621	688	845
MSTRG.4413	1295	3356	108	2559	420	2465	4902	179	10781	693	357	4642	103	2303	624
MSTRG.4414	1391	5935	278	18962	1231	557	1908	261	8734	977	1127	2212	446	3887	590
MSTRG.4415	460	11533	538	269	92	357	10327	470	183	61	741	12211	464	249	123
MSTRG.4416	651	0	3393	1144	39253	320	130	4406	1651	25170	218	0	2935	996	13878
MSTRG.4417	1987	713	7546	1210	508	2883	2613	13305	821	144	1320	683	7665	1909	2501
MSTRG.4418	535	2543	145	0	114	204	4594	1501	0	97	1157	2147	0	0	209
MSTRG.4419	9555	2012	3383	0	317	3017	2651	2594	0	190	1106	1669	3234	0	398
MSTRG.442	5439	0	1592	86	791	3642	44	3305	831	872	1414	0	1117	97	520
MSTRG.4420	169	2282	0	0	83	610	1282	243	0	42	144	696	91	0	66
MSTRG.4421	1567	669	196	19	0	999	424	78	29	0	964	650	47	1	0
MSTRG.4422	666	122	0	0	345	396	64	7	0	344	819	168	0	0	344
MSTRG.4423	3297	53	357	14	0	2750	26	4735	120	0	1746	47	720	82	15
MSTRG.4424	327	76	22143	11	1767	242	45	13156	43	2257	56	97	19857	12	3148
MSTRG.4425	230	214	1	13	271	243	143	21	50	309	154	307	18	6	300
MSTRG.4426	134	1258	16	182	12679	89	1362	4	262	15663	688	1335	53	268	4746
MSTRG.4427	5278	219	69	724	1002	2900	134	13	229	1162	2547	117	5	72	1025
MSTRG.4428	3922	26	238	2	1480	4586	74	292	3	1939	3439	246	234	1	1159
MSTRG.4429	16	388	133	0	0	1	306	235	1	618	44	707	184	0	0
MSTRG.443	118	162	286	642	147	936	2287	211	308	201	35	228	254	517	329
MSTRG.4430	408	380	193	0	3129	338	1297	41	4	8492	682	936	8	33	411
MSTRG.4431	464	9	364	3558	534	845	15	247	2620	245	494	12	368	2489	191
MSTRG.4432	24	9752	4788	8801	0	8	4242	3668	34420	0	15	5474	4140	6355	0
MSTRG.4433	11307	127	5040	6226	2887	4286	110	6262	4479	2726	3145	259	6188	4140	1077
MSTRG.4434	170	343	292	3384	956	93	893	92	1414	1112	202	353	155	3121	1052
MSTRG.4435	484	60	1087	414	16567	894	29	3573	295	28272	255	29	1508	398	11799
MSTRG.4436	77	243	140	0	3749	89	129	25	0	7819	61	134	1	0	2660
MSTRG.4437	176	311	11	309	114	172	812	76	261	91	67	301	35	680	76
MSTRG.4438	7106	1632	12	10	1109	2583	2391	6	48	1106	2004	2499	128	47	785
MSTRG.4439	14566	715	30	365	5648	12785	1055	12	808	3288	11784	1202	67	722	6159
MSTRG.444	2202	0	5856	596	1516	10324	0	2951	628	940	3067	52	3630	563	991
MSTRG.4440	523	11408	291	163	114	159	10251	210	273	146	171	10196	420	235	244
MSTRG.4441	1	129	0	19	33	26	143	50	57	41	5	0	5	11	0
MSTRG.4442	815	7	379	12026	989	2472	29	390	9057	740	225	14	514	7872	820
MSTRG.4443	3795	2156	19	36	1480	4377	1722	20	8	2503	1809	1951	2	57	1129
MSTRG.4444	2784	2	3	32	203	1967	2277	41	18	381	381	1	49	13	266
MSTRG.4445	2087	961	1203	9035	999	1176	754	717	8237	1577	145	1522	979	8123	753
MSTRG.4446	1014	1779	345	4472	1730	132	2844	243	4073	2212	256	1746	221	2932	1715
MSTRG.4447	99	234	2923	62	489	67	90	3423	627	394	120	146	2750	83	694
MSTRG.4448	34	6178	10958	0	674	63	3860	24663	0	564	65	2154	9199	0	605
MSTRG.4449	82	1647	7949	183	821	57	1300	7267	110	1081	20	132	11695	22	442
MSTRG.445	10	2684	24	2993	1345	9	10337	1048	6348	1286	35	10588	65	4487	601
MSTRG.4450	128	894	101	0	1153	80	1317	126	0	1084	87	1597	247	0	1063
MSTRG.4451	2	1340	38	76	350	0	1330	111	50	420	1	1313	16	56	539
MSTRG.4452	1171	21	1760	381	32	1173	38	1476	499	65	1012	89	972	335	46
MSTRG.4453	310	258	0	697	1173	63	123	1	806	376	69	164	0	606	996
MSTRG.4454	241	1352	2441	3439	944	107	1369	3927	1275	1476	159	1717	1632	1679	1055
MSTRG.4455	72	0	13698	2305	6895	244	0	24326	2790	930	149	0	10976	2365	2172
MSTRG.4456	656	78	4009	483	192	1125	56	4847	740	676	280	200	4052	228	61
MSTRG.4457	3082	1274	135	2447	0	2089	662	140	1141	0	2712	2435	98	1300	0
MSTRG.4458	684	113	27	47	235	1286	227	31	475	0	1108	122	136	720	886
MSTRG.4459	11668	2709	33	4	465	5968	2605	59	126	0	7435	2191	126	19	702
MSTRG.446	46	106	0	73	85	24	29	0	541	149	64	61	34	409	153
MSTRG.4460	421	0	1788	1518	1413	412	0	2088	196	681	171	0	1467	1570	313
MSTRG.4461	51	0	0	517	11248	84	0	0	80	24407	15	0	0	208	10709
MSTRG.4462	209	0	973	259	1340	243	0	1835	250	12413	10	0	1819	106	2392
MSTRG.4463	2111	12	371	24	5858	1760	16	41	0	6790	1443	95	14	0	4505
MSTRG.4464	0	662	493	4175	208	2284	1406	429	5139	517	0	72	388	5399	214
MSTRG.4465	1813	2117	3345	312	659	879	2356	1716	205	857	1332	2761	1334	222	645
MSTRG.4466	2103	1466	441	1443	174	2637	4082	156	1656	190	1563	3018	479	1187	220
MSTRG.4467	4	127	327	10	141	16	30	252	400	176	47	71	229	4	94
MSTRG.4468	367	102	3259	1069	8	71	19	4616	2957	19	259	115	3311	1630	0
MSTRG.4469	5897	667	2521	335	223	5376	994	1049	264	193	821	985	4624	481	203
MSTRG.447	8165	6405	4824	1526	2376	3800	3372	2596	1112	1717	3211	3676	8590	839	19033
MSTRG.4470	1294	0	13166	3	437	1147	0	8744	10	211	81	0	9793	57	616
MSTRG.4471	1323	10	1	3134	396	1184	43	9	2911	436	1278	6	34	3669	401
MSTRG.4472	2550	476	431	3453	977	1160	686	779	3556	896	1082	558	674	3489	781
MSTRG.4473	235	164	51	5926	3137	136	171	48	1512	3341	167	193	288	6625	1694
MSTRG.4474	1467	0	1887	1521	67	1186	0	899	6154	223	1253	0	2957	851	130
MSTRG.4475	0	401	561	1883	385	0	581	644	2325	170	0	445	520	1495	373
MSTRG.4476	29	7918	0	2376	737	14	9348	2	2615	601	2	10060	64	2419	508
MSTRG.4477	11	102434	4324	791	617	4	69201	1717	872	865	32	185460	3254	550	564
MSTRG.4478	0	493	88	1807	22	0	653	85	3793	70	0	221	67	2485	9
MSTRG.4479	0	1	43190	1369	2579	0	1	17132	3106	982	0	1	23817	1457	2382
MSTRG.448	6616	3882	63	6039	22	4742	4132	31	19607	341	5013	3191	41	4640	60
MSTRG.4480	15	9	931	382	1128	7	88	107	192	1481	68	140	3426	141	1279
MSTRG.4481	670	5	104	969	0	1113	0	122	414	228	117	667	69	194	11
MSTRG.4482	2665	169	302	511	124	2319	411	207	1522	170	2253	294	471	570	178
MSTRG.4483	1097	1	125	7	970	2083	1	55	20	1941	1265	1	91	10	759
MSTRG.4484	50	417	0	534	157	205	3072	0	51	76	2	1365	0	490	147
MSTRG.4485	81	22290	283	321	15	7	13531	308	300	0	92	17038	380	265	51
MSTRG.4486	23	6	2151	367	59	0	20	1736	731	48	2	2	3432	234	61
MSTRG.4487	167	29	71	1765	1739	7	8	82	1187	2311	0	47	150	745	1416
MSTRG.4488	766	13	220	511	150	1181	16	180	401	166	486	4	210	271	242
MSTRG.4489	0	418	24158	237	3326	0	274	13266	210	3252	0	199	7955	144	3125
MSTRG.449	637	873	5074	82	154	811	578	2124	74	170	586	956	3295	96	1687
MSTRG.4490	20	58	1131	302	2	47	6	1488	135	1	1	60	1279	181	2
MSTRG.4491	554	714	2082	524	1	584	381	1344	234	2	368	418	1999	1086	1
MSTRG.4492	175	17	0	623	14	187	30	656	1343	6	94	56	0	47	6
MSTRG.4493	270	487	3232	210	1	115	272	10695	433	3	200	458	353	280	1
MSTRG.4494	660	3132	330	664	369	462	4058	121	522	342	330	3094	1	531	908
MSTRG.4495	1537	5892	568	4953	454	1221	6042	396	4748	461	1712	6833	147	4414	584
MSTRG.4496	140	225	0	373	1620	300	57	0	343	10121	92	127	0	141	747
MSTRG.4497	3177	1471	698	0	3031	1671	2767	6003	0	9986	4298	1209	84	0	2639
MSTRG.4498	0	3	2948	3	16737	0	14	570	168	10095	0	42	1538	178	4979
