gene_id	B100	B105	B110	B135	B175	B200	B205	B210	B235	B275	B300	B305	B310	B335	B375
MSTRG.10899	10264	699	14794	4335	0	11446	1122	1178	4893	49	8186	643	7466	2273	9
MSTRG.109	222	68	8039	92	239	170	49	8346	136	134	205	101	7680	59	247
MSTRG.1090	8152	684	25	483	1	711	238	4	579	273	22	244	113	569	2
MSTRG.10900	8110	7051	3120	0	2	6154	5454	1058	0	47	6243	7927	1709	0	2
MSTRG.10901	95	18176	6680	4	0	235	17454	12724	134	0	118	18831	7428	16	0
MSTRG.10902	529	32	10490	190	168	1593	152	12637	313	175	217	8	9129	129	1561
MSTRG.10903	1	1992	3	0	438	1	2604	305	0	2761	1	1408	3	0	315
MSTRG.10904	368	865	0	90	2498	250	757	69	349	2422	336	1134	4	1110	1980
MSTRG.10905	10	185	12	1338	49	59	51	517	3642	195	0	371	935	1193	266
MSTRG.10906	10	4131	80	553	32	38	4543	23	434	91	34	5165	5	720	45
MSTRG.10907	61	5353	22348	14	1369	4	6014	15030	157	3348	74	8145	4201	20	438
MSTRG.10908	119	111	5494	0	174	0	243	3599	0	114	3	172	1366	0	253
MSTRG.10909	284	609	578	3689	649	438	3125	384	2671	258	330	1108	285	1734	422
MSTRG.1091	6233	1413	309	9001	46	865	2835	425	8365	666	36	3097	365	11349	12
MSTRG.10910	94	361	65	874	80	118	677	184	752	229	487	841	57	600	52
MSTRG.10911	3	260	1046	110	565	0	439	1308	27	1117	1	579	1785	26	400
MSTRG.10912	268	776	887	1231	953	270	111	531	1322	470	283	240	488	494	876
MSTRG.10913	32	102	1428	9493	1623	0	534	689	9795	5034	2	115	922	5268	6518
MSTRG.10914	9549	3582	0	1	49	6430	4490	32	1	190	5885	5147	1	1	43
MSTRG.10915	1458	3	0	2605	80	1064	1	35	6145	119	1115	8	1	2095	74
MSTRG.10916	0	84	1030	92	128	0	91	262	260	311	0	145	474	68	93
MSTRG.10917	106	501	3635	3555	390	15	267	3537	5636	587	33	471	4125	2772	158
MSTRG.10918	160	1186	251	3935	154	7	712	187	2246	153	10	405	438	2616	34
MSTRG.10919	0	747	0	0	723	0	1181	0	0	339	0	99	0	0	313
MSTRG.1092	316	196	3	17	17	171	199	443	11	38	208	335	3	39	132
MSTRG.10920	208	2	0	1882	13	182	0	400	92	56	285	119	0	318	82
MSTRG.10921	3388	198	477	4	833	2681	249	681	2	1048	2592	193	480	38	941
MSTRG.10922	0	166	3365	73	132	0	430	1248	60	122	0	334	2096	96	179
MSTRG.10923	1139	268	1682	112	0	429	427	1358	186	0	518	271	1469	170	0
MSTRG.10924	1056	2	74	42	0	803	75	196	22	0	1145	95	80	66	0
MSTRG.10925	79	1899	44	9	12	35	1373	250	563	251	635	1920	53	14	24
MSTRG.10926	965	259	227	288	2675	458	728	139	373	5809	195	542	260	229	3584
MSTRG.10927	1	183	11	2240	166	16	424	0	2743	237	57	223	88	1864	349
MSTRG.10928	386	0	0	269	285	35	4	0	108	400	175	3	0	109	357
MSTRG.10929	948	9393	20200	123	577	785	10133	3719	421	543	1734	9250	21227	185	498
MSTRG.1093	382	74	2	0	292	280	19	429	81	295	134	0	3	1	325
MSTRG.10930	254	1621	1	1675	18	218	1474	1	638	34	285	2260	3	2741	53
MSTRG.10931	104	389	474	61	12563	50	341	145	113	11076	71	305	295	18	4559
MSTRG.10932	47	625	4035	870	12267	13	285	3489	558	17799	16	209	3568	366	7211
MSTRG.10933	55	0	224	0	1	82	14	66	0	3	39	0	387	0	1
MSTRG.10934	67	4462	0	4519	74	165	9140	0	4301	115	53	4723	0	3092	4
MSTRG.10935	16109	0	730	1429	795	16865	0	603	471	1037	4406	0	108	879	895
MSTRG.10936	5865	13	456	0	6	6097	10	249	0	10	1615	30	1168	0	3
MSTRG.10937	4355	0	98	1589	1	2156	0	19	1914	2	1154	0	118	1447	1
MSTRG.10938	1580	0	578	1	6585	514	0	338	1	8549	1521	0	605	5	2761
MSTRG.10939	0	593	129	125	3844	0	1026	238	28	10170	0	611	118	124	4758
MSTRG.1094	1522	1254	3	11	231	874	987	443	39	476	1189	1169	3	1	367
MSTRG.10940	714	7959	247	107	155	1400	9434	661	49	27	657	4102	425	75	105
MSTRG.10941	1079	0	8	6982	306	726	0	51	2612	2191	609	0	30	1096	118
MSTRG.10942	131	699	135	415	26	94	500	395	584	2	9	576	155	472	18
MSTRG.10943	1853	4378	312	1992	0	2040	3903	518	4111	4	1185	4144	376	1555	23
MSTRG.10944	21	483	19	2	1	364	728	617	2	1	243	890	213	19	1
MSTRG.10945	2386	74	484	4456	0	1599	53	181	7184	1	1796	71	652	2993	10
MSTRG.10946	1493	475	1580	2385	1	1896	461	655	1988	4	1725	440	657	2178	1
MSTRG.10947	3424	248	870	24	16	12790	218	678	23	28	14	272	967	26	32
MSTRG.10948	0	3604	29	1948	846	0	4279	477	779	635	0	2895	0	1208	6897
MSTRG.10949	7289	730	0	0	237	6932	985	0	0	344	4914	297	0	0	1736
MSTRG.1095	8323	3279	2	6497	1	6818	5815	410	5514	2	3828	2651	9	2933	14
MSTRG.10950	169	2352	89	6054	0	179	3131	108	2883	0	154	3505	11	4209	0
MSTRG.10951	921	194	0	807	1021	719	414	0	606	1854	339	383	0	2647	749
MSTRG.10952	1805	6693	2972	437	0	1562	5337	1154	892	0	1748	7984	466	1067	0
MSTRG.10953	192	268	10837	3466	253	34	146	5078	6764	641	127	35	2019	4953	343
MSTRG.10954	1680	11623	1526	1580	565	667	12875	795	3447	400	2074	9102	304	1669	1178
MSTRG.10955	493	1518	109	541	0	733	1042	174	520	0	478	1899	189	320	0
MSTRG.10956	373	1237	438	1603	0	290	1382	462	749	0	348	1026	70	3251	0
MSTRG.10957	56	21671	8	543	560	101	21254	198	99	61	28	18178	14	632	802
MSTRG.10958	1172	588	2054	1462	3	1128	967	1188	964	0	807	567	349	1259	5
MSTRG.10959	287	228	6845	16	2591	142	165	4553	34	3140	316	132	1422	54	2092
MSTRG.1096	13310	86	49	80	2089	10497	95	913	28	3505	10777	78	11	0	2560
MSTRG.10960	0	2123	9627	2007	2600	0	1185	12518	3588	3415	0	2108	7097	1991	2381
MSTRG.10961	3327	2088	1889	1112	4990	3384	1196	1848	406	5393	1546	2556	1738	906	3914
MSTRG.10962	207	21	754	6815	401	170	103	525	1897	698	229	188	1438	1385	635
MSTRG.10963	0	1174	17	29914	698	0	2305	26	1623	522	0	925	123	17693	411
MSTRG.10964	2467	63	0	179	9	1077	90	1	268	51	1384	97	1	412	4
MSTRG.10965	5383	304	16	9	0	3733	129	322	76	0	2589	101	0	2	0
MSTRG.10966	847	419	28	16511	2258	423	464	2	12787	1583	558	395	0	5818	544
MSTRG.10967	173	6	3073	1842	26	124	3	1822	1934	32	178	1	553	2505	50
MSTRG.10968	50	809	555	1666	296	117	513	354	2247	895	60	470	67	578	207
MSTRG.10969	59	859	0	684	87	2	1818	0	691	124	7	863	0	1245	115
MSTRG.1097	1010	17	37	4551	1303	1190	8	83	6985	1859	541	37	82	1877	1620
MSTRG.10970	358	46314	544	17	54	368	29999	752	26	127	532	19819	236	26	48
MSTRG.10971	136	1493	875	541	25	51	1648	825	200	6	48	1368	1134	518	0
MSTRG.10972	66	114	0	578	726	26	163	0	816	499	96	11	0	749	654
MSTRG.10973	696	76	2224	21	655	690	118	2276	71	1420	629	30	2724	10	429
MSTRG.10974	33	501	1623	2	248	3	33	1335	11	455	12	33	2021	2	398
MSTRG.10975	121	1344	334	411	4864	80	2103	135	185	8429	36	598	346	93	2159
MSTRG.10976	413	3859	16	14169	1112	217	506	8	1811	1595	525	395	58	4312	618
MSTRG.10977	1159	155	0	812	0	793	53	0	1286	0	338	78	0	890	0
MSTRG.10978	7249	102	2033	180	240	6729	14	506	210	414	5240	26	2044	209	153
MSTRG.10979	23072	956	0	446	563	20634	2216	0	885	358	5692	688	0	553	304
MSTRG.1098	0	18	397	317	390	0	224	585	116	261	14	290	313	461	621
MSTRG.10980	0	1579	122	800	51	0	5158	66	1529	48	0	1766	8	914	20
MSTRG.10981	2	13	1422	1031	415	162	81	1222	2608	274	0	43	1068	768	402
MSTRG.10982	750	433	3857	8690	131	1297	7036	4363	6819	478	190	1536	5360	8056	416
MSTRG.10983	85	25	614	93	0	3	60	189	113	0	6	8	270	139	0
MSTRG.10984	7524	1979	3320	537	333	7476	1809	1238	730	453	1953	2482	3581	339	461
MSTRG.10985	2447	1639	0	284	1556	2505	1564	42	148	1826	646	1283	3	129	1833
MSTRG.10986	3586	1791	61	1107	0	3664	1735	14	62	0	864	1200	55	1441	0
MSTRG.10987	787	2466	321	50	383	977	1785	148	13	341	202	2220	490	81	184
MSTRG.10988	40	628	132	19	414	122	229	424	31	342	7	1186	864	45	597
MSTRG.10989	65	2788	2180	349	1163	62	2699	2054	293	411	15	1857	1387	214	847
MSTRG.1099	15355	4226	254	17	998	6211	4860	673	33	2483	15739	5880	566	76	255
MSTRG.10990	952	2169	1159	139	532	847	3400	227	208	402	548	1432	1164	126	3879
MSTRG.10991	8837	933	0	268	2402	5897	1115	0	855	1634	7230	302	0	303	18006
MSTRG.10992	28504	1867	1	741	4859	20243	2568	140	820	9136	14200	2045	3	370	5074
MSTRG.10993	1015	215	0	0	0	789	378	0	0	0	1284	178	0	0	0
MSTRG.10994	4776	136	3	997	1716	3915	164	1	1238	1365	4466	117	30	1047	1301
MSTRG.10995	7886	846	682	103	2	7418	1481	390	79	2	5502	645	763	33	1
MSTRG.10996	57	14432	1934	26	320	59	7401	1103	23	371	13	3305	1055	43	389
MSTRG.10997	2411	1629	0	799	13001	3931	1882	0	756	9078	1122	1844	0	1018	9635
MSTRG.10998	834	158	368	76	1707	580	172	430	7	3499	521	0	382	21	1120
MSTRG.10999	478	2875	1	1711	0	315	822	35	319	0	294	2940	1	524	0
MSTRG.11	58	16	80	824	3509	65	4	29	964	4377	6	21	13	359	3606
MSTRG.110	4413	3854	651	129	99	2259	2214	646	285	39	6187	5699	1166	267	122
MSTRG.1100	3	19	2	36	611	27	10	7	22	840	0	147	5	50	549
MSTRG.11000	1554	203	547	1998	4702	62	178	250	84	6535	770	49	735	1420	5090
MSTRG.11001	6556	0	3	0	7394	5788	0	74	0	3048	7041	0	18	0	8293
MSTRG.11002	151	4222	16	296	37	354	2119	166	188	67	2	3491	78	128	119
MSTRG.11003	132	3339	21	616	88	89	985	6	284	51	79	2594	192	175	52
MSTRG.11004	442	17129	1840	284	5761	278	2558	2605	8	7608	323	9779	1674	0	3146
MSTRG.11005	1098	8563	208	6060	861	613	60176	52	5300	698	233	16292	217	1593	486
MSTRG.11006	1347	7883	1505	179	8492	1247	55563	4820	88	13247	45	13431	1999	22	9076
MSTRG.11007	368	1106	762	2654	1869	171	7206	864	2798	2808	81	2262	584	3612	1865
MSTRG.11008	280	277	11340	132	288	324	2198	274	122	756	305	713	5148	236	670
MSTRG.11009	292	48	9506	0	189	343	157	3648	0	280	118	74	4615	0	334
MSTRG.1101	0	2318	3099	4250	135	11	1431	5250	4422	67	42	2072	2585	3307	1275
MSTRG.11010	6	0	471	840	280	95	27	326	621	169	6	9	386	640	196
MSTRG.11011	29	534	1443	686	282	1	432	1869	1395	291	24	627	2011	803	363
MSTRG.11012	77	1317	972	992	2160	63	1326	425	1643	3263	28	1504	2431	1672	2545
MSTRG.11013	586	1665	41	861	5272	380	980	73	1664	9248	337	1085	74	1328	5842
MSTRG.11014	770	0	347	15	1921	727	23	533	63	2221	713	2	990	11	2123
MSTRG.11015	6171	657	88	1696	3710	4520	413	233	2488	4666	4426	371	822	2381	1757
MSTRG.11016	1139	5941	1807	118	805	1355	3317	1376	194	165	109	5089	2277	111	612
MSTRG.11017	2535	122	44	0	546	3201	57	14	0	150	2488	168	101	0	3827
MSTRG.11018	200	649	126	87	224	446	796	162	28	207	291	683	210	156	291
MSTRG.11019	6611	0	4260	0	1074	4375	0	2881	0	572	8643	0	1417	0	601
MSTRG.1102	44	35	1128	2	51	4	233	406	12	91	45	113	1399	4	210
MSTRG.11020	302	117	0	119	2090	137	103	0	350	2207	40	151	0	135	1062
MSTRG.11021	14424	2585	0	7	317	11925	1607	0	23	398	6238	2009	0	111	457
MSTRG.11022	2308	2226	4529	470	253	2359	1700	3119	746	144	836	1497	964	809	228
MSTRG.11023	2102	0	766	292	801	951	0	1125	585	607	1901	0	3141	518	610
MSTRG.11024	1640	54	289	16	4081	1566	125	1136	69	2641	674	103	932	24	1125
MSTRG.11025	25351	43	44	17	126	20021	248	63	72	86	11458	41	34	3	156
MSTRG.11026	511	21	4	109	191	375	70	2	85	270	280	56	85	144	1009
MSTRG.11027	426	296	138	255	534	450	142	128	378	708	258	295	130	349	441
MSTRG.11028	13070	73	1240	516	1611	2307	4	1541	615	1010	3022	533	1107	459	1374
MSTRG.11029	1509	22400	410	28	672	798	5873	184	168	873	1184	28026	53	64	687
MSTRG.1103	218	51	832	460	1343	20	44	90	217	1882	218	68	772	117	1795
MSTRG.11030	59	10	1671	27	833	84	15	1064	24	1335	121	6	434	15	835
MSTRG.11031	0	24	1970	45206	5528	0	61	1157	44489	10508	43	46	439	22565	5021
MSTRG.11032	47	394	4	6631	934	8	183	51	113603	1019	25	213	15	6106	750
MSTRG.11033	206	2554	10	137	591	102	3820	59	44	763	76	3205	11	43	625
MSTRG.11034	361	29	64	0	347	494	22	66	66	779	351	96	145	0	355
MSTRG.11035	887	396	2139	12	8	579	333	1939	27	3	435	651	2324	63	5
MSTRG.11036	1060	413	240	15	3584	1147	317	58	18	50	685	909	191	1	2812
MSTRG.11037	47599	47	467	26	31	35524	30	619	6	207	1944	69	443	22	252
MSTRG.11038	785	0	339	90	1327	708	0	1017	122	1987	849	0	284	123	1958
MSTRG.11039	2232	26	638	0	395	1209	345	352	0	308	1403	120	610	0	753
MSTRG.1104	26042	435	511	1106	4807	2651	497	11580	1051	5217	4814	447	523	576	1911
MSTRG.11040	64	312	1488	1089	9	46	430	792	837	329	58	381	966	256	15
MSTRG.11041	170	273	353	208	506	130	312	317	4	830	61	186	261	0	666
MSTRG.11042	82	33	576	377	158	6	8	16	308	110	1	22	160	363	217
MSTRG.11043	7	146	502	1224	2132	69	621	1163	2262	3422	1	435	703	2357	2673
MSTRG.11044	101	17	470	737	0	144	504	4125	1208	0	14	185	444	362	0
MSTRG.11045	84	638	1641	1329	361	143	234	1285	656	303	20	502	1646	912	792
MSTRG.11046	743	135	18	590	0	71	180	414	156	0	237	90	25	232	0
MSTRG.11047	1276	554	3134	224	63	2237	283	2681	132	226	268	258	3158	135	946
MSTRG.11048	794	105	66	51	227	488	44	159	36	1022	550	248	460	62	301
MSTRG.11049	62	29	747	8896	751	10	443	486	3277	342	27	3	632	4331	1065
MSTRG.1105	20	540	748	117	122	7	159	1169	33	206	17	192	465	229	71
MSTRG.11050	109	0	899	0	3	27	0	539	0	2	20	0	1165	0	0
MSTRG.11051	729	25	148	46	0	1256	19	312	336	0	244	65	224	64	0
MSTRG.11052	2434	0	8923	579	4106	3177	2	5744	34	2392	1099	37	1928	263	2433
MSTRG.11053	233	5	3	146	667	10267	34	75	89	303	686	12	8	143	116
MSTRG.11054	110	1360	1	1198	62	271	7412	40	959	39	5	2400	3	1104	36
MSTRG.11055	1982	5652	2	369	1106	1721	31416	53	356	778	2182	10313	1	356	721
MSTRG.11056	2401	946	0	0	6462	1470	5929	0	0	8434	1143	1623	0	0	3473
MSTRG.11057	2801	38	630	2306	2073	1882	275	394	2623	3315	956	56	301	4630	1624
MSTRG.11058	3387	221	4	1877	85	1529	1528	96	1191	151	2350	405	0	942	99
MSTRG.11059	1049	10	213	296	62	204	182	994	229	271	1246	0	227	439	151
MSTRG.1106	1	2	189	541	1743	23	182	95	576	2315	0	6	791	504	1224
MSTRG.11060	2642	1260	2933	1747	2806	3147	7816	1813	2734	5343	1205	1645	3152	1478	2350
MSTRG.11061	1381	4437	197	261	1410	1711	29254	294	896	1718	563	7807	490	576	2083
MSTRG.11062	140	639	1025	37	0	55	4449	3696	119	0	98	1197	1192	68	0
MSTRG.11063	2301	1220	57	647	1598	1340	7428	19	1653	89	1429	1504	9	1324	514
MSTRG.11064	243	97	210	8103	3	893	582	106	6379	36	393	158	233	2840	5
MSTRG.11065	46	280	752	32	80	243	2141	563	75	56	176	485	991	61	168
MSTRG.11066	246	888	779	764	42	7	776	1035	816	0	2	533	528	767	110
MSTRG.11067	12046	90	981	117	50	8622	0	824	137	149	9397	8	1230	176	57
MSTRG.11068	1662	124	1832	356	8	695	59	7694	1401	317	2090	44	9517	388	8
MSTRG.11069	373	752	7	509	283	256	1033	63	1234	231	240	1463	32	766	243
MSTRG.1107	25	2	79	808	18	49	176	172	248	45	35	6	368	1714	35
MSTRG.11070	644	1555	102	6144	1947	136	1940	122	4717	2253	460	1527	51	1877	1839
MSTRG.11071	15871	1352	119	2155	205	18120	2707	241	2657	97	5747	2347	84	1836	99
MSTRG.11072	0	0	763	672	82	0	0	641	939	306	0	0	413	661	256
MSTRG.11073	28	2928	841	461	1266	26	991	217	893	806	78	2216	452	714	1432
MSTRG.11074	0	0	39	68	56	0	0	99	0	102	0	0	49	0	28
MSTRG.11075	0	69	1053	433	638	0	39	1294	531	435	0	20	1258	476	367
MSTRG.11076	905	880	1775	176	0	1215	1192	1131	248	0	370	611	836	279	0
MSTRG.11077	7706	4450	0	0	32	9252	3404	0	189	36	1515	3683	0	222	63
MSTRG.11078	0	795	0	517	3581	0	236	0	1688	4366	0	345	0	2451	3053
MSTRG.11079	5	3321	20	0	189	33	2011	716	0	163	1	3631	33	0	125
MSTRG.1108	27	3	1603	3824	17325	27	195	1418	3976	24529	32	8	1847	1689	4580
MSTRG.11080	6574	30	2789	1414	1197	4526	168	3029	1905	767	3838	22	5118	1444	1217
MSTRG.11081	1866	78	1319	253	0	1503	8	1052	453	0	1472	77	2046	437	0
MSTRG.11082	141	410	7	204	1987	124	154	8	1176	1642	51	352	11	713	1434
MSTRG.11083	1259	42	545	3646	92	961	516	297	3272	35	327	691	805	2196	121
MSTRG.11084	14011	2182	408	13712	3	7152	1602	324	12166	2	1881	590	342	7951	1
MSTRG.11085	1970	939	15475	46	144	680	946	8576	49	40	655	882	8179	25	94
MSTRG.11086	1977	2	11394	461	5445	1974	177	19949	72	2812	1449	247	9849	386	1316
MSTRG.11087	499	0	1	2484	44	92	0	1	2041	4	0	0	1	2029	18
MSTRG.11088	185	2	1321	3	362	127	18	1284	44	594	14	1	1030	5	304
MSTRG.11089	1675	775	55	5385	1772	1044	635	59	6668	3739	294	1041	15	5577	1316
MSTRG.1109	1	0	5392	645	7623	3	228	3268	18565	53628	2	14	4033	425	9984
MSTRG.11090	1547	2117	4	1440	4555	1019	1549	16	946	5854	158	1097	3	1054	2749
MSTRG.11091	2798	11264	1	111	1674	2259	14253	2	9	2040	2668	8174	1	154	1523
MSTRG.11092	264	2194	9190	977	2767	264	2395	6287	3419	930	129	2200	4233	1466	1065
MSTRG.11093	4485	695	5236	14371	0	2987	356	10994	15942	0	2990	1218	5759	7608	0
MSTRG.11094	0	32	147	2060	64	0	15	24	1759	36	0	113	141	588	36
MSTRG.11095	3799	27	301	0	1161	975	171	2845	0	1346	2448	0	118	0	1289
MSTRG.11096	22066	0	6	281	3288	2579	0	6	0	1990	11327	0	15	0	2565
MSTRG.11097	12912	272	3095	262	1183	13532	562	1898	1143	597	3336	377	724	122	1052
MSTRG.11098	42279	659	662	4905	369	46037	294	393	0	856	11783	849	192	0	965
MSTRG.11099	865	45	76	36	3171	1298	61	106	71	6183	282	87	106	22	4423
MSTRG.111	112	200	130	142	83	39	129	20	28	14	51	85	85	75	0
MSTRG.1110	408	81	231	381	56	462	483	153	518	41	293	38	167	288	62
MSTRG.11100	116	26	1510	0	6	127	14	1674	0	0	70	243	1818	0	33
MSTRG.11101	1771	1624	302	53	1389	1651	2426	186	58	2825	916	1110	336	73	1722
MSTRG.11102	1909	301	0	259	496	933	59	0	495	528	1054	197	0	287	354
MSTRG.11103	2263	1295	685	596	1082	662	4933	475	967	1057	1610	2372	1150	532	2350
MSTRG.11104	642	664	0	434	494	321	533	0	744	133	233	683	0	698	947
MSTRG.11105	5650	7755	0	147	1246	4798	1946	0	31	835	4753	1683	0	182	1476
MSTRG.11106	95	6023	746	20	14	53	4227	119	1	11	104	4242	643	76	22
MSTRG.11107	235	568	0	71	2054	150	352	0	97	3217	375	615	35	118	2524
MSTRG.11108	193	2031	1569	284	994	53	2101	723	30	476	136	1726	4130	234	1340
MSTRG.11109	152	1599	1316	135	4176	121	1029	1719	237	2744	136	3026	943	176	3352
MSTRG.1111	21181	29	2699	452	418	21623	219	1998	1312	591	5680	66	2072	676	285
MSTRG.11110	537	54	5550	569	21177	695	199	3791	584	2535	391	114	3860	619	29894
MSTRG.11111	2690	418	218	700	143	1153	410	423	578	241	3090	555	498	1031	376
MSTRG.11112	2391	56	41	3049	54	1642	200	40	5622	97	1260	440	63	1181	191
MSTRG.11113	103	2129	191	1366	9	196	1179	167	1490	84	96	1968	88	705	0
MSTRG.11114	49	83	1105	24	16864	53	29	405	70	11406	37	195	604	41	9039
MSTRG.11115	62	1563	7	106	1351	44	9641	30	113	1691	25	3300	6	44	3444
MSTRG.11116	205	873	0	7061	1227	128	6268	0	11349	1911	191	1616	0	579	819
MSTRG.11117	124	0	1753	3486	504	236	0	532	3154	430	330	0	801	1685	1277
MSTRG.11118	26088	2895	271	295	8	7859	19859	1064	637	29	25677	5235	225	420	17
MSTRG.11119	8	167	188	887	333	19	1361	55	1037	229	30	357	203	970	668
MSTRG.1112	18103	334	7351	1523	1858	14401	625	8217	1481	3340	8760	374	4897	1707	1594
MSTRG.11120	291	1100	35	157	594	135	6948	4	285	625	152	2140	5	185	710
MSTRG.11121	52	1188	1080	539	462	14	7908	414	399	94	89	2240	700	408	110
MSTRG.11122	0	8	513	640	10271	0	44	1592	460	2023	0	13	480	562	6320
MSTRG.11123	458	51	189	53904	1245	371	40	271	28563	767	404	55	117	30296	637
MSTRG.11124	531	1911	37	1855	178	274	2337	10	1734	161	799	2073	84	1712	243
MSTRG.11125	90	347	20	547	328	60	184	107	566	1040	73	168	27	213	435
MSTRG.11126	0	724	5700	45	1107	0	1398	5703	37	1270	0	633	7484	192	1138
MSTRG.11127	162	251	1621	3904	361	214	127	816	3444	2751	103	255	1190	2162	892
MSTRG.11128	661	879	0	1143	175	567	1001	0	1405	171	649	594	0	1030	171
MSTRG.11129	164	438	8	3727	5097	373	549	34	4210	4295	180	202	38	2673	8915
MSTRG.1113	1	3674	22684	832	1900	5	7993	14955	123	19084	1	3559	10859	639	2518
MSTRG.11130	371	274	366	2483	378	490	88	550	3966	636	324	136	183	1811	372
MSTRG.11131	2	470	721	719	203	359	46	489	827	165	144	221	415	576	105
MSTRG.11132	739	356	107	9488	1049	245	947	127	54081	1346	364	798	68	21648	485
MSTRG.11133	102	671	516	0	1702	186	1749	166	0	965	59	693	763	0	1637
MSTRG.11134	1996	1178	316	717	60	524	741	393	331	44	519	861	411	485	55
MSTRG.11135	307	26	0	69	433	902	312	0	77	382	968	10	0	76	290
MSTRG.11136	46	3935	422	221	294	589	3054	527	248	897	35	5074	402	340	153
MSTRG.11137	37760	52	2166	0	0	16537	132	1475	0	0	61962	417	2247	0	0
MSTRG.11138	18322	508	191	133	887	18520	351	0	158	1312	4929	468	137	46	1427
MSTRG.11139	16575	1063	474	11320	2	15486	582	327	20877	18	4062	1063	323	9210	4
MSTRG.1114	3297	1	360	47	394	3095	1	522	23521	946	2257	1	425	47	417
MSTRG.11140	34416	423	733	5405	575	27573	216	239	5442	517	27354	260	747	5148	654
MSTRG.11141	8003	4496	1351	1323	158	7911	29784	250	3635	93	2034	7814	1827	3573	164
MSTRG.11142	91	1081	1802	2704	1367	587	7074	1147	1789	449	145	2202	470	655	1122
MSTRG.11143	33	1	8520	879	1740	9	90	5316	989	169	6	8	1774	550	2424
MSTRG.11144	76	1	5703	0	0	295	60	8565	0	0	167	0	6353	0	0
MSTRG.11145	220	0	0	811	120	279	0	0	1044	244	83	0	0	782	36
MSTRG.11146	12397	264	2418	2514	322	12457	1597	1291	1167	457	3309	670	1707	1620	97
MSTRG.11147	8914	8	2	7334	3434	8771	126	1	5870	4805	2290	0	3	3775	2897
MSTRG.11148	951	325	0	0	150	994	769	0	2	122	280	199	0	0	126
MSTRG.11149	78	3181	355	1929	2689	32	2372	356	3674	2348	47	2997	504	1019	3290
MSTRG.1115	5180	1117	1845	1130	10	4139	1503	1451	2581	355	3431	523	1794	1084	130
MSTRG.11150	9	724	13998	19559	143	9	348	6078	24596	120	24	1054	9522	16988	165
MSTRG.11151	41	1575	2179	67521	0	15	2198	1516	22834	4	88	1080	2340	7183	227
MSTRG.11152	169	32	0	25	691	95	55	0	24	967	164	113	0	1	894
MSTRG.11153	1472	172	6497	23	569	347	108	8424	28	1075	1268	203	5718	0	570
MSTRG.11154	16	0	8718	1	1759	30	0	4826	85	2909	11	0	10919	9	2698
MSTRG.11155	119	201	50	1152	460	0	217	124	1898	2885	0	236	152	1474	2201
MSTRG.11156	1	194	126	0	122	22	198	109	0	88	0	232	38	0	157
MSTRG.11157	9	943	7550	2047	0	26	1017	3286	2745	0	13	713	4413	2369	0
MSTRG.11158	9	830	0	746	29	0	736	0	870	344	26	1270	0	760	86
MSTRG.11159	1	1430	11	687	0	1	7813	4	861	0	0	6637	28	850	0
MSTRG.1116	7188	1639	2845	1853	114	1241	256	4179	3196	37	6661	842	2553	1757	99
MSTRG.11160	32	99	3	2598	89	13	181	47	5486	224	45	109	22	3493	236
MSTRG.11161	9	137	11291	280	405	4	249	14930	319	601	0	127	11150	193	688
MSTRG.11162	271	611	2763	470	296	5	751	2418	615	470	5	326	3784	414	365
MSTRG.11163	0	630	680	741	81	228	457	831	1505	39	0	291	1090	847	102
MSTRG.11164	149	15	320	70	823	188	113	578	103	632	11	64	1030	85	6531
MSTRG.11165	45	461	268	507	35	0	804	246	594	139	0	760	334	477	57
MSTRG.11166	0	519	2546	190	33	0	393	2242	750	102	0	498	2951	142	186
MSTRG.11167	4619	2082	2955	1514	16209	4194	1516	3362	229	19699	1358	499	2873	845	14419
MSTRG.11168	19129	0	2115	21	34428	16542	0	3879	4	36510	5096	0	3617	12	5340
MSTRG.11169	3069	0	2204	905	10	2679	0	1938	2482	9	806	0	3009	1501	14
MSTRG.1117	277	645	1720	2431	1306	505	1617	12306	1897	1008	124	1993	2079	2011	1991
MSTRG.11170	93	22	4072	352	29	236	445	5148	493	28	16	55	2664	342	11
MSTRG.11171	749	1603	778	3405	104	837	1830	34	2200	188	194	2539	691	2523	195
MSTRG.11172	0	2039	891	103	158	66	1638	125	49	118	8	2626	3882	70	147
MSTRG.11173	18338	180	335	292	0	18742	1051	132	29	0	4510	1143	297	312	0
MSTRG.11174	6114	201	4031	1264	1293	6239	74	3239	1086	630	1159	125	3204	1000	752
MSTRG.11175	323	650	290	516	114	385	302	159	9	23	76	1030	188	333	0
MSTRG.11176	946	96	980	1325	370	1640	475	373	844	862	250	114	742	528	344
MSTRG.11177	90	920	4423	1671	841	704	818	364	373	1495	420	2872	1018	1352	1334
MSTRG.11178	1100	228	117	610	678	5	610	91	1313	725	66	763	110	993	483
MSTRG.11179	125	66	182	2262	716	19	94	216	2984	802	42	37	1033	2792	523
MSTRG.1118	1479	904	510	405	775	1160	1084	1134	210	22	1016	607	464	78	13
MSTRG.11180	105	0	0	0	383	83	0	0	27	572	114	0	97	1	429
MSTRG.11181	1085	153	616	128	37	1014	151	520	253	82	1298	125	531	176	66
MSTRG.11182	1874	1182	1958	5657	6076	1594	1707	798	2630	3817	934	1021	1772	4141	4434
MSTRG.11183	1911	3	845	725	1	1835	24	794	1205	3	1826	38	860	495	2
MSTRG.11184	209	13740	1030	294	0	17	9169	909	151	0	78	7586	1098	249	0
MSTRG.11185	0	13424	6109	6247	8	0	13170	8390	4612	71	0	9672	6777	5078	15
MSTRG.11186	3991	0	1462	0	33	1171	1	743	0	26	2690	1	717	0	35
MSTRG.11187	0	1672	764	3139	141	0	1309	729	6885	78	0	1250	887	2849	97
MSTRG.11188	80	1	671	2117	85	39	14	265	3389	94	12	0	401	1961	177
MSTRG.11189	1405	47	13	0	724	1127	38	8	0	861	495	17	11	0	717
MSTRG.1119	0	500	19	49	777	110	291	565	32	738	32	1450	96	56	589
MSTRG.11190	8378	21	3949	542	32	4730	11	181	1595	16	2954	3	3895	675	14
MSTRG.11191	780	715	16	26	454	342	4297	69	537	366	189	1291	43	7	410
MSTRG.11192	4308	1141	1662	1575	0	1859	7479	2354	740	0	4202	2261	2294	842	0
MSTRG.11193	2	254	631	164	1667	76	2124	282	140	4174	2	534	675	176	5373
MSTRG.11194	101	40	6	938	1638	18	170	1872	1234	1323	53	37	8	1229	1233
MSTRG.11195	461	32369	634	2348	297	148	4843	1431	302	147	312	20569	937	1252	372
MSTRG.11196	68	467	303	1099	1393	348	302	147	1224	1885	458	244	327	896	2039
MSTRG.11197	1545	457	2885	2151	210	1570	647	3285	955	989	550	466	2052	1268	296
MSTRG.11198	1142	637	0	8490	8	518	281	0	3192	91	744	985	0	1593	76
MSTRG.11199	11	0	761	9208	826	151	0	492	5435	1931	218	0	175	5924	801
MSTRG.112	46	198	65	0	5017	7	229	118	33	4005	6	63	244	5	3133
MSTRG.1120	405	168	124	1795	14	226	224	164	1326	34	79	155	121	785	58
MSTRG.11200	0	0	0	4	5702	6	0	0	23	6780	0	0	0	4	2346
MSTRG.11201	4	630	7	2964	11	30	166	50	1155	6	1	864	5	1527	7
MSTRG.11202	705	21	74	612	66	539	6	370	961	34	869	14	1529	485	408
MSTRG.11203	2211	0	407	291	786	1395	0	1413	306	581	753	26	500	44	6232
MSTRG.11204	0	1950	858	396	115	0	946	347	340	155	0	2381	1288	184	1567
MSTRG.11205	355	2506	33	3094	498	475	3316	439	2303	722	458	2638	38	974	310
MSTRG.11206	775	3	0	245	412	294	127	0	138	1382	1044	84	0	131	321
MSTRG.11207	239	5394	4529	3032	4134	252	4452	927	3846	4099	342	4169	3105	2715	2083
MSTRG.11208	61	326	918	5007	546	10	368	1038	5986	169	207	523	526	3029	327
MSTRG.11209	2217	1	124	2090	2016	1863	12	51	1456	3801	753	71	41	1629	1764
MSTRG.1121	0	94	1527	2022	318	0	214	800	978	400	0	313	2090	1117	536
MSTRG.11210	181	0	1140	2872	373	47	0	519	1792	836	119	0	918	2761	428
MSTRG.11211	1824	958	6868	275	0	4287	649	3672	746	0	1129	707	5801	474	0
MSTRG.11212	810	12	2572	1598	379	1025	49	2231	4440	363	449	1	2655	1688	2977
MSTRG.11213	7226	0	79	450	186	1802	0	205	665	229	618	0	96	356	962
MSTRG.11214	6866	2029	28	593	29	3282	745	110	837	121	1180	464	273	1327	245
MSTRG.11215	922	293	2792	0	556	457	828	3626	686	1625	611	258	3200	1	4296
MSTRG.11216	3897	250	805	375	106	2632	127	496	182	14	2367	248	626	195	127
MSTRG.11217	2074	13	0	1264	1144	1050	28	0	322	2411	3285	21	0	814	1746
MSTRG.11218	41	909	2101	1513	267	100	478	88	704	308	39	731	802	461	337
MSTRG.11219	543	500	53	29	176	387	1930	0	41	1362	472	403	8	31	453
MSTRG.1122	272	2512	1397	437	7659	198	2415	200	1932	17436	312	2766	148	1509	6666
MSTRG.11220	142	79	106	1640	370	230	433	55	1952	572	187	72	117	6550	637
MSTRG.11221	3181	21	9	1524	2584	1317	2	38	1969	2166	1455	33	23	1600	1517
MSTRG.11222	27	7744	87	1320	8358	23	5956	124	1098	11526	178	5898	161	974	5388
MSTRG.11223	0	0	2	5893	44	0	217	706	3976	57	0	211	15	5092	59
MSTRG.11224	113	466	333	1805	272	303	374	385	964	157	30	274	309	2659	381
MSTRG.11225	7896	779	2397	1265	1738	8295	653	2603	961	1153	2330	489	2386	1174	1368
MSTRG.11226	0	9	289	2544	0	0	29	156	2207	0	0	5	88	387	0
MSTRG.11227	0	572	21	1149	3848	0	344	167	1292	5712	0	641	324	238	4467
MSTRG.11228	9498	566	1638	883	128	9511	500	252	6709	102	2572	794	2830	1652	245
MSTRG.11229	29620	0	42	130	1395	72837	0	141	91	1070	12666	0	36	97	1168
MSTRG.1123	84	4344	765	150	1	50	4695	503	227	20	171	1810	847	45	0
MSTRG.11230	5541	240	785	38689	858	4790	910	354	15176	2756	4823	531	415	8137	1129
MSTRG.11231	29	1301	0	7325	12792	12	2321	0	2532	8661	10	1565	0	2582	14681
MSTRG.11232	55	167	4949	785	927	15	0	4391	376	1996	9	164	4117	762	1244
MSTRG.11233	6	398	51	831	0	31	287	13	2425	0	5	285	65	407	0
MSTRG.11234	0	602	286	815	110	2	369	195	1329	0	0	697	79	810	0
MSTRG.11235	9563	1058	1282	145	40	13367	496	983	376	0	2913	743	1448	115	0
MSTRG.11236	2557	1143	0	1819	241	2250	7073	0	2569	1233	1722	2169	0	1046	85
MSTRG.11237	858	5206	3238	9642	1943	500	34406	2898	5271	0	892	9285	1709	6395	0
MSTRG.11238	24	7467	169	6535	107	12	8982	26	1357	64	20	6100	163	2530	53
MSTRG.11239	64	294	9	0	0	318	242	0	0	0	0	100	0	0	0
MSTRG.1124	883	312	61	1207	0	812	343	24	2857	8	442	143	33	350	18
MSTRG.11240	661	2755	97	146	0	658	1580	41	443	0	184	2123	80	86	0
MSTRG.11241	3443	5	3394	542	5	3516	1	731	435	1	823	3	2493	172	6
MSTRG.11242	3926	422	339	806	76	3721	524	653	1245	92	1096	572	509	875	110
MSTRG.11243	14	7062	288	1778	229	32	7151	213	6547	608	9	6714	258	1715	209
MSTRG.11244	2268	1583	50	56	505	2961	1265	67	415	700	2015	2251	74	161	423
MSTRG.11245	512	0	1571	2226	292	620	0	3089	3068	566	1362	0	1163	1284	381
MSTRG.11246	60	5652	4426	5634	113	46	10355	3345	4745	15	40	5244	4464	2068	183
MSTRG.11247	3	8046	2002	516	72	11	5394	1597	28	166	49	9540	2558	90	121
MSTRG.11248	180	42	1998	574	132	161	162	497	583	141	122	147	1009	611	251
MSTRG.11249	1700	44	0	14	145	1483	109	0	57	182	679	70	0	6	189
MSTRG.1125	910	2075	444	3512	4	275	2016	695	3278	45	434	1666	646	3264	1
MSTRG.11250	3	10755	1509	923	542	14	5010	986	646	587	6	2414	1729	948	1158
MSTRG.11251	0	1616	3398	235	485	29	910	1284	658	680	227	572	2829	502	641
MSTRG.11252	2442	11	1651	52	3211	2133	7	660	79	4782	1736	49	1912	177	1214
MSTRG.11253	340	14	531	1365	1015	137	87	709	339	1855	188	17	1366	206	812
MSTRG.11254	749	9946	4830	731	6	1207	13783	8032	5732	59	398	11845	6515	405	13
MSTRG.11255	735	2079	1942	614	85	153	2751	2574	585	154	275	2848	3604	469	53
MSTRG.11256	1183	1206	508	0	5012	668	901	455	0	7217	563	1404	796	0	295
MSTRG.11257	95	362	1717	0	0	29	371	957	0	0	87	688	6301	0	0
MSTRG.11258	557	161	649	583	2266	551	313	78	83	3096	185	230	1123	202	1231
MSTRG.11259	863	906	2155	527	224	52	1684	775	755	427	149	1887	1880	565	167
MSTRG.1126	2326	46	1	19099	1	3297	29	16	9256	52	2449	22	0	2992	0
MSTRG.11260	712	3441	21	0	931	1034	5209	25	161	678	466	3733	40	151	7434
MSTRG.11261	47	2296	2643	1225	0	15	4027	3362	1677	0	45	2517	3043	1618	0
MSTRG.11262	1785	1372	1410	182	186	3189	2213	411	244	191	703	1431	1296	244	1702
MSTRG.11263	196	2906	5724	519	340	130	6350	277	453	404	147	1899	2792	460	450
MSTRG.11264	18383	2	26250	198	373	18512	2	600	137	359	4956	0	25596	209	351
MSTRG.11265	1	522	36	0	36158	39	195	161	0	36977	1	114	34	0	30661
MSTRG.11266	1283	805	15	0	463	1306	502	79	0	361	316	4221	2	0	192
MSTRG.11267	216	349	16976	441	1514	96	244	7605	1364	2893	251	285	15482	174	1761
MSTRG.11268	0	786	1504	164	90	0	262	1123	63	396	0	424	5344	31	301
MSTRG.11269	640	11	1506	1711	269	403	28	1382	598	327	371	6	900	834	116
MSTRG.1127	1588	4317	15440	702	5083	987	4294	40691	351	5770	921	3195	14737	271	3508
MSTRG.11270	916	3720	28	70	3	1097	2444	19	656	43	447	2938	24	9	32
MSTRG.11271	1328	68	656	846	28	671	137	189	231	15	1137	260	868	280	121
MSTRG.11272	1938	186	796	47	3233	6028	292	895	80	3430	4396	239	1302	166	1597
MSTRG.11273	58	714	30	10851	631	131	552	126	11039	1206	33	454	19	18398	603
MSTRG.11274	120	3573	450	1001	2680	149	1533	98	1327	3608	79	648	116	1095	2335
MSTRG.11275	2005	209	9668	3	2094	1235	139	73	10	3432	1878	173	14357	4	1329
MSTRG.11276	60	125	1349	783	599	175	386	989	876	674	55	822	912	602	625
MSTRG.11277	4859	1	234	234	9290	3624	6	162	168	48528	5244	126	324	389	11018
MSTRG.11278	121	71	609	1633	0	18	85	913	1973	0	484	131	567	1387	0
MSTRG.11279	755	2953	1189	244	446	398	1857	1444	168	369	490	2154	1377	139	475
MSTRG.1128	3635	39852	0	155	1	5120	12288	62	44	1	1346	15889	0	85	1
MSTRG.11280	1783	891	402	95	28	774	658	395	158	34	1498	797	494	200	32
MSTRG.11281	283	727	6507	418	45	337	1187	4526	398	520	86	1031	15845	165	53
MSTRG.11282	1118	6412	346	12137	0	909	8135	32	12989	0	256	6270	188	8574	0
MSTRG.11283	694	715	481	2329	146	337	825	434	1248	179	400	412	847	1016	11
MSTRG.11284	32	234	0	579	10220	65	157	2	1774	16650	44	134	1816	951	7237
MSTRG.11285	1314	988	172	7718	1361	2109	1061	20	4579	1572	569	855	63	3452	1036
MSTRG.11286	3128	839	50	2583	5078	2278	670	36	5133	5235	2305	352	67	3140	4051
MSTRG.11287	217	8	332	15819	1397	373	6	340	7562	2804	627	2	345	1594	2511
MSTRG.11288	1793	2970	0	2853	3924	2320	282	7	1957	4486	681	3781	0	1874	2192
MSTRG.11289	10797	2278	923	412	8	12828	2421	1679	176	32	5776	3015	315	147	0
MSTRG.1129	83	72	0	697	107	164	111	63	998	27	72	142	0	1466	12
MSTRG.11290	14907	411	876	1671	635	10780	379	1255	3152	542	9222	623	509	2098	329
MSTRG.11291	21	6	0	3917	0	85	69	0	10050	0	3	23	0	6671	0
MSTRG.11292	9	16	899	695	292	802	160	1653	902	332	1781	23	935	467	200
MSTRG.11293	9	935	814	4321	374	6	1371	524	4537	462	31	1068	1089	3290	321
MSTRG.11294	4123	39	0	433	1382	3825	4	3	625	1757	5330	4	14	344	1222
MSTRG.11295	41	39	1804	487	4573	36	33	238	438	6929	19	55	1051	295	3578
MSTRG.11296	1317	193	2	4431	1258	1287	134	18	5618	2662	1177	283	1	2789	980
MSTRG.11297	192	3415	2002	3292	9039	76	5392	62	2865	15807	78	3518	2801	3479	10492
MSTRG.11298	419	0	0	5286	348	679	0	0	5626	293	261	0	0	2670	752
MSTRG.11299	222	360	118	652	401	219	1690	316	5807	247	138	470	58	457	438
MSTRG.113	13	55	2370	102	81	0	7	1172	61	86	90	80	5639	44	70
MSTRG.1130	43	755	5635	246	6085	239	595	2542	153	4353	252	439	4981	133	3151
MSTRG.11300	0	0	465	4197	606	0	0	331	13868	579	0	0	224	1104	467
MSTRG.11301	0	97	4292	25	2180	0	290	1292	41	2754	0	1199	3355	40	1928
MSTRG.11302	87	2201	228	47	3378	621	2676	32	1866	3087	58	1789	71	79	3738
MSTRG.11303	180	2	1430	800	7081	314	3	3388	5531	11276	483	7	1959	369	7683
MSTRG.11304	551	796	244	580	26	321	468	141	1021	11	311	1108	318	680	21
MSTRG.11305	1830	0	665	13281	237	998	0	1740	1828	200	514	0	1117	7654	291
MSTRG.11306	6274	2891	262	13605	3573	6089	2643	85	5222	4185	1537	1631	292	7895	4481
MSTRG.11307	1297	1260	1357	42	34	1215	697	1602	73	88	258	515	2105	334	275
MSTRG.11308	762	12	1273	123	1499	325	8	2295	0	1432	790	44	1571	53	10890
MSTRG.11309	0	843	10	62	692	0	838	239	12	569	0	464	6	17	5205
MSTRG.1131	5534	1680	4692	378	501	3708	1065	133	329	468	5660	1842	4091	211	566
MSTRG.11310	0	5213	2221	337	1894	0	4070	2710	522	1271	0	3944	3893	467	14472
MSTRG.11311	685	1	134	394	805	39	1	210	261	637	727	1	112	277	5578
MSTRG.11312	0	1943	0	777	912	0	2624	0	1024	625	20	2334	0	682	6831
MSTRG.11313	0	64	230	1879	1943	0	138	131	2244	2853	0	70	385	2190	1520
MSTRG.11314	1168	3268	0	462	709	1419	4586	0	4019	1364	1293	3168	0	583	406
MSTRG.11315	0	4866	87	881	238	0	1922	305	1351	304	0	2981	130	910	163
MSTRG.11316	387	0	29	1	500	565	0	48	6	563	314	0	22	2	388
MSTRG.11317	6044	1598	512	689	536	4196	193	663	437	1355	3484	422	911	545	691
MSTRG.11318	443	0	272	59	38	456	94	368	145	73	485	125	469	17	77
MSTRG.11319	577	93	3098	1103	415	448	108	2028	1119	475	174	129	697	1108	416
MSTRG.1132	2718	4736	431	465	3905	1470	3422	1036	607	5844	2029	3497	375	373	3695
MSTRG.11320	1064	9	27	2129	326	577	8	389	2332	690	453	5	88	1550	210
MSTRG.11321	11	143	126	350	1211	26	143	110	1124	510	2	174	21	605	1162
MSTRG.11322	0	25	22497	270	965	0	6	63705	805	2507	0	7	45705	187	1240
MSTRG.11323	2980	103	33252	58	319	1107	57	30132	63	297	701	88	26992	69	239
MSTRG.11324	436	4	31	487	3154	952	185	27	1485	2188	149	8	7	328	2194
MSTRG.11325	257	217	451	5520	100	142	413	938	2041	36	192	264	383	4114	81
MSTRG.11326	56	2460	15	4603	216	13	2746	45	2173	8	0	2047	14	4428	517
MSTRG.11327	1341	264	108	177	527	446	151	85	3	1032	963	131	261	73	1130
MSTRG.11328	460	25	116	25	703	1454	278	339	4	118	252	233	86	30	948
MSTRG.11329	88	9187	3	344	524	300	6337	34	315	896	54	4600	20	295	392
MSTRG.1133	64	1360	21	456	414	162	14597	15	890	362	85	3026	57	752	115
MSTRG.11330	2053	4650	1	284	1460	1413	6738	5	0	498	1606	4437	98	19	2113
MSTRG.11331	3860	114	16	0	465	3815	40	31	505	1382	2679	72	51	479	368
MSTRG.11332	987	305	57	224	0	286	1649	195	731	0	277	178	44	251	0
MSTRG.11333	35	4	0	12272	2862	39	6	112	18044	2094	10	10	683	7170	22081
MSTRG.11334	7296	808	48	96	5	7412	342	51	359	14	4267	1331	134	172	0
MSTRG.11335	1750	42	0	0	182	1232	201	4	0	163	853	46	2	0	937
MSTRG.11336	0	0	105	2310	11135	0	0	2	2402	7412	0	0	8	773	8957
MSTRG.11337	143	4316	94	0	472	11	5304	148	0	1243	43	4461	247	0	311
MSTRG.11338	268	24	393	150	0	179	15	520	119	0	130	43	446	538	0
MSTRG.11339	392	127	4870	394	3208	336	220	32244	322	6147	341	68	7404	490	3520
MSTRG.1134	102	485	3848	289	1467	20	1099	3569	158	1660	33	479	4437	532	834
MSTRG.11340	970	1247	2278	5376	3156	460	2429	1650	4156	1801	416	1606	1321	5889	2393
MSTRG.11341	505	0	0	461	0	458	0	1689	807	0	876	0	0	490	0
MSTRG.11342	3738	51	8	1972	340	3725	3808	154	3085	1495	897	1476	14	1874	59
MSTRG.11343	17372	38	41	3447	16	17261	41	98	5145	325	4572	18	270	3840	6
MSTRG.11344	0	577	190	11555	1079	0	86	231	9809	791	9	138	218	6822	1323
MSTRG.11345	380	257	241	13	94	382	126	429	22	197	371	91	177	9	388
MSTRG.11346	1060	2518	1228	2955	691	1713	1130	279	7982	1328	891	1012	1232	1732	648
MSTRG.11347	149	407	7929	6615	1181	56	681	692	8580	519	108	423	2566	3251	2615
MSTRG.11348	575	1640	540	454	843	278	2901	822	414	1055	150	1503	611	462	948
MSTRG.11349	1045	1944	1213	130	1394	432	4231	1838	153	708	535	2619	1896	126	1094
MSTRG.1135	399	28	1	1412	743	267	638	17	858	373	284	184	5	553	1064
MSTRG.11350	852	350	743	82	10084	470	657	549	114	4727	255	760	471	44	2597
MSTRG.11351	8164	1972	24	8	5546	9057	715	1	32	5087	5463	1675	28	13	6916
MSTRG.11352	0	1881	784	1656	2221	0	484	411	1585	951	0	1764	880	1023	1515
MSTRG.11353	3302	0	485	1098	804	1698	0	229	997	1862	1700	0	252	578	485
MSTRG.11354	2	42	185	42	95	1	7	176	34	51	3	10	47	34	33
MSTRG.11355	10775	325	4	0	1543	7800	229	27	0	2761	4698	315	100	0	882
MSTRG.11356	2262	1225	2736	633	162	1975	1	2792	443	150	2175	2258	6509	52	139
MSTRG.11357	0	297	4	209	3362	0	46	16	89	3197	0	226	2	159	2939
MSTRG.11358	7392	18	59	114	5267	9270	47	361	107	5955	3990	77	0	28	2505
MSTRG.11359	9618	213	82	1565	662	3838	203	766	1743	1213	7083	221	42	1396	1116
MSTRG.1136	183	152	519	238	2445	140	193	378	467	2574	293	119	164	384	1641
MSTRG.11360	63	37	245	694	879	121	30	25	1707	576	45	18	247	587	442
MSTRG.11361	91	956	141	0	2803	95	1049	215	0	1920	39	511	137	0	2785
MSTRG.11362	5212	898	797	2332	321	4080	1004	761	3136	546	1358	632	765	2932	400
MSTRG.11363	1973	0	556	353	1441	1013	0	533	701	3412	687	0	561	608	1559
MSTRG.11364	995	1386	0	0	348	1429	1684	0	33	523	722	1383	0	2	313
MSTRG.11365	43	143	20	107	553	7	197	1	122	657	12	37	46	86	1080
MSTRG.11366	280	1	2536	0	431	189	13	3895	180	409	418	2	4100	0	419
MSTRG.11367	4154	1034	1781	585	5	5278	645	1226	641	41	2406	1280	1846	519	1
MSTRG.11368	0	202	331	1554	16	0	112	146	1975	84	0	299	461	1929	17
MSTRG.11369	1	11	1680	30	0	32	651	1702	12	475	54	796	2284	0	4
MSTRG.1137	5	134	1134	231	88	115	23	845	384	144	1	70	584	151	15
MSTRG.11370	1082	2763	97	17619	57	912	364	114	23191	36	228	3677	9	10451	55
MSTRG.11371	0	0	326	4511	785	0	0	749	5173	396	0	0	431	1628	884
MSTRG.11372	139	230	11	0	1254	248	136	95	0	861	779	202	122	0	576
MSTRG.11373	696	452	964	1743	35	975	352	2040	2247	30	273	367	1594	1764	37
MSTRG.11374	1032	57	6454	4563	1980	480	255	1314	3053	1759	892	1	5100	3866	2370
MSTRG.11375	1053	3648	95	406	75	901	3211	18	965	0	802	2008	80	203	118
MSTRG.11376	5	316	189	114	1514	1	92	157	148	1502	0	392	46	174	1556
MSTRG.11377	0	2581	951	480	5754	0	2656	438	180	4784	0	2238	193	262	5249
MSTRG.11378	2845	215	1833	4625	1618	2123	130	1170	3465	1852	936	190	447	1586	1341
MSTRG.11379	1025	0	776	3819	947	733	55	325	5427	859	319	145	136	6265	1107
MSTRG.1138	5	1082	54	3618	434	116	1002	75	2703	12633	1	2093	82	3642	174
MSTRG.11380	871	789	446	5152	2242	622	744	1742	1181	2076	330	955	511	1677	718
MSTRG.11381	5261	430	324	112	180	4598	1037	1697	214	66	3209	587	718	35	164
MSTRG.11382	5	1305	3947	414	847	5	1552	1171	1004	5192	3	1879	2945	511	630
MSTRG.11383	2631	794	495	200	70	2771	2342	166	520	42	1656	1655	455	76	87
MSTRG.11384	68	19	1678	0	30394	128	21	1974	0	23263	54	28	1922	0	15722
MSTRG.11385	260	73	514	385	3524	30	54	768	345	5207	157	53	555	324	3626
MSTRG.11386	2195	4228	613	8967	656	2977	2908	705	15941	410	1559	3676	508	11074	680
MSTRG.11387	1034	4052	0	1924	630	903	1371	0	2581	1752	527	3094	0	4301	711
MSTRG.11388	0	544	1399	570	604	0	969	915	239	1722	0	1889	373	504	699
MSTRG.11389	2265	3516	765	546	166	126	4988	355	590	322	486	4530	293	488	163
MSTRG.1139	5	982	528	4843	460	125	18	653	1893	417	0	20	299	6158	296
MSTRG.11390	63	0	438	2563	655	49	29	1586	3322	1073	121	29	2468	1782	788
MSTRG.11391	119	0	23	3504	28	83	33	10	3200	5	144	0	23	4323	8
MSTRG.11392	96	1127	128	9432	1365	127	2004	28	11885	1211	123	1876	49	8941	1154
MSTRG.11393	27	618	1654	21	6475	421	660	2253	8	4194	9	571	2189	14	2679
MSTRG.11394	177	2050	334	264	99	306	1042	604	316	60	171	4514	432	286	59
MSTRG.11395	3605	538	219	2168	5530	2708	255	987	2168	1098	1820	975	744	1391	4422
MSTRG.11396	395	1376	297	571	424	164	1537	470	609	1533	91	1735	904	1466	559
MSTRG.11397	79	7	2589	1859	862	256	15	2426	999	2692	140	35	2148	3145	437
MSTRG.11398	565	1830	2907	3552	0	230	3684	1781	1407	0	630	1850	1464	1754	0
MSTRG.11399	74	101	7468	1395	132	190	46	4444	2069	209	36	544	6620	1379	29
MSTRG.114	74	89	183	76	34	53	123	95	12	71	0	0	119	0	79
MSTRG.1140	3	606	932	4556	671	115	449	398	1189	991	2	498	1463	1143	967
MSTRG.11400	478	775	1	387	357	518	589	10	468	864	96	1153	1	186	520
MSTRG.11401	0	4689	30	0	33	0	1540	89	0	11	0	2427	205	0	19
MSTRG.11402	6126	22368	686	344	0	4981	4627	298	200	39	3644	36508	681	185	5
MSTRG.11403	51	83	2808	2421	841	25	91	788	3111	1032	65	141	2728	2926	613
MSTRG.11404	7	16	22	271	4	11	83	3	432	1	5	2	3	522	23
MSTRG.11405	140	12666	547	9	1289	145	12505	779	4	4394	49	6585	1519	21	1308
MSTRG.11406	1945	1057	3686	588	31	1171	1232	3190	489	202	1758	2956	3647	450	20
MSTRG.11407	0	1691	432	4	162	0	2010	835	17	291	0	757	1356	2	200
MSTRG.11408	3136	506	108	113	1352	2386	743	126	103	3265	1021	1251	220	205	851
MSTRG.11409	378	53	1195	0	1707	55	68	2881	0	4797	127	40	1223	0	2470
MSTRG.1141	87	132	3003	62	206	518	116	1673	0	285	10	318	2412	5	614
MSTRG.11410	5	908	22808	61	3	1	311	2351	468	10	0	1298	22636	381	8
MSTRG.11411	211	1045	2158	621	728	155	967	2196	657	4	118	1361	2256	741	125
MSTRG.11412	3953	1	0	91	530	1310	4	0	122	369	594	1	0	154	689
MSTRG.11413	792	167	136	373	78	557	134	0	303	17	455	73	0	229	90
MSTRG.11414	2089	3588	62	203	552	2992	1264	0	118	489	1173	1855	0	158	922
MSTRG.11415	0	963	257	789	220	0	818	2384	1850	253	5	987	141	2284	162
MSTRG.11416	3047	143	29	286	53	3722	95	0	35	48	1621	181	0	71	122
MSTRG.11417	2656	719	2213	0	1403	1761	1199	0	0	436	2336	742	0	0	515
MSTRG.11418	2013	851	64	88	490	902	1908	9	98	4450	1720	1138	153	91	278
MSTRG.11419	0	1009	0	60	426	0	1580	0	95	367	0	1017	0	79	475
MSTRG.1142	42	623	602	1859	914	99	745	18091	1873	1940	55	760	693	1351	1200
MSTRG.11420	2104	250	0	1025	0	1667	163	0	1041	0	1443	286	0	488	0
MSTRG.11421	4593	4341	0	1388	0	1366	3102	0	715	0	1971	11654	0	513	0
MSTRG.11422	13033	467	29	2741	477	13680	348	102	1765	82	9461	235	7	1257	328
MSTRG.11423	2209	191	5	860	324	2518	18	20	1342	1145	2019	134	11	750	433
MSTRG.11424	1153	4735	0	3685	182	905	4133	0	2099	149	1114	5854	0	685	92
MSTRG.11425	811	136	59	8294	0	580	232	29	3131	133	1017	159	58	1198	175
MSTRG.11426	2251	0	316	4396	1622	2217	0	863	2871	1140	3323	0	343	2447	12622
MSTRG.11427	6159	624	690	91	677	7866	173	842	59	483	5295	415	507	30	5489
MSTRG.11428	1378	0	175	0	14	1742	0	104	0	4	1071	0	376	0	0
MSTRG.11429	4252	10	342	121	108	4988	36	177	183	88	1534	5	289	512	1650
MSTRG.1143	464	7838	524	229	1207	438	14099	320	221	315	147	5801	417	199	1991
MSTRG.11430	278	172	173	19868	0	87	52	87	26058	56	114	173	222	15450	0
MSTRG.11431	951	752	16	564	0	262	5072	0	585	0	4449	1456	46	779	0
MSTRG.11432	391	1158	87	1513	0	194	7300	67	5004	0	224	2229	145	1314	0
MSTRG.11433	5902	30	294	15422	351	2977	275	108	13094	1428	3984	68	486	9317	250
MSTRG.11434	50	59	118	1161	189	14	742	194	437	48	22	138	217	409	50
MSTRG.11435	853	182	620	441	1021	427	267	563	649	775	424	193	1108	397	657
MSTRG.11436	2256	692	638	137	26	1540	754	681	295	592	85	1095	985	165	7
MSTRG.11437	161	204	3834	1865	614	120	250	4952	1856	207	105	532	1329	1732	577
MSTRG.11438	197	158	38	3476	78	312	313	52	4671	93	1094	323	68	3063	191
MSTRG.11439	2	0	1140	450	9280	5	0	1537	802	12529	182	0	776	538	18989
MSTRG.1144	212	5	537	262	62	563	19	1303	141	14189	462	35	1062	518	91
MSTRG.11440	682	1121	26	532	149	585	1061	97	98	123	407	259	34	3216	143
MSTRG.11441	2246	195	91	2117	2	896	0	61	1230	8	1151	6	53	1286	3
MSTRG.11442	840	548	5815	1335	446	641	1039	5502	4226	548	740	257	417	2054	346
MSTRG.11443	995	1781	0	6804	720	945	1560	0	9600	799	932	1938	0	3653	342
MSTRG.11444	7320	500	2933	249	160	8985	713	2530	440	410	4451	301	1698	298	529
MSTRG.11445	716	1528	302	18	982	639	751	273	1	2249	357	1709	291	19	572
MSTRG.11446	87	124	3300	355	275	71	129	1975	502	188	101	153	760	410	121
MSTRG.11447	1075	8558	615	522	453	1063	4068	431	248	165	934	7493	294	553	230
MSTRG.11448	344	0	558	1659	260	445	0	392	2444	496	206	0	469	1270	221
MSTRG.11449	6	59	353	13272	12081	0	66	233	19051	12791	7	75	406	11537	9756
MSTRG.1145	1	0	1463	185	1572	8	86	1729	181	702	9	5	1854	171	1209
MSTRG.11450	3712	124	34857	53	33	142	8	25008	365	62	1910	122	36434	95	92
MSTRG.11451	25	181	596	896	1979	76	230	491	798	1431	59	191	536	2618	1400
MSTRG.11452	2757	788	2084	59	460	2331	564	3211	21	1135	3363	971	2277	63	676
MSTRG.11453	447	370	345	226	200	242	624	690	108	433	433	387	559	141	259
MSTRG.11454	196	0	280	242	6298	293	0	150	177	3891	56	0	310	457	4982
MSTRG.11455	1539	2422	3618	4012	2464	312	4617	2901	6738	3841	177	6558	2429	1433	2391
MSTRG.11456	1217	1513	1469	2046	12445	761	1631	1368	3699	6606	685	1472	1356	2075	2220
MSTRG.11457	203	284	2941	156	2035	59	281	2539	231	1928	79	277	3352	720	1607
MSTRG.11458	27	1422	2518	92	392	31	2321	2359	77	727	51	2120	2019	14	211
MSTRG.11459	331	463	828	10	1538	274	694	554	77	3158	170	534	713	42	1878
MSTRG.1146	3550	1	1055	155	1632	5068	79	113	1218	2833	1722	1	1701	430	1732
MSTRG.11460	890	8	9073	2152	3868	1498	132	48529	370	6980	461	100	9432	1347	4385
MSTRG.11461	1262	1154	0	2	414	1279	2088	0	492	577	706	2162	0	213	357
MSTRG.11462	0	3351	668	113	3949	0	3758	159	106	3795	0	1789	657	68	4233
MSTRG.11463	32	159	115	418	475	1409	1053	56	66	908	812	299	131	1557	257
MSTRG.11464	47	548	125	99	480	129	3345	2159	57	330	27	967	124	73	375
MSTRG.11465	1228	1126	0	53	3748	712	7057	0	369	5171	1243	2364	0	28	2401
MSTRG.11466	23	209	99	7845	3367	54	1945	16	5283	2737	47	908	193	7203	3149
MSTRG.11467	933	290	12770	79	5424	519	2271	20067	51	3077	1039	440	12533	172	2067
MSTRG.11468	3393	376	5545	3	644	259	1175	5646	2	2997	4330	851	6130	4	681
MSTRG.11469	0	2531	1989	1314	2897	0	1687	3216	574	15965	0	1341	4529	1212	2204
MSTRG.1147	744	1	8	1080	1789	1477	124	12807	2891	1854	117	2	72	1446	1437
MSTRG.11470	182	510	1538	982	24	168	241	2096	1576	28	84	383	2441	872	63
MSTRG.11471	837	2011	484	65	82	535	1896	391	275	1198	219	2618	571	48	60
MSTRG.11472	676	616	0	373	669	71	664	0	165	4132	0	714	0	30	206
MSTRG.11473	3687	831	252	113	655	2914	779	287	177	615	736	822	252	92	572
MSTRG.11474	131	0	92	2124	9097	129	0	149	2783	1778	380	0	85	2540	13616
MSTRG.11475	2290	945	516	55	11352	2939	5766	300	175	6460	1319	2010	531	108	11121
MSTRG.11476	218	415	1923	408	36	134	2189	751	451	180	231	1045	2472	403	252
MSTRG.11477	0	0	5983	13	172	39	231	6418	47	0	68	306	6153	38	33
MSTRG.11478	942	732	12469	979	28	658	1932	9089	2399	5	814	2133	13837	764	42
MSTRG.11479	609	142	3961	245	336	920	80	7181	327	346	405	78	1528	312	573
MSTRG.1148	682	3842	2885	65	10	277	1797	2714	23	3	824	1983	2155	108	36
MSTRG.11480	1561	1681	1161	1	390	1685	991	1425	67	192	1429	1947	146	0	399
MSTRG.11481	1109	310	22	458	14	1593	676	0	508	85	1106	556	0	245	13
MSTRG.11482	10	193	242	97	636	12	1191	228	99	683	21	835	142	255	611
MSTRG.11483	17	281	7	6	1692	64	445	97	12	1790	16	772	5	15	1939
MSTRG.11484	2605	2468	4	18	89	1146	1983	1	9	26	2405	1718	18	27	9
MSTRG.11485	660	9140	389	17	247	872	6428	2095	11	256	3699	7078	264	52	278
MSTRG.11486	5182	63	383	942	269	5810	74	6355	487	2628	4086	169	669	427	566
MSTRG.11487	0	700	7207	1497	790	16	230	4228	397	1124	40	1024	8681	862	860
MSTRG.11488	1163	1456	1729	790	1	1752	1069	1872	575	1	1170	1878	1349	917	1
MSTRG.11489	238	0	2799	81	560	200	0	2138	750	419	147	0	544	771	333
MSTRG.1149	2625	437	5	37	39	3446	265	197	81	21	878	757	17	60	19
MSTRG.11490	2269	3712	2349	134	239	1198	4545	1744	109	199	3793	5023	565	237	291
MSTRG.11491	685	721	487	2	810	165	980	239	2	1510	1153	993	110	1	584
MSTRG.11492	1985	65	1927	7214	2000	855	79	1467	9032	1520	1534	144	473	4678	1483
MSTRG.11493	8	1305	6764	987	210	10	2674	4407	5425	687	24	1453	1403	2115	190
MSTRG.11494	2306	2606	2945	2206	527	3200	2400	1699	1716	1052	1887	4037	618	1193	476
MSTRG.11495	494	11023	3257	185	41	246	3981	2010	190	17	265	4543	641	111	82
MSTRG.11496	1502	0	3018	1804	229	616	0	5397	4626	825	1365	0	3464	2570	279
MSTRG.11497	4801	45	524	621	4692	1425	0	260	479	1950	2300	0	282	596	3724
MSTRG.11498	40624	239	617	0	4078	3300	1131	401	0	3028	67454	159	503	0	5410
MSTRG.11499	888	20	669	54	88	407	3	1451	104	997	1673	0	920	175	44
MSTRG.115	3141	291	231	6484	319	2455	174	267	3669	277	2320	286	222	3883	274
MSTRG.1150	876	79	1583	2989	1540	997	837	7915	3802	1213	409	261	2039	1892	933
MSTRG.11500	412	1352	85	852	7	60	2	200	239	319	128	0	83	744	2
MSTRG.11501	29	0	495	1055	421	159	0	583	7410	248	6	0	575	2803	305
MSTRG.11502	14680	1	398	442	337	11286	2	1094	2469	149	4959	7	195	1010	75
MSTRG.11503	1657	490	1379	643	410	1338	818	327	423	410	4556	617	975	209	988
MSTRG.11504	1582	855	1203	531	248	2236	845	2067	574	522	551	740	1719	621	408
MSTRG.11505	605	115	404	0	3617	656	71	779	0	1992	892	370	400	0	3223
MSTRG.11506	16	80	2846	1419	1521	41	258	1566	3771	2510	32	339	3052	1189	1620
MSTRG.11507	343	117	95	71	3015	176	44	58	121	8303	649	172	104	81	3833
MSTRG.11508	1335	50	455	715	0	721	128	20	475	0	1279	111	601	186	0
MSTRG.11509	1	348	857	94	1755	4	190	1256	79	1410	1	368	1571	183	1067
MSTRG.1151	151	205	41	216	194	108	634	26	253	110	943	101	75	199	136
MSTRG.11510	303	130	792	148	87	88	235	147	107	190	42	158	868	113	832
MSTRG.11511	3297	646	792	22	278	1186	775	869	438	228	400	994	958	66	190
MSTRG.11512	1609	911	2065	964	3001	720	751	402	978	4619	686	887	1987	869	3332
MSTRG.11513	220	2722	620	36	383	188	5151	638	85	599	262	1364	984	77	330
MSTRG.11514	631	0	0	6215	1730	955	17	0	6955	2697	608	0	0	6858	1697
MSTRG.11515	940	1339	10088	10321	1	1250	1431	6768	9591	111	841	687	2286	5989	34
MSTRG.11516	2592	30	0	986	2442	1651	30	45	755	3534	794	122	6	820	2064
MSTRG.11517	7618	178	532	23373	8248	3144	56	378	45138	9744	6037	222	292	23654	6830
MSTRG.11518	597	94	18120	2846	21	481	130	21144	15160	39	209	77	16725	889	28
MSTRG.11519	211	5921	25217	6016	1986	83	5442	6135	6423	5021	66	453	13305	4082	1573
MSTRG.1152	148	38	1770	6787	1880	265	46	1501	7124	1346	268	46	2481	4775	2054
MSTRG.11520	247	0	4	41	76	301	0	133	162	47	202	0	2	150	26
MSTRG.11521	729	2014	71	4333	5187	757	1832	41	4508	7909	663	1610	38	2048	3550
MSTRG.11522	15	308	5484	2613	440	54	379	2797	5145	417	43	389	4832	1846	554
MSTRG.11523	320	2052	540	524	130	287	13728	534	357	91	290	3827	451	400	203
MSTRG.11524	53	0	154	266	61	11	0	126	171	42	1	0	192	115	31
MSTRG.11525	40	289	6075	452	20	59	2147	4452	420	79	5	617	5538	3293	15
MSTRG.11526	186	724	0	113	1059	64	457	0	15	1700	101	506	0	55	662
MSTRG.11527	2415	357	3429	7260	746	2389	332	6190	4846	550	688	574	4477	3632	503
MSTRG.11528	1361	42097	1718	15552	278	1386	31525	2678	12070	208	3556	38337	1840	11723	256
MSTRG.11529	328	609	1852	937	0	390	335	636	1251	0	763	691	1331	192	0
MSTRG.1153	198	39799	218	54	294	178	15660	68	168	1275	367	18409	21	304	960
MSTRG.11530	0	2838	5361	168	159	0	3865	1417	137	206	0	3173	5462	186	358
MSTRG.11531	3617	373	98	52	67	3671	486	37	204	50	885	465	37	110	67
MSTRG.11532	64	37	0	10	312	237	90	8	58	379	60	140	26	18	175
MSTRG.11533	191	481	6872	142	404	235	119	1406	748	143	48	348	4647	178	361
MSTRG.11534	538	2936	0	417	900	431	3011	0	4059	1297	363	1808	0	531	742
MSTRG.11535	953	1959	88	44196	38	849	1424	229	55891	39	60	1263	48	37355	37
MSTRG.11536	11989	3277	650	3792	1098	2538	2621	999	3161	1794	13852	3262	259	3834	553
MSTRG.11537	944	2557	831	1123	0	915	1992	1365	1274	0	381	1912	1064	1025	0
MSTRG.11538	2011	612	9	451	2938	1672	530	0	217	2158	1427	617	15	238	23829
MSTRG.11539	659	10442	1838	1	428	510	39302	5213	1	397	231	10538	1317	1	3986
MSTRG.1154	2092	442	14	44	164	2390	1128	3	204	120	1504	688	56	215	107
MSTRG.11540	749	0	165	9009	2875	577	0	593	2870	1853	778	0	225	1123	20135
MSTRG.11541	517	83	1671	2855	0	379	501	2336	6733	0	362	768	1511	2254	0
MSTRG.11542	214	153	3950	113	9583	150	69	1846	60	18338	162	186	4913	513	5674
MSTRG.11543	94	467	127	224015	680	100	794	132	301050	1392	58	307	137	170033	629
MSTRG.11544	2742	0	134	1	362	2078	0	6	42	798	8597	0	673	21	374
MSTRG.11545	6	40	664	7	3466	20	43	692	18	3920	4	8	588	40	1332
MSTRG.11546	0	12010	90	200	5	0	21922	58	219	13	0	8731	97	201	59
MSTRG.11547	369	1226	860	5	0	183	1157	512	5	0	108	950	1162	1	0
MSTRG.11548	377	4658	506	197	1827	63	5575	303	95	1866	659	5569	612	199	2196
MSTRG.11549	209	1826	97	882	2966	201	3680	203	399	2906	139	3865	132	177	2357
MSTRG.1155	4832	0	44	94	793	4170	0	54	157	1562	897	17	20	0	760
MSTRG.11550	756	2895	1359	484	342	682	1707	61	229	585	530	1936	569	322	225
MSTRG.11551	38	512	117	177	118	14	263	47	567	201	3	502	102	267	146
MSTRG.11552	562	426	407	223	3490	409	348	3316	138	4501	326	372	372	188	1672
MSTRG.11553	0	495	616	860	3591	0	673	423	393	3913	0	444	689	804	2017
MSTRG.11554	3597	1413	0	39	321	3616	1312	0	16	171	6753	1367	0	50	2088
MSTRG.11555	1942	6112	0	1	1329	1653	3640	0	2	2413	1274	4148	0	1	556
MSTRG.11556	272	1489	417	12249	57	195	1612	79	16221	214	198	1080	364	10805	83
MSTRG.11557	1926	8964	478	10352	237	2059	11922	1154	7897	1421	2007	14009	535	6873	416
MSTRG.11558	435	9116	34	352	118	848	6067	119	412	515	435	8064	63	1030	138
MSTRG.11559	46	465	0	3	0	0	1823	237	44	0	0	356	181	1	60
MSTRG.1156	171	10680	1491	0	2171	93	5856	1189	2	3749	35	13354	1115	50	2033
MSTRG.11560	28	0	5656	6	366	119	0	3828	1	374	126	61	1227	15	369
MSTRG.11561	1706	328	2577	80	11639	2004	308	1535	3	29324	1547	311	589	29	10526
MSTRG.11562	2275	11	15	73	481	2570	38	4	1	435	1785	1	0	0	414
MSTRG.11563	433	4	821	240	1342	399	1	338	1694	3818	136	5	192	318	1371
MSTRG.11564	1770	3	0	16	12882	1626	75	97	2	12534	506	2	0	8	10296
MSTRG.11565	3618	24	3077	1	1194	3659	107	2758	8	278	986	43	2781	1	637
MSTRG.11566	1095	49	0	69	421	999	0	0	48	556	588	0	0	503	463
MSTRG.11567	494	462	603	2	168	892	651	1616	1	187	184	810	211	0	98
MSTRG.11568	540	20	10	114	1579	1155	56	961	369	2007	583	13	13	318	1659
MSTRG.11569	2248	14	985	239288	1952	1764	11	1265	227714	1525	543	16	1790	167627	1757
MSTRG.1157	3743	1	237	20	11629	1815	51	128	76	10289	1229	67	87	23	5036
MSTRG.11570	690	55	141	16502	1289	155	86	216	18957	2151	254	456	253	9781	2240
MSTRG.11571	3410	2	1839	1	401	3226	1	1169	0	891	2859	0	2061	1	667
MSTRG.11572	758	307	2027	1	470	890	433	367	1	100	383	380	2026	1	1364
MSTRG.11573	0	23	33	2	100	0	0	10	1	6	0	0	90	1	94
MSTRG.11574	2847	1830	11	47	10	2903	13721	4	67	2	700	3323	31	57	1
MSTRG.11575	1133	1461	962	1	2220	921	9569	1154	1	1149	299	2684	988	1	1360
MSTRG.11576	76	5734	5682	1	712	1166	37021	1312	1	3507	388	10329	4310	1	483
MSTRG.11577	888	1008	6362	1	45	947	6361	0	1	38	1151	1932	4245	1	50
MSTRG.11578	48	641	9252	1	159	17	4301	2375	1	290	26	1167	9671	2	204
MSTRG.11579	1948	2076	1061	26	4798	1325	13718	528	12	6076	1309	3626	885	57	3392
MSTRG.1158	527	1	1757	3305	432	63	9	1186	2661	352	69	0	1666	989	729
MSTRG.11580	406	3177	857	0	9	737	4293	1088	2	1	440	3686	519	2	8
MSTRG.11581	167	172	2389	0	231	1371	262	1801	0	296	762	203	1682	0	159
MSTRG.11582	304	567	193	0	203	437	538	185	0	512	636	582	175	0	174
MSTRG.11583	3714	1037	3144	0	444	2276	1352	3378	0	333	1397	1120	4002	0	494
MSTRG.11584	9140	429	4657	0	3419	6106	631	3554	0	6047	4697	527	3966	0	478
MSTRG.11585	1244	271	411	0	15748	1173	1441	1029	0	12319	877	205	761	0	9928
MSTRG.11586	86	1109	1665	0	846	144	536	792	0	1133	106	1000	1096	0	984
MSTRG.11587	823	1079	3463	0	8	187	2346	1884	0	8	1276	1624	3801	0	2
MSTRG.11588	3471	447	414	0	92	1334	563	689	0	63	1998	504	536	0	102
MSTRG.11589	24	2460	1567	0	131	23	1789	3187	0	128	0	1925	2350	0	125
MSTRG.1159	123	175	282	632	1081	19	11	1447	215	969	42	364	270	490	2163
MSTRG.11590	696	67	483	0	163	867	46	761	0	162	1420	100	451	0	314
MSTRG.11591	4256	8	649	0	198	3749	16	765	0	570	2986	0	1491	0	190
MSTRG.11592	1633	319	488	0	3158	1228	71	282	0	4917	995	512	322	0	790
MSTRG.11593	127	820	10	0	2218	83	1642	83	0	3024	140	1272	51	0	2155
MSTRG.11594	1405	592	0	0	165	2888	204	844	0	156	1091	658	4	0	435
MSTRG.11595	17296	0	377	0	59	11478	3	284	0	22	6917	0	208	0	10
MSTRG.11596	13536	1438	839	0	1368	16696	676	319	0	361	7522	1120	856	0	1690
MSTRG.11597	1701	1191	1035	0	4	1540	849	294	0	229	996	2576	1066	0	122
MSTRG.11598	51	1083	3612	0	77	34	899	1839	0	97	24	972	7666	0	60
MSTRG.11599	11	5265	1042	0	452	10	35083	195	0	279	1	9302	1114	0	309
MSTRG.116	1835	3757	23	97	95	1019	2824	69	234	255	1427	3381	39	162	159
MSTRG.1160	14321	195	336	12829	140	5822	14	81	5422	129	10545	402	259	11590	137
MSTRG.11600	2127	1164	151	0	213	2498	7034	0	0	240	1534	2130	115	0	193
MSTRG.11601	10493	0	1823	0	2	1372	37	1511	0	133	2037	4	1980	0	91
MSTRG.11602	0	272	6614	0	1743	0	1564	4125	0	1965	0	584	7557	0	2458
MSTRG.11603	102	9988	2724	0	1073	2	8895	933	0	2275	0	11388	1960	0	1224
MSTRG.11604	1980	1122	1173	0	407	1	738	682	0	432	0	1074	1603	0	263
MSTRG.11605	0	0	3169	0	0	0	0	2085	0	0	0	0	773	0	0
MSTRG.11606	3	2763	269	0	198	1	6194	58	0	99	5	3671	180	0	224
MSTRG.11607	0	1797	879	0	2951	0	4510	6175	0	2115	0	1839	964	0	23015
MSTRG.11608	569	0	226	0	249	1001	0	38	0	276	356	0	153	0	1505
MSTRG.11609	801	1302	28139	0	433	746	2911	1865	0	481	800	791	30072	0	223
MSTRG.1161	9316	1	678	463	234	11527	0	1238	1785	339	2633	1	602	2033	217
MSTRG.11610	141	24	5816	0	130	76	303	476	0	223	343	18	6505	0	279
MSTRG.11611	201	632	880	0	0	269	993	726	0	0	268	1458	1000	0	0
MSTRG.11612	172	127	573	0	18	11	275	863	0	236	170	258	338	0	260
MSTRG.11613	1058	4602	759	0	563	644	1854	1470	0	571	855	2308	697	0	513
MSTRG.11614	71	2152	197	0	122	70	960	203	0	167	66	2527	207	0	161
MSTRG.11615	377	66	362	0	308	145	22	968	0	386	511	159	291	0	262
MSTRG.11616	122	1014	162	0	48	127	962	11	0	70	87	1010	86	0	20
MSTRG.11617	999	1202	1373	0	1113	685	1383	727	0	1723	980	1410	783	0	1054
MSTRG.11618	3214	3560	36	0	281	4189	1810	1319	0	13	924	713	13	0	108
MSTRG.11619	131	7344	577	0	0	123	4198	445	0	0	111	8953	693	0	0
MSTRG.1162	203	26	2930	416	62	61	15	2966	550	60	154	22	3302	1461	84
MSTRG.11620	66	5452	121	0	80	75	720	52	0	77	292	4695	153	0	513
MSTRG.11621	1811	741	735	0	51	1700	914	403	0	80	759	529	534	0	45
MSTRG.11622	69	657	9999	0	1024	41	532	9346	0	819	80	141	21274	0	539
MSTRG.11623	93	0	1401	0	990	152	7	1364	0	684	62	173	2014	0	324
MSTRG.11624	6626	2013	3	0	2717	6777	1317	8	0	2919	1730	1052	3	0	651
MSTRG.11625	905	242	479	0	617	928	266	966	0	1143	318	198	777	0	732
MSTRG.11626	6697	2430	25	0	2	6026	3525	121	0	21	303	2939	50	0	3
MSTRG.11627	0	3724	290	0	2391	0	3642	826	0	2245	0	3435	295	0	642
MSTRG.11628	2629	485	4784	0	6851	2115	747	1609	0	3527	1238	990	4632	0	1847
MSTRG.11629	557	1304	4907	0	2379	514	602	1250	0	2350	356	800	7150	0	1903
MSTRG.1163	680	10	12110	9	496	536	78	1139	78	423	389	6	7734	3	445
MSTRG.11630	4080	3074	181	0	57	3773	1941	1518	0	52	3134	3670	112	0	51
MSTRG.11631	2972	461	28	0	941	2640	811	200	0	637	1675	560	5	0	619
MSTRG.11632	850	1659	463	0	0	421	2167	246	0	0	492	1591	427	0	0
MSTRG.11633	65	739	241	0	69	31	637	12	0	168	19	595	119	0	355
MSTRG.11634	11151	1014	715	0	3919	37157	772	730	0	3920	5827	1475	2034	0	2314
MSTRG.11635	0	28	5417	0	1843	0	3	1263	0	2054	0	6	3807	0	998
MSTRG.11636	710	5	1704	0	254	381	48	3491	0	211	332	4	2180	0	194
MSTRG.11637	145	34	5056	0	133	57	90	6277	0	109	136	48	5370	0	89
MSTRG.11638	1307	1	0	0	72	1169	851	0	0	98	563	0	0	0	46
MSTRG.11639	741	647	2538	0	0	405	425	1390	0	3	585	261	1892	0	13
MSTRG.1164	11	37	451	17330	357	70	61	73	16775	835	115	26	730	14302	391
MSTRG.11640	404	568	0	0	113	340	375	0	0	98	469	715	0	0	1991
MSTRG.11641	63469	495	151	0	1794	33345	505	183	0	705	26419	427	587	0	2268
MSTRG.11642	870	19	766	0	75	538	35	785	0	52	606	14	394	0	190
MSTRG.11643	3443	4505	4103	0	4343	3925	4842	3102	0	2763	3923	7787	4908	0	4882
MSTRG.11644	210	226	623	0	1	331	215	620	0	1	216	299	569	0	1
MSTRG.11645	260	140	512	0	1863	182	0	664	0	2191	102	128	697	0	1569
MSTRG.11646	128	1181	3387	0	61	94	1534	3775	0	201	141	1807	4036	0	56
MSTRG.11647	978	1230	7564	0	430	108	836	4704	0	137	547	1050	8941	0	15
MSTRG.11648	5076	4919	571	0	10	2907	4500	250	0	36	1758	6583	1082	0	60
MSTRG.11649	2059	4661	146	0	7	1773	2163	227	0	117	1034	3150	153	0	3
MSTRG.1165	2809	108	195	26	294	1174	22	38	19	108	1634	10	62	306	415
MSTRG.11650	0	1120	21	0	98	0	748	112	0	99	0	1239	45	0	876
MSTRG.11651	127	2459	2	0	2618	35	2329	30	0	1932	14	713	4	0	20251
MSTRG.11652	16378	170	330	0	29	21323	97	316	0	140	6492	117	291	0	104
MSTRG.11653	483	1404	1524	0	445	252	2737	2230	0	380	130	1088	1461	0	400
MSTRG.11654	844	147	407	0	6	827	68	286	0	27	495	96	101	0	8
MSTRG.11655	5088	21201	276	0	26	4214	10575	205	0	111	3643	5262	262	0	8
MSTRG.11656	2444	3204	384	0	63	3867	1603	510	0	38	2496	2008	307	0	2
MSTRG.11657	0	648	15472	0	876	0	745	14778	0	980	0	1094	10959	0	701
MSTRG.11658	446	393	1708	0	178	346	949	1248	0	424	342	326	1549	0	270
MSTRG.11659	613	1573	536	0	13	484	1515	1417	0	264	327	856	1159	0	0
MSTRG.1166	5071	314	1008	734	1288	4202	450	1202	137	766	2796	426	2311	826	687
MSTRG.11660	1456	167	6351	0	0	1364	290	1614	0	24	713	197	8599	0	0
MSTRG.11661	923	702	3410	0	306	505	1159	5341	0	386	580	1069	3355	0	253
MSTRG.11662	549	2580	11789	0	34	314	828	2997	0	124	495	2083	1649	0	136
MSTRG.11663	10211	1945	2631	0	11	3908	2033	2062	0	86	2768	1408	2208	0	55
MSTRG.11664	2027	65	623	0	6	2223	77	228	0	4	1013	36	349	0	65
MSTRG.11665	6820	4235	0	0	536	7957	2654	46	0	367	2845	3397	0	0	375
MSTRG.11666	9661	1943	1644	0	1062	6591	1309	3283	0	584	5677	1015	2805	0	1582
MSTRG.11667	179	0	4230	0	820	46	0	7757	0	472	116	0	5258	0	776
MSTRG.11668	582	68	9106	0	162	2366	158	3378	0	282	110	90	10912	0	265
MSTRG.11669	3	428	491	0	143	3	446	523	0	79	52	189	371	0	288
MSTRG.1167	2071	4948	192	171	208	14170	35304	87	76	523	758	9266	234	171	269
MSTRG.11670	5838	48	514	0	42	6694	18	361	0	29	1587	15	555	0	34
MSTRG.11671	4610	0	3217	0	6141	4678	60	1922	0	7374	1055	3	2118	0	4398
MSTRG.11672	13598	786	357	0	708	13958	807	2242	0	4488	3591	918	1688	0	2084
MSTRG.11673	5526	1417	3630	0	2333	5450	2498	2900	0	2454	1419	1751	4936	0	1453
MSTRG.11674	7000	239	809	0	436	6572	560	4986	0	787	1758	265	457	0	503
MSTRG.11675	4738	2087	3547	0	1723	4706	1755	9654	0	2400	1200	1379	2152	0	1493
MSTRG.11676	934	4373	19	0	449	619	2708	91	0	690	481	3914	46	0	239
MSTRG.11677	704	538	809	0	92	952	40	2737	0	0	466	64	383	0	53
MSTRG.11678	133	448	3649	0	72	170	519	4072	0	130	71	777	3238	0	188
MSTRG.11679	510	59	684	0	1114	532	69	544	0	458	387	99	600	0	687
MSTRG.1168	463	4500	397	70	184	1076	3932	469	55	253	367	3017	239	36	183
MSTRG.11680	3464	1062	12598	0	971	3903	646	862	0	6891	2378	982	10593	0	1137
MSTRG.11681	274	817	12541	0	89	488	419	3231	0	3197	189	588	10258	0	152
MSTRG.11682	456	107	47	0	598	1182	226	101	0	376	250	159	304	0	279
MSTRG.11683	1972	49	109	0	202	509	40	0	0	340	1253	43	77	0	198
MSTRG.11684	18	911	67	0	0	0	476	9	0	0	12	400	103	0	0
MSTRG.11685	1461	1186	362	0	1593	2322	1657	476	0	2544	1453	1252	841	0	986
MSTRG.11686	4	0	428	0	58	22	0	279	0	91	0	0	399	0	92
MSTRG.11687	660	0	1077	0	649	637	0	1242	0	428	581	0	696	0	193
MSTRG.11688	2659	215	2018	0	70	1629	69	2169	0	54	1389	211	2757	0	212
MSTRG.11689	174	514	664	0	114	45	1919	2266	0	54	97	991	702	0	105
MSTRG.1169	43	3	316	2057	2707	545	9	619	4621	2516	121	3	418	2428	4702
MSTRG.11690	443	0	999	0	0	102	170	1377	0	0	520	220	1011	0	0
MSTRG.11691	1584	3644	1	0	762	1217	24483	1	0	1261	1194	6504	1	0	665
MSTRG.11692	961	561	762	0	22	200	3427	1035	0	16	811	929	579	0	28
MSTRG.11693	1396	950	1030	0	4615	1063	5773	380	0	8565	1413	2081	1144	0	4738
MSTRG.11694	1833	23	749	0	5315	578	6	131	0	10235	3541	0	665	0	3193
MSTRG.11695	929	196	242	0	886	1117	1561	931	0	878	824	899	330	0	644
MSTRG.11696	17016	1	1971	0	22861	17590	82	2111	0	41588	4606	0	1711	0	21648
MSTRG.11697	3689	0	4992	0	2334	3785	0	3880	0	10781	903	0	5827	0	2031
MSTRG.11698	0	0	484	0	3821	0	83	320	0	6278	0	0	985	0	2749
MSTRG.11699	835	0	284	0	41	1296	0	236	0	131	307	0	550	0	183
MSTRG.117	107	105	55	7	105	194	46	125	341	96	23	4	0	26	26
MSTRG.1170	163	440	514	948	982	126	390	1265	1445	1583	93	199	759	944	6221
MSTRG.11700	4802	221	30	0	0	2824	492	19	0	57	2587	269	57	0	75
MSTRG.11701	1000	119	76	0	4877	1031	91	135	0	5623	893	18	31	0	4160
MSTRG.11702	6368	1068	2131	0	8371	3801	347	2267	0	9930	4265	706	2023	0	6977
MSTRG.11703	220	160	163	0	1162	184	84	68	0	1062	161	153	144	0	167
MSTRG.11704	0	35	0	0	149	0	446	0	0	117	0	18	0	0	158
MSTRG.11705	4307	378	347	0	3	5789	315	334	0	53	3540	586	307	0	10
MSTRG.11706	4465	112	183	0	5	3095	106	193	0	74	3112	177	148	0	10
MSTRG.11707	1877	9296	1222	0	60	1109	8447	420	0	46	1413	10881	75	0	77
MSTRG.11708	6	1041	83	0	1	4	1540	47	0	0	3	1149	39	0	1
MSTRG.11709	3313	1296	360	0	287	2040	720	473	0	877	967	1388	517	0	146
MSTRG.1171	135	1022	311	668	2415	38	597	41	1792	3074	67	741	545	877	1919
MSTRG.11710	5260	1	249	0	10	2718	15	78	0	86	2567	4	228	0	4
MSTRG.11711	0	651	190	0	21016	0	433	98	0	25234	0	454	222	0	27957
MSTRG.11712	242	712	1194	0	2531	139	490	856	0	1776	75	563	1373	0	19279
MSTRG.11713	334	280	10577	0	2279	427	317	6996	0	1438	269	245	2356	0	15859
MSTRG.11714	66	2094	1475	0	13654	3	1382	1125	0	24199	12	2198	722	0	11169
MSTRG.11715	0	286	430	0	1151	48	478	205	0	797	0	180	83	0	8566
MSTRG.11716	921	207	8	0	43	793	224	171	0	5	634	237	6	0	26
MSTRG.11717	3273	105	9326	0	73	3189	193	5738	0	580	1806	141	1929	0	119
MSTRG.11718	349	11709	10558	0	25	496	15707	6893	0	3	156	9532	8052	0	7
MSTRG.11719	3014	199	1240	0	68	2299	211	2236	0	125	1328	229	1441	0	266
MSTRG.1172	1850	116	125	913	0	867	109	164	962	0	2494	151	266	702	74
MSTRG.11720	3538	1225	4054	0	45	2626	1380	1802	0	50	3043	1155	2141	0	203
MSTRG.11721	0	658	0	0	85	6	1483	0	0	27	1	969	0	0	791
MSTRG.11722	421	4245	448	0	1698	63	2747	1034	0	1184	10	3368	496	0	12905
MSTRG.11723	794	3206	0	0	1252	664	5361	0	0	876	511	3160	0	0	9659
MSTRG.11724	42	7428	2050	0	131	56	4361	1355	0	91	5	1278	2384	0	1940
MSTRG.11725	149	2409	3872	0	47	104	1995	2263	0	35	51	2199	2981	0	128
MSTRG.11726	1349	1059	112	0	1	463	599	79	0	1	788	225	201	0	2
MSTRG.11727	1058	1652	357	0	968	670	3115	1350	0	254	359	2757	494	0	1239
MSTRG.11728	137	3347	254	0	1	175	7391	470	0	1	108	4484	144	0	1
MSTRG.11729	937	1300	0	0	43	288	1763	0	0	0	304	1410	0	0	0
MSTRG.1173	1432	649	1371	192	1481	187	727	290	220	2349	79	396	948	195	1365
MSTRG.11730	1869	4416	9	0	1	2217	4847	126	0	6	1116	4477	167	0	39
MSTRG.11731	0	634	307	0	103	0	1330	867	0	4	0	337	273	0	1
MSTRG.11732	0	371	8	0	96	0	429	26	0	32	0	306	73	0	134
MSTRG.11733	400	3033	539	0	7	29	4315	181	0	80	190	3249	370	0	58
MSTRG.11734	1035	2122	3113	0	31351	1939	1958	2836	0	33996	1274	2726	1926	0	23492
MSTRG.11735	0	8919	3922	0	2577	214	3090	2267	0	3345	176	5527	1750	0	2581
MSTRG.11736	11883	399	1477	0	1027	12115	4076	430	0	1166	3218	548	3707	0	1046
MSTRG.11737	1750	1900	820	0	6320	1708	9815	424	0	3389	447	1689	478	0	2429
MSTRG.11738	3227	830	646	0	2225	3117	4140	286	0	7510	897	527	527	0	2176
MSTRG.11739	31	1	493	0	212	7	2	454	0	182	0	1	541	0	703
MSTRG.1174	982	1356	198	52	55	666	619	526	41	33	685	2609	358	15	130
MSTRG.11740	1215	143	3260	0	15019	1149	586	1458	0	19568	499	456	2802	0	12725
MSTRG.11741	0	9178	561	0	2	0	4483	931	0	48	0	7152	1105	0	32
MSTRG.11742	0	11163	377	0	217	0	5778	637	0	239	0	10413	411	0	240
MSTRG.11743	3094	47	527	0	44	2246	248	448	0	27	1669	383	428	0	193
MSTRG.11744	0	87	0	0	110	0	0	0	0	135	0	56	0	0	166
MSTRG.11745	210	13	165	0	658	1899	2	46	0	205	45	7	184	0	366
MSTRG.11746	68	64	10519	0	102	211	18	6924	0	2021	17	21	2283	0	32
MSTRG.11747	1154	267	761	0	283	783	751	514	0	313	1336	629	601	0	440
MSTRG.11748	175	261	694	0	118	240	316	719	0	141	284	333	681	0	0
MSTRG.11749	5320	337	175	0	1	2658	77	244	0	1	2921	83	311	0	1
MSTRG.1175	530	2746	391	16706	212	665	1891	524	15732	155	754	2028	522	11390	414
MSTRG.11750	2136	819	0	0	196	811	1208	0	0	91	2032	819	0	0	252
MSTRG.11751	97	2622	659	0	695	40	2457	269	0	423	171	2953	374	0	825
MSTRG.11752	1367	1728	910	0	8	1180	2023	731	0	10	739	694	940	0	68
MSTRG.11753	1410	1085	195	0	8043	739	1465	185	0	16443	991	1014	143	0	9381
MSTRG.11754	3372	69	328	0	7008	1241	44	348	0	6897	36	14	260	0	6160
MSTRG.11755	582	607	169	0	4	319	1144	62	0	7	254	937	126	0	14
MSTRG.11756	9322	247	1020	0	37	3954	170	1720	0	54	8405	258	2465	0	119
MSTRG.11757	6186	762	331	0	199	4574	702	81	0	307	3396	643	123	0	253
MSTRG.11758	978	1805	0	0	6	1337	1435	0	0	22	411	1503	0	0	0
MSTRG.11759	417	340	0	0	1	404	394	0	0	1	160	459	0	0	1
MSTRG.1176	13961	98	3759	456	166	18933	235	2420	1355	111	11027	68	4369	496	111
MSTRG.11760	33	346	382	0	283	4	421	169	0	279	0	307	50	0	399
MSTRG.11761	2094	45	57	0	0	1860	83	109	0	21	1023	101	75	0	0
MSTRG.11762	295	388	1093	0	1	131	1180	675	0	1	93	416	583	0	1
MSTRG.11763	3078	3539	1150	0	13	2782	1553	496	0	1	2146	4388	522	0	8
MSTRG.11764	760	4081	3382	0	55	785	2903	1241	0	0	940	6071	591	0	0
MSTRG.11765	1787	938	900	0	185	724	810	898	0	726	611	658	1543	0	517
MSTRG.11766	3025	68	2308	0	9	1741	326	589	0	6	2323	12	988	0	14
MSTRG.11767	519	364	6853	0	32	675	588	567	0	19	414	345	4209	0	39
MSTRG.11768	1579	269	2876	0	53	2458	29	2368	0	143	1071	69	2440	0	780
MSTRG.11769	931	324	103	0	3	777	349	113	0	0	527	575	85	0	0
MSTRG.1177	79	901	34	0	131	10	20153	37	0	830	10	711	31	23	195
MSTRG.11770	1186	272	799	0	110	765	736	320	0	268	2214	461	1137	0	307
MSTRG.11771	1003	5042	0	0	14134	831	1953	0	0	14450	352	4401	0	0	9599
MSTRG.11772	42	1	22358	0	9855	84	1	22546	0	13112	56	1	16576	0	7588
MSTRG.11773	0	1474	562	0	4	800	2895	211	0	1	2	2100	610	0	5
MSTRG.11774	669	5080	1665	0	2	273	9419	4190	0	2	645	4179	2136	0	1
MSTRG.11775	504	0	2	0	1	459	0	33	0	1	327	0	19	0	1
MSTRG.11776	86	1679	14772	0	1	31	1683	12392	0	1	84	1058	16639	0	1
MSTRG.11777	7086	0	1350	0	1	3567	0	449	0	1	12626	0	527	0	1
MSTRG.11778	874	199	419	0	255	197	424	625	0	68	394	1055	400	0	131
MSTRG.11779	202	1111	212	0	1	0	467	397	0	1	184	566	186	0	2
MSTRG.1178	2	468	4727	10836	592	93	350	2321	4474	1902	52	324	7948	7325	788
MSTRG.11780	1396	4147	2045	0	76	1347	2443	2044	0	65	1541	5467	3022	0	153
MSTRG.11781	8631	701	2965	0	0	4900	744	2271	0	16	6736	650	5641	0	31
MSTRG.11782	3434	2643	329	0	1	2239	3073	87	0	2	2382	2602	2236	0	1
MSTRG.11783	1777	4237	680	0	16	942	3788	1350	0	8	1159	4168	676	0	37
MSTRG.11784	2728	9217	2222	0	0	2068	6048	1129	0	1	505	7584	2070	0	1
MSTRG.11785	257	24	837	0	0	93	35	3418	0	0	98	44	637	0	0
MSTRG.11786	1702	1460	173	0	0	2792	2745	55	0	0	489	1508	151	0	0
MSTRG.11787	178	2784	278	0	0	62	5257	302	0	0	112	2620	246	0	0
MSTRG.11788	14705	580	6678	0	0	12630	617	4732	0	0	793	640	5692	0	0
MSTRG.11789	2692	5	123	0	0	1913	21	174	0	0	777	7	142	0	0
MSTRG.1179	2	449	2977	0	73	54	1348	1027	1	40	0	939	2896	2	111
MSTRG.11790	1073	45	1	0	0	556	42	0	0	0	636	24	16	0	0
MSTRG.11791	264	52	288	0	0	891	94	286	0	0	67	50	468	0	0
MSTRG.11792	507	2502	2	0	0	615	2748	10	0	0	289	2351	2	0	0
MSTRG.11793	316	97	1030	0	0	309	100	548	0	0	175	108	843	0	0
MSTRG.11794	227	52	1459	0	0	380	2	1432	0	0	144	17	1704	0	0
MSTRG.11795	112	165	27	0	0	66	406	438	0	0	1	46	76	0	0
MSTRG.11796	1697	340	18399	0	0	612	223	14850	0	0	705	581	15439	0	0
MSTRG.11797	258	1480	1358	0	0	47	970	942	0	0	108	1475	1316	0	0
MSTRG.11798	117	330	100	0	0	733	502	111	0	0	16	378	124	0	0
