gene_id	B100	B105	B110	B135	B175	B200	B205	B210	B235	B275	B300	B305	B310	B335	B375
MSTRG.1	6246	1859	3206	775	63	6323	12775	1957	969	167	1672	3482	720	831	0
MSTRG.10	10	5164	24	0	0	35	4093	36	0	0	38	4248	43	0	0
MSTRG.100	65	33	531	43	3158	134	182	54	2	4096	12	30	829	0	2559
MSTRG.1000	1947	647	3017	8947	75	1641	2436	1058	5813	112	1691	697	3611	3634	81
MSTRG.10000	118	10241	2785	2279	92	3	8123	2589	1165	356	6	12461	2886	2524	0
MSTRG.10001	319	2242	20	5636	117	316	2783	3	1360	1232	230	5005	46	3433	25
MSTRG.10002	752	233	2103	5253	0	655	97	1183	4258	0	284	332	2264	3174	99
MSTRG.10003	1877	1382	3084	3549	820	914	915	3477	3189	3063	958	1594	4776	2116	373
MSTRG.10004	0	1368	2170	7349	4926	0	838	1507	4480	5640	0	1206	2484	4359	4657
MSTRG.10005	1303	683	247	170	50	749	459	129	176	161	214	714	360	86	53
MSTRG.10006	2168	1857	894	5156	99	1891	2211	898	3333	82	2249	2365	750	3272	98
MSTRG.10007	467	3168	842	153	3995	668	2493	466	119	7284	306	1869	804	73	3506
MSTRG.10008	477	157	263	118	2409	740	57	134	111	3416	333	57	204	71	1563
MSTRG.10009	861	3221	0	947	460	335	1333	0	741	694	402	2349	0	630	963
MSTRG.1001	4017	106	3407	7	32	5924	18	4785	48	259	2376	20	4422	0	49
MSTRG.10010	4703	526	0	373	3553	5509	227	2	592	3703	1281	135	3	648	1851
MSTRG.10011	1731	71	595	5844	473	816	132	733	4841	1235	928	242	572	2803	803
MSTRG.10012	270	3463	1428	39074	513	1135	2893	985	18731	337	641	1755	134	6598	306
MSTRG.10013	0	1245	394	393	644	0	215	553	1929	1060	0	762	354	216	521
MSTRG.10014	131	5071	621	69	461	130	7263	575	7	604	33	7033	490	15	518
MSTRG.10015	582	41	175	7619	3972	367	72	251	15568	4560	458	41	139	6100	3127
MSTRG.10016	66	1715	134	66	1980	325	3022	70	0	13151	63	1573	64	2	1297
MSTRG.10017	0	0	917	75	600	0	0	889	101	1062	0	0	1514	79	269
MSTRG.10018	138	0	1519	99	5139	0	0	1367	125	6229	6	0	1265	25	2107
MSTRG.10019	0	320	12369	29692	3492	0	3	7497	9299	5681	0	478	14473	22615	2019
MSTRG.1002	1273	449	314	4101	1244	1399	605	230	4745	1695	1166	685	74	2468	1359
MSTRG.10020	27	24	4695	14638	58	51	400	2224	11859	127	4	144	9370	13756	77
MSTRG.10021	37	1990	1809	171	1762	25	9	1510	12	2095	8	0	2012	118	1689
MSTRG.10022	0	379	581	183	63	0	1957	545	3	30	0	802	444	156	44
MSTRG.10023	0	259	6640	86	1838	0	1626	4758	2	1635	0	487	3813	7	1833
MSTRG.10024	9167	27	5262	0	119	3083	11	806	0	105	2854	5	5551	0	197
MSTRG.10025	0	2148	2186	724	300	0	2668	1105	639	226	0	3145	1941	643	72
MSTRG.10026	126	26	23	1468	1545	109	1478	2	579	1216	47	955	0	1857	1402
MSTRG.10027	332	1842	53	428	114	424	2295	18	575	134	290	1946	15	608	101
MSTRG.10028	3929	506	2319	707	999	2891	3428	4320	420	1408	2498	1196	4024	441	986
MSTRG.10029	0	11305	6594	207	619	0	11610	2259	541	551	0	4673	3700	785	499
MSTRG.1003	59	6363	305	31	2	1	3301	88	85	1	1	3207	328	45	3
MSTRG.10030	0	1496	1152	8276	4356	0	1713	658	8354	7928	0	1755	958	5736	1876
MSTRG.10031	162	1004	2283	7200	1523	291	1100	2798	5976	1708	152	1261	2373	3038	1659
MSTRG.10032	982	41	1318	169	219	1220	10	409	153	59	812	2	915	285	119
MSTRG.10033	956	5185	3535	1779	666	424	5978	2076	1489	1075	586	4077	2964	1543	128
MSTRG.10034	93	248	1238	0	90	87	2726	1246	0	60	259	596	589	0	67
MSTRG.10035	75	1281	80	0	310	18	8545	0	0	521	48	2504	0	0	604
MSTRG.10036	566	979	688	2104	786	467	5850	835	2639	942	465	1657	1004	2134	500
MSTRG.10037	145	3019	109	3	549	107	19584	13	110	751	61	5284	69	12	1138
MSTRG.10038	83	1060	744	0	1700	113	1514	393	0	854	68	1655	712	0	494
MSTRG.10039	77	749	511	0	865	48	418	822	0	1467	0	644	963	0	971
MSTRG.1004	1670	2048	1909	18	516	1138	1030	19134	242	767	1406	493	1658	86	814
MSTRG.10040	557	333	1230	542	1068	397	192	409	528	859	269	116	1865	460	2199
MSTRG.10041	494	3546	0	1237	0	545	3066	0	1874	0	164	2985	0	1276	0
MSTRG.10042	10084	31	1587	1735	2574	6368	215	2119	1782	4547	4437	186	2001	1620	2013
MSTRG.10043	191	224	4861	134	1	94	125	2791	2607	4	30	428	4601	2066	0
MSTRG.10044	5689	878	180	350	5119	462	1863	16	458	3933	283	1334	192	393	2725
MSTRG.10045	2269	71	29	1858	8035	18507	891	30	1281	12944	1016	62	117	1893	7675
MSTRG.10046	8	282	966	1170	289	81	1	1140	418	935	5	0	1175	544	38
MSTRG.10047	558	86	22	215	149	497	28	145	87	105	430	48	194	33	99
MSTRG.10048	32	7355	250	0	5706	34	8519	255	0	13657	20	7675	27	0	6227
MSTRG.10049	338	108	3018	0	49	1139	201	1929	0	2	227	98	3872	0	9
MSTRG.1005	4175	0	2347	60	529	1690	4	1728	100	577	3354	1	1836	127	743
MSTRG.10050	304	4	1323	10	94	321	4	78	0	173	126	2	2107	15	62
MSTRG.10051	1105	3163	0	76	1	848	3421	0	2859	17	825	2465	0	124	6
MSTRG.10052	6028	1541	71	4750	615	5049	1461	55	4776	447	3775	1735	179	2477	4735
MSTRG.10053	874	47480	192	1769	240	1048	50257	552	2618	140	295	53182	585	1357	1763
MSTRG.10054	3807	2257	1579	2132	747	4089	1738	2692	768	578	984	2095	1671	1590	5587
MSTRG.10055	13670	308	757	1260	0	13906	527	1605	731	0	3812	234	756	275	0
MSTRG.10056	0	8764	149	926	1701	0	8444	379	49	885	0	9495	291	301	1697
MSTRG.10057	0	483	1838	0	349	53	94	2698	0	367	0	449	2699	0	213
MSTRG.10058	9828	30	51	0	27	6048	27	52	169	48	4131	45	39	6	138
MSTRG.10059	8637	0	149	0	3	7661	70	229	0	70	4454	13	267	0	0
MSTRG.1006	1982	289	2166	22	2	563	383	1386	14	48	1334	199	1288	43	0
MSTRG.10060	14653	60	5919	243	0	9268	3	4065	229	2	4007	13	5844	94	11
MSTRG.10061	3167	173	28516	416	1796	3919	149	2239	3778	1834	820	212	30621	2197	1243
MSTRG.10062	1060	1069	752	215	719	605	1154	715	612	1611	561	1284	282	199	959
MSTRG.10063	41	1110	534	17182	823	23	954	214	26555	857	20	988	313	11304	660
MSTRG.10064	108	596	6778	1612	2619	73	1040	4697	6428	2897	14	766	5099	2429	2867
MSTRG.10065	49	2995	13	2501	511	28	3640	13	1403	1001	80	3550	19	1736	493
MSTRG.10066	11477	0	250	1639	0	13135	0	77	701	25	5465	0	91	993	0
MSTRG.10067	260	4235	103	1025	220	547	5383	4	237	166	71	3723	79	1091	541
MSTRG.10068	169	835	483	2374	4396	232	748	414	1386	7461	197	681	481	3053	2101
MSTRG.10069	270	885	37	648	177	634	1001	36	1175	170	260	990	79	465	578
MSTRG.1007	10755	251	591	25	0	14218	122	462	8	864	12232	162	634	30	0
MSTRG.10070	44	4771	226	1346	2811	111	9549	121	1783	5088	31	4709	109	1457	2855
MSTRG.10071	90	135	0	946	48	61	335	5	396	134	152	124	25	1031	81
MSTRG.10072	184	909	143	1703	264	67	746	193	1844	470	96	850	182	864	268
MSTRG.10073	969	1128	437	31140	19	216	609	741	23883	58	705	483	837	18459	19
MSTRG.10074	142	137	2021	733	76	226	16	3162	1669	92	229	363	1909	1107	77
MSTRG.10075	156	4	2236	159	7411	191	1	558	147	10494	172	2	2419	169	5090
MSTRG.10076	3771	2167	1944	1353	10	2534	2174	1667	1150	121	3063	2510	3387	1256	51
MSTRG.10077	2007	25	5729	84	0	6328	1	7342	36	0	2006	8	5068	101	0
MSTRG.10078	312	0	15	333	0	1282	0	2	297	0	278	3	10	333	0
MSTRG.10079	76	74	0	3219	574	38	0	71	3499	418	7	84	42	2594	694
MSTRG.1008	1162	3288	7394	45	2234	1263	5173	3043	186	1218	527	5924	4524	54	2876
MSTRG.10080	46	30	2225	606	98	2	2	1744	256	72	384	18	2051	397	278
MSTRG.10081	108	1673	0	531	997	35	1447	0	1553	1511	26	2373	0	727	1006
MSTRG.10082	731	2958	6859	161	1310	496	4168	3378	156	929	787	3385	8752	136	1450
MSTRG.10083	325	2152	1753	82	7372	309	2323	1824	44	10347	166	2183	1772	48	6560
MSTRG.10084	336	574	41	2074	0	6	316	328	1376	8	345	268	199	1615	24
MSTRG.10085	2657	1	2096	1411	546	2174	2	7272	1732	669	1543	1	3429	1244	741
MSTRG.10086	99	910	3	50	49	527	1255	2	6	84	113	738	1	0	29
MSTRG.10087	10	746	57	120	284	125	516	103	29	220	0	744	195	24	141
MSTRG.10088	2848	236	681	1679	738	4071	149	493	6993	1080	1456	170	883	3301	619
MSTRG.10089	462	0	620	1063	210	626	0	5266	3373	137	2103	0	897	957	246
MSTRG.1009	1021	980	484	3194	263	819	1515	74	2184	491	659	700	177	1753	310
MSTRG.10090	255	54	0	1154	69	93	76	62	2086	96	124	57	4	1564	98
MSTRG.10091	1332	756	247	3176	62	889	975	903	7733	87	896	509	161	899	285
MSTRG.10092	1937	962	1200	867	134	825	2008	991	564	245	410	593	1436	830	134
MSTRG.10093	0	814	4666	0	998	0	759	7678	0	729	0	452	3899	0	811
MSTRG.10094	0	156	1423	2355	514	0	148	1234	1475	945	0	116	900	959	438
MSTRG.10095	162	100	32	1138	1562	353	127	0	641	395	15	44	55	0	909
MSTRG.10096	3770	243	3	784	104	3555	104	20	217	20	1406	134	39	264	150
MSTRG.10097	14583	1253	269	1487	847	3035	1066	147	632	1148	9439	1825	216	1073	569
MSTRG.10098	124	1229	1574	803	81	112	1195	906	1159	127	110	1169	1526	1188	64
MSTRG.10099	7960	13660	219	1821	415	6160	17127	285	1417	407	3959	10465	177	1762	206
MSTRG.101	19786	3435	1104	207	3211	20179	22907	88	292	3581	4353	4291	1684	290	3729
MSTRG.1010	7428	937	2228	12651	9392	3722	1312	106	7784	16751	6659	826	403	2328	7389
MSTRG.10100	194	5381	2033	1644	75	137	3983	1642	247	199	328	7211	1236	1755	382
MSTRG.10101	677	1278	34	777	2271	216	1558	193	357	1403	256	1624	20	468	591
MSTRG.10102	250	154	2019	1572	468	397	84	1169	416	548	198	98	2534	570	311
MSTRG.10103	16014	5401	165	25	0	8912	5790	164	39	0	14004	4532	214	105	0
MSTRG.10104	2925	2561	780	0	5	2625	1536	419	0	52	6897	2856	707	0	5
MSTRG.10105	408	2005	3435	63	5762	87	1397	2285	7	6298	639	1822	4780	155	1407
MSTRG.10106	1094	3103	5598	0	408	916	5542	4522	0	226	1140	4445	5085	0	343
MSTRG.10107	1711	294	0	660	1980	911	595	0	609	2765	1286	102	0	338	487
MSTRG.10108	728	986	0	79	1491	393	853	1	37	2429	733	909	25	79	1453
MSTRG.10109	1898	2035	25	733	79	2276	2893	179	170	196	1821	2617	29	182	149
MSTRG.1011	1950	613	67	1579	210	1552	1480	399	6239	291	1714	332	33	1910	217
MSTRG.10110	3511	639	210	176	17	3077	390	2879	84	114	1559	530	136	53	54
MSTRG.10111	63	3416	4918	0	111	45	2567	3810	0	264	85	1968	5682	0	220
MSTRG.10112	3071	1040	498	0	0	1644	1145	342	0	0	3936	532	1001	0	0
MSTRG.10113	590	89	303	2432	110	474	462	245	227	405	300	205	557	527	141
MSTRG.10114	100	407	36	0	1358	71	229	19	0	773	160	367	70	0	372
MSTRG.10115	4107	884	72	0	214	2353	758	140	0	485	1737	838	33	0	433
MSTRG.10116	1089	99	288	0	90	64	139	130	0	0	330	229	228	0	124
MSTRG.10117	6375	2941	0	1271	3675	6267	2378	29	3103	5629	3209	2759	2	2156	2234
MSTRG.10118	1807	0	53	88	77	3353	0	55	52	9	1660	0	18	55	58
MSTRG.10119	0	1351	0	554	0	0	1404	0	1659	0	0	1551	0	1106	0
MSTRG.1012	80	1322	183	0	323	25	1507	167	54	439	157	935	291	0	531
MSTRG.10120	0	3284	0	71	1024	0	2771	0	216	1442	0	4430	0	19	398
MSTRG.10121	567	47	57	2	1823	3	19	90	19	2670	401	124	0	69	1518
MSTRG.10122	43	1046	170	172	189	420	1107	525	302	302	107	1484	1	237	257
MSTRG.10123	904	118	83	82	3302	16	2	1607	110	3325	0	220	154	76	3040
MSTRG.10124	990	211	0	679	298	1061	235	0	189	157	446	9	29	521	459
MSTRG.10125	991	2207	1788	13	3070	920	2256	11583	15	2589	237	2118	557	24	3329
MSTRG.10126	0	2671	4152	22	102	0	695	1869	7	9	0	1232	2311	24	101
MSTRG.10127	2705	0	62	0	187	3602	0	183	0	75	2011	0	102	0	130
MSTRG.10128	101	115	153	286	3945	1185	130	92	253	1853	463	210	130	395	2429
MSTRG.10129	2209	215	1946	0	2340	2174	302	4909	2054	3072	1622	174	2517	163	1490
MSTRG.1013	811	1248	294	240	68	664	1938	131	31	197	616	1383	301	0	318
MSTRG.10130	2006	2845	2442	0	1490	4473	2916	1415	0	1508	1274	2392	2731	0	973
MSTRG.10131	12312	563	628	1889	821	11117	1836	726	898	1101	2374	7	1462	217	768
MSTRG.10132	2411	394	3323	2122	1841	1362	490	2392	4736	2369	2308	427	1929	2395	1848
MSTRG.10133	1452	2061	33	1696	300	788	3202	8	1796	186	1379	1985	22	1481	198
MSTRG.10134	5858	52	535	18	345	6624	60	1641	1	123	3062	83	1626	2	341
MSTRG.10135	15	411	678	1296	1067	0	454	214	1604	410	0	452	286	1113	1588
MSTRG.10136	1047	7650	872	34	2029	1592	6145	1170	31	1048	294	7758	923	68	3421
MSTRG.10137	4268	31242	616	197	594	4708	6259	492	53	35	1000	28388	748	130	250
MSTRG.10138	3039	543	4296	47	3915	2739	838	6402	27	1964	800	469	3984	31	2599
MSTRG.10139	9616	477	2367	39	0	9772	601	16764	22	0	2558	332	1767	836	0
MSTRG.1014	881	1741	4449	304	198	439	1559	4140	83	346	790	1162	7536	4	580
MSTRG.10140	0	4660	689	13	3166	66	4241	1064	145	2867	12	4343	523	24	2784
MSTRG.10141	1322	49	4804	117	5827	1223	65	1473	64	4539	1489	111	2951	113	3698
MSTRG.10142	935	389	3852	72	4289	434	761	7063	0	3084	625	387	3020	0	3439
MSTRG.10143	294	28	1214	561	155	134	27	1647	421	79	64	51	1031	792	144
MSTRG.10144	713	255	943	2928	88	434	152	589	5534	145	443	178	1147	1260	45
MSTRG.10145	3555	11	1681	2497	674	2840	27	339	2933	859	2088	112	1314	2560	404
MSTRG.10146	288	512	222	281	49	326	640	424	604	842	237	822	607	332	239
MSTRG.10147	1120	3044	3014	75	18060	1641	4254	1066	68	17059	808	3040	1781	82	21586
MSTRG.10148	139	2587	1444	0	6088	362	1234	1303	0	9070	631	3797	2001	0	9664
MSTRG.10149	380	2087	746	0	1	1	2237	783	7	1	2	3326	640	1	0
MSTRG.1015	0	191	1188	1063	827	57	199	1054	1781	1233	0	0	927	369	984
MSTRG.10150	6465	5687	4193	355	9	7202	7448	1657	480	0	4981	4769	2008	167	25
MSTRG.10151	93	13	1632	58	355	141	4	1121	70	644	56	16	1727	95	314
MSTRG.10152	3581	8	404	0	68	2672	104	28	16	214	1519	36	531	8	45
MSTRG.10153	1988	2359	786	1256	4	1210	1947	1181	2005	11	800	2366	272	1516	0
MSTRG.10154	12683	0	111	508	1	8422	0	140	386	1	11123	0	54	410	1
MSTRG.10155	2874	8874	450	306	37	2137	5087	315	286	30	2323	9181	702	271	48
MSTRG.10156	93	3291	982	1355	0	307	2082	916	651	0	80	3489	1003	883	78
MSTRG.10157	13924	70	631	3547	1	9045	234	842	3296	1	11997	263	1206	2219	1
MSTRG.10158	219	1623	1462	167	29	154	7014	427	382	47	117	3164	830	1057	50
MSTRG.10159	28	5	954	510	520	70	21	3203	1252	2472	18	17	1303	425	703
MSTRG.1016	11	3332	940	5882	899	607	1678	1334	4247	1249	0	1383	262	5313	685
MSTRG.10160	60	214	1709	14	16844	55	218	626	11	17953	3	247	2085	76	31111
MSTRG.10161	838	733	0	105	18234	427	397	0	145	16541	186	972	0	22	46353
MSTRG.10162	96	198	3192	40	323	52	28	2415	3	994	94	126	3252	3	1247
MSTRG.10163	1384	244	1	10	89	420	1957	2	76	3	982	2344	0	1	420
MSTRG.10164	135	282	6127	0	13	118	544	3123	0	9	17	323	3735	0	1
MSTRG.10165	979	96	8821	1155	1871	860	212	8605	4277	1022	1121	22	10108	1650	1221
MSTRG.10166	82	0	401	128	1877	50	0	617	6742	710	59	0	104	77	1474
MSTRG.10167	686	89	11	22572	568	881	44	692	17752	412	709	102	0	12589	4471
MSTRG.10168	4315	14942	7517	2771	718	3363	11421	15779	1169	234	2815	11122	6642	2280	3950
MSTRG.10169	5129	3790	396	7	0	4941	1922	77	105	0	2775	3385	202	18	0
MSTRG.1017	3149	1972	4081	1094	2278	1292	2339	2214	2851	4397	3270	1258	3558	2450	1827
MSTRG.10170	1302	0	133	103	0	673	51	165	141	0	486	7	65	35	0
MSTRG.10171	1205	513	26	204	1	972	415	46	95	31	716	563	84	98	52
MSTRG.10172	4915	230	2148	61	184	4860	487	1422	80	371	3393	168	451	45	1365
MSTRG.10173	59	536	887	14281	899	91	414	515	13624	1307	87	421	207	8962	874
MSTRG.10174	1286	281	3165	5	4617	1041	339	1437	2	5630	535	371	597	6	3524
MSTRG.10175	939	893	0	841	38	364	1296	0	334	268	380	574	0	680	266
MSTRG.10176	118	2252	2394	5157	1996	5	2446	1997	1122	1618	108	2027	2535	1691	1459
MSTRG.10177	12	11725	427	532	22	1	39356	539	321	0	1	16151	295	402	1
MSTRG.10178	2392	143	10	16827	0	1729	153	943	3577	0	2257	90	9	6149	0
MSTRG.10179	13	88	6	1	0	4	272	45	1	0	29	332	97	1	0
MSTRG.1018	493	1440	1342	47953	1261	622	2144	1198	13363	2504	339	2050	877	10108	2994
MSTRG.10180	10	4167	1009	2	2793	5	7012	594	1	1761	97	2968	1012	1	17113
MSTRG.10181	2267	3312	1022	126	3	1078	3743	1363	115	53	2053	1903	1385	262	23
MSTRG.10182	3691	202	1035	1636	0	3804	440	943	2670	0	2308	390	573	2697	0
MSTRG.10183	2546	406	3012	2381	0	2061	284	3308	2002	0	2791	973	3755	3528	0
MSTRG.10184	329	1	559	3343	91	376	7	869	3973	56	255	43	996	3325	25
MSTRG.10185	1465	12	1099	2669	355	1413	15	661	1738	507	913	12	968	1769	468
MSTRG.10186	1301	3013	463	2751	913	625	1926	1536	763	1747	1005	2790	900	2152	880
MSTRG.10187	0	298	3452	2730	1594	0	460	2252	5852	1351	0	230	2629	1598	1284
MSTRG.10188	891	1816	5680	124	179	1461	1507	3836	435	1689	454	921	6797	188	1406
MSTRG.10189	143	16	49	178	351	40	42	122	54	263	41	9	57	109	352
MSTRG.1019	11575	150	302	83633	4	11779	228	474	7710	2444	7996	166	129	9941	2463
MSTRG.10190	947	2689	232	2005	1231	610	2223	361	7074	1442	68	2695	444	1920	1477
MSTRG.10191	373	885	55	1412	518	342	924	87	1433	615	251	1193	39	812	600
MSTRG.10192	744	3137	79	2294	502	667	2833	53	19510	270	414	5198	72	1927	120
MSTRG.10193	145	6021	8539	5584	92	107	4977	6106	3975	2649	54	5046	8194	4255	71
MSTRG.10194	43	561	0	612	2589	57	414	0	295	5123	11	561	0	236	2143
MSTRG.10195	209	0	0	45	1177	105	0	0	115	2796	80	0	0	70	829
MSTRG.10196	1451	0	1052	650	82	1788	0	530	695	0	1707	17	1416	474	78
MSTRG.10197	1506	408	1134	1995	3	1088	2314	1300	2547	11	987	320	1004	2371	6
MSTRG.10198	10589	3042	1160	20	0	16615	5722	650	10	0	4197	2634	1272	37	0
MSTRG.10199	5892	598	6382	648	1206	3177	644	9673	705	844	9335	646	6297	922	1288
MSTRG.102	2073	2918	3157	2467	637	2218	17453	485	3785	694	540	4659	3815	2218	1121
MSTRG.1020	321	2	3906	88335	172	391	0	1162	9246	77	730	1	1902	6825	200
MSTRG.10200	1660	6	0	1	1214	1501	24	20	5	808	1098	7	8	1	887
MSTRG.10201	479	37	226	72	830	498	34	59	11	161	208	30	217	50	368
MSTRG.10202	11618	61	268	586	0	11592	111	288	223	0	6224	51	162	534	0
MSTRG.10203	3904	120	828	559	5	1392	322	808	508	236	2520	260	750	357	1
MSTRG.10204	2373	137	170	3580	0	1221	76	102	6638	0	1614	16	217	3356	0
MSTRG.10205	1112	0	52	15	204	834	0	105	78	112	756	0	220	191	112
MSTRG.10206	2673	0	82	60	382	2702	0	199	208	3201	2162	0	264	441	1741
MSTRG.10207	2366	216	331	139	242	422	467	172	67	336	644	4	229	46	204
MSTRG.10208	9408	88	734	5	12584	3597	2000	641	39	23223	2495	91	1537	7	10565
MSTRG.10209	91	783	678	362	2888	85	4410	1099	297	6507	29	278	729	446	2661
MSTRG.1021	472	2	1938	342	2426	507	56	2344	82	2421	449	1	1366	276	972
MSTRG.10210	1360	4677	3551	114	1909	1109	2344	2275	25	1736	359	2250	4739	83	2157
MSTRG.10211	106	3	149	452	1434	0	139	181	434	1064	0	83	128	260	1004
MSTRG.10212	180	1	18	8	901	434	159	11	14	483	178	121	15	31	1830
MSTRG.10213	299	4208	1591	1001	3585	222	6427	1157	2752	2881	187	6368	1227	1223	5038
MSTRG.10214	1224	4189	119	178	741	801	3131	44	61	863	992	3275	96	175	604
MSTRG.10215	217	610	514	729	1370	381	933	552	11721	1541	241	1198	368	1338	1088
MSTRG.10216	3763	2624	102	0	933	1722	1248	45	135	411	2672	1815	567	3	993
MSTRG.10217	0	584	2454	84	1326	0	1379	1351	115	1975	0	1146	1458	81	1018
MSTRG.10218	1729	651	485	0	26212	1918	397	641	0	26193	886	329	314	0	14425
MSTRG.10219	5517	1287	0	0	808	2399	1324	181	0	965	3569	993	0	0	903
MSTRG.1022	228	426	1949	158	3211	323	38	1476	213	1893	682	164	2528	54	2385
MSTRG.10220	84	1898	0	5497	1487	12	1437	0	2462	977	129	2400	0	2716	1098
MSTRG.10221	1121	5101	28	1154	86	1250	7643	28	116	35	827	3884	0	556	136
MSTRG.10222	313	2774	8045	1854	218	212	14266	2154	1182	195	116	3072	3109	995	291
MSTRG.10223	23	654	0	0	3219	98	908	0	0	3179	82	595	0	0	3419
MSTRG.10224	2228	1740	15	35	431	2175	1762	9	2583	381	1471	1516	73	1850	580
MSTRG.10225	1372	2281	2639	0	586	730	6278	1656	0	1021	802	2454	1797	0	566
MSTRG.10226	0	1458	2064	13	166	0	2808	1712	41	144	0	1494	2977	27	165
MSTRG.10227	92	2	151	408	86	98	17	155	897	38	148	55	158	364	73
MSTRG.10228	474	1528	340	5308	1981	744	1060	434	5859	1388	206	2785	551	3244	1511
MSTRG.10229	2979	126	0	0	28	3176	253	134	0	4	2028	369	0	0	46
MSTRG.1023	775	18	4	1340	1388	585	10	3	681	660	1172	55	24	1055	1145
MSTRG.10230	586	0	1	0	1	1055	0	277	0	33	155	19	2	0	0
MSTRG.10231	164	34	106	19197	1298	522	27	360	24409	1893	228	27	146	17651	1123
MSTRG.10232	1962	3706	1196	742	105	3059	1169	822	400	42	1159	2816	790	282	6
MSTRG.10233	28	1119	319	1027	95	43	1376	83	96	14	32	891	717	334	20
MSTRG.10234	9006	16	174	13	1659	5195	12	0	55	7473	5876	54	178	5	1904
MSTRG.10235	42803	733	4345	704	1063	6051	992	6107	1151	2694	39060	765	4483	590	1314
MSTRG.10236	520	1529	80	3878	1226	650	2577	13	3956	1540	232	865	38	2350	1442
MSTRG.10237	476	1469	44	516	1990	415	1454	0	695	6490	394	1639	0	551	893
MSTRG.10238	6847	900	1129	4341	1101	4366	148	3804	2261	684	4186	461	379	3197	857
MSTRG.10239	231	1079	0	0	29	106	854	0	0	42	73	280	2	0	181
MSTRG.1024	1184	1375	108	8650	6	776	943	167	12326	6	754	1239	178	5699	3
MSTRG.10240	570	192	1970	320	1316	363	71	3430	780	2235	320	101	1889	492	1043
MSTRG.10241	1	533	250	335	720	21	336	420	530	411	1	564	472	848	515
MSTRG.10242	124	791	3722	8183	596	17	1072	2219	7186	308	72	732	5217	6424	317
MSTRG.10243	200	568	24	1	1022	79	756	45	2	884	70	1414	29	1	602
MSTRG.10244	0	663	388	547	1160	0	579	322	406	829	22	334	413	574	8836
MSTRG.10245	257	671	2051	18187	1571	242	1865	1186	11932	1483	146	1116	2569	9050	1578
MSTRG.10246	749	293	39	1001	407	772	205	44	712	282	603	166	26	717	366
MSTRG.10247	2102	0	0	78	714	5780	0	0	51	239	2306	0	0	111	431
MSTRG.10248	3725	3220	214	549	1434	948	2476	13	1001	306	4436	3177	139	550	773
MSTRG.10249	2292	5430	205	558	29	2110	3909	59	452	55	3060	3442	305	191	115
MSTRG.1025	1635	2062	0	12677	4094	1579	1358	61	12645	8944	975	2753	16	17980	4402
MSTRG.10250	6059	11391	4582	927	0	6680	9897	1416	437	0	2556	10619	3452	529	0
MSTRG.10251	447	586	2942	30	59	134	636	3670	70	7	287	154	2667	42	281
MSTRG.10252	0	4	1387	483	110	0	557	1610	340	204	0	0	1808	263	103
MSTRG.10253	2	8415	867	1208	0	61	12603	963	2551	0	15	7229	804	425	0
MSTRG.10254	2891	500	1706	48	509	2300	144	2601	32	537	2540	373	3027	18	349
MSTRG.10255	0	121	423	47	319	0	251	107	19	143	0	66	244	42	148
MSTRG.10256	9577	1425	66	259	60	4187	10252	44	207	57	8253	2636	83	202	44
MSTRG.10257	2154	537	0	2425	0	2587	3422	0	3255	0	2242	969	9	3192	0
MSTRG.10258	55	1568	1543	0	0	195	8918	249	0	0	105	2782	1479	0	0
MSTRG.10259	2330	0	2226	85	2379	5267	0	1217	261	276	2409	0	3751	68	525
MSTRG.1026	50	1284	71	2192	16909	1	407	19	9684	21208	1	698	80	2723	19881
MSTRG.10260	763	258	594	465	0	191	265	45	575	0	312	245	308	433	0
MSTRG.10261	881	1817	3093	185	0	495	1120	1184	302	0	819	1766	3221	204	0
MSTRG.10262	1175	463	3688	1247	0	2028	537	226	1144	0	1656	267	5464	938	0
MSTRG.10263	491	35	0	449	1545	707	54	0	1122	2891	265	191	0	311	1597
MSTRG.10264	79	22	2943	1613	300	57	54	1344	2704	1817	11	24	3621	895	323
MSTRG.10265	16	666	5916	239	8	0	1147	1774	353	29	0	861	7658	93	1
MSTRG.10266	24	1170	4578	1594	253	42	1639	2395	503	206	3	1595	4370	640	219
MSTRG.10267	61	881	122	351	53	39	925	109	548	124	86	716	95	115	70
MSTRG.10268	15899	3541	1095	420	750	8631	3292	645	640	222	5636	3839	471	562	611
MSTRG.10269	4372	611	237	672	331	2158	1175	301	1015	306	2509	981	543	476	320
MSTRG.1027	7312	45	3	50	20	3035	21	2	1	28	8166	23	62	0	9
MSTRG.10270	30	839	29961	48	234	10	594	21769	67	404	5	701	33826	89	270
MSTRG.10271	722	1055	9025	14443	126	306	2046	5782	9257	618	762	1408	1913	13296	111
MSTRG.10272	245	3457	7822	5	2314	407	2825	4972	3	925	153	2348	1481	10	1137
MSTRG.10273	733	15301	19594	1104	0	340	8411	33529	25	0	166	8143	18943	576	0
MSTRG.10274	354	124	244	4057	1339	233	127	134	2360	2863	311	71	47	5196	1231
MSTRG.10275	849	270	3791	1937	1219	1336	409	2287	1279	1938	425	392	930	1336	1386
MSTRG.10276	2298	33	12	301	0	2350	83	70	16	0	1394	16	1	66	0
MSTRG.10277	8876	78	115	179	1186	54443	195	800	2608	1132	5245	86	108	321	950
MSTRG.10278	139	10016	26	237	186	184	6724	6	1077	91	341	8472	9	149	672
MSTRG.10279	4452	0	41	148	8	6405	0	295	6101	1	2119	0	434	1138	21
MSTRG.1028	4535	15029	189	9365	9	4446	15696	62	9109	0	4460	15457	251	6904	0
MSTRG.10280	3820	0	5996	6	136	4639	0	3911	78	70	590	0	1207	112	123
MSTRG.10281	7276	1286	4636	12701	10	3111	665	2642	40777	29	6179	1320	1068	7060	44
MSTRG.10282	379	1011	555	14024	48	295	1223	256	6282	149	233	1148	207	3074	921
MSTRG.10283	800	854	1	363	3	222	865	49	657	84	1137	906	4	420	2
MSTRG.10284	4	5325	1	16552	93	32	7652	1	8757	62	127	5451	0	13202	82
MSTRG.10285	21	0	46	1840	394	20	30	12	1259	374	5	13	129	469	381
MSTRG.10286	2964	1	6	3712	2966	1064	0	0	9151	4860	2477	175	3	4756	1199
MSTRG.10287	407	179	992	170	2665	327	81	184	176	2727	172	57	1003	189	2365
MSTRG.10288	2853	360	39	366	296	1470	243	0	1890	330	923	156	0	1099	467
MSTRG.10289	29	569	0	218	64	67	733	20	394	46	13	610	0	231	99
MSTRG.1029	35	938	3225	4929	164	26	1812	1252	855	87	30	967	1524	2615	25
MSTRG.10290	3193	152	130	1518	0	1496	228	9	2240	0	1494	246	2	106	0
MSTRG.10291	0	108	27771	236	305	0	196	14100	688	388	0	178	27602	333	204
MSTRG.10292	1183	75	30157	15178	27	1023	220	14133	7197	105	1190	266	45388	4221	64
MSTRG.10293	4595	192	90	3690	0	3081	143	59	2998	57	5225	217	308	1588	3
MSTRG.10294	5087	489	42	519	965	4304	786	16	457	1588	3326	901	48	464	1131
MSTRG.10295	0	666	151	1590	472	0	1040	6	890	395	0	742	317	1574	622
MSTRG.10296	1081	3625	63	333	1358	853	2028	22	380	954	1562	2094	1	330	1102
MSTRG.10297	0	108	0	1471	13	0	168	0	1388	9	46	196	0	1257	16
MSTRG.10298	17	3272	1225	32	3542	161	1810	794	19	2765	17	1769	1019	42	3101
MSTRG.10299	753	449	1125	778	58	2409	704	244	1792	138	276	245	2612	324	126
MSTRG.103	2066	687	11	1361	6227	1588	4833	11	1612	2340	1905	1180	21	1650	5932
MSTRG.1030	301	652	5993	237	2	218	571	2296	1958	8	37	753	4725	219	5
MSTRG.10300	3665	219	2173	914	806	5263	785	1357	898	1496	936	206	436	686	630
MSTRG.10301	214	1503	2395	1132	36	313	1090	797	1049	187	212	741	472	1705	12
MSTRG.10302	72	426	0	466	1	95	471	0	201	55	56	303	0	620	0
MSTRG.10303	91	0	0	1298	0	57	0	0	1211	0	13	0	0	476	0
MSTRG.10304	137	16	19	2320	663	344	40	106	1068	1770	447	0	52	2106	976
MSTRG.10305	74	12641	500	2150	267	55	4975	752	2632	359	1	1662	1175	1892	250
MSTRG.10306	0	0	7762	504	165	0	0	4035	380	4226	0	0	4833	271	94
MSTRG.10307	0	11	6308	104	16332	0	7	2949	115	17201	0	49	7764	62	11049
MSTRG.10308	78	6468	548	74	8392	115	3249	696	165	2915	1	2959	457	146	5490
MSTRG.10309	29	3475	2279	131	14	1882	2332	1937	111	138	57	3435	1927	312	7
MSTRG.1031	377	6436	1576	972	0	305	4560	65	1876	8	301	7131	967	962	80
MSTRG.10310	685	81	73	46	69	3322	197	38	540	196	60	131	80	27	30
MSTRG.10311	8143	540	0	124	107	3292	654	0	27	81	3345	604	0	20	109
MSTRG.10312	52	0	0	123	13235	145	0	0	34	15015	73	0	0	55	7731
MSTRG.10313	40	102	9575	747	700	38	264	5870	380	254	84	152	1616	380	725
MSTRG.10314	3893	703	5	28	177	2661	709	114	97	260	1449	367	14	54	112
MSTRG.10315	2643	0	0	386	496	1961	14	0	274	294	1400	0	0	371	413
MSTRG.10316	760	526	0	1945	4320	939	1297	0	2380	2191	1223	200	0	2002	616
MSTRG.10317	5675	20	69	2832	4778	2587	3	43	3088	2737	3439	106	48	856	14463
MSTRG.10318	96	3803	1702	293	52	45	4642	2156	267	73	31	3613	1929	144	75
MSTRG.10319	725	76	1901	1	83	1486	22	1391	548	129	945	37	1496	0	106
MSTRG.1032	5285	1630	1	0	4617	7731	1544	2	39	6353	1372	1739	3	85	4321
MSTRG.10320	625	0	3	129	132	295	0	24	93	174	238	0	0	35	262
MSTRG.10321	909	841	68	42	1660	1386	1902	2257	148	1915	620	782	1787	34	2825
MSTRG.10322	1048	75	531	164	1473	650	36	403	160	2486	853	108	381	249	2530
MSTRG.10323	5085	2697	21	130	3125	6382	3177	11	152	2780	2600	1714	23	306	2226
MSTRG.10324	6384	270	1807	414	2378	15947	346	1164	695	2089	5253	441	2270	449	2047
MSTRG.10325	952	2076	1117	3980	3090	1069	1695	718	3817	1186	342	3410	939	1106	2360
MSTRG.10326	3292	48	206	0	2518	1503	78	65	0	8060	660	38	66	0	1782
MSTRG.10327	1023	5	104	3138	67	1157	3	4600	3392	320	506	6	152	1718	98
MSTRG.10328	1291	293	3386	2582	1684	1346	242	2966	4682	4909	771	450	2826	2071	1734
MSTRG.10329	0	3666	38	1468	1142	0	3447	0	302	1340	0	3909	5	1253	851
MSTRG.1033	632	18	4618	1	3512	0	6	3827	6	3801	0	15	6416	22	2116
MSTRG.10330	1122	0	1078	4889	1769	758	0	1010	4274	3053	661	0	673	1693	1474
MSTRG.10331	1202	3933	372	193	4214	796	2519	405	544	3789	958	2236	557	133	3542
MSTRG.10332	242	3401	1185	505	549	419	3561	399	3258	306	461	2446	1278	372	515
MSTRG.10333	3976	1798	1201	50	613	1557	1147	1426	74	754	2505	1558	596	70	311
MSTRG.10334	1552	643	927	42	1403	1045	1083	136	90	2813	886	846	522	39	1725
MSTRG.10335	6	2548	0	35	0	26	2665	0	238	0	28	3029	0	47	2
MSTRG.10336	992	713	2	50	33	732	213	359	52	28	472	499	5	171	44
MSTRG.10337	3457	45	0	3742	496	3937	40	0	3069	187	493	33	0	1623	379
MSTRG.10338	1782	1421	185	253	621	1317	654	68	71	354	903	1458	323	236	416
MSTRG.10339	1259	1449	0	560	3202	145	1051	70	1003	6245	640	2868	0	565	2685
MSTRG.1034	2705	791	45	167	42	1640	810	61	406	167	1537	749	0	153	172
MSTRG.10340	1239	484	483	3418	26	988	32	6401	3460	43	226	322	1745	1240	350
MSTRG.10341	207	2196	263	2255	60	105	1552	429	4820	298	104	1738	197	1850	218
MSTRG.10342	440	5512	16397	3	199	332	847	18112	12	132	785	6406	12990	11	153
MSTRG.10343	917	0	1438	301	379	900	0	4068	313	375	450	0	2608	385	378
MSTRG.10344	191	2099	2541	3017	5	104	2011	1439	986	40	103	2033	2107	2095	8
MSTRG.10345	840	6394	1361	0	617	921	3081	530	0	2174	1090	5100	1103	0	1055
MSTRG.10346	1029	4789	973	333	145	452	2885	343	203	129	174	4083	1856	234	59
MSTRG.10347	1052	181	32	0	680	1604	94	0	0	11127	1121	131	22	0	922
MSTRG.10348	2112	20	4276	0	0	753	0	3203	0	99	2662	0	9936	0	0
MSTRG.10349	0	125	820	146	97	0	67	1753	115	94	0	71	637	191	499
MSTRG.1035	1133	803	18350	0	72	1913	412	12968	0	24	329	1143	15468	0	46
MSTRG.10350	3219	1224	1404	154	0	3304	613	1968	33	0	2539	796	1502	69	0
MSTRG.10351	1	501	1146	20	0	1	473	430	64	0	0	601	1290	14	0
MSTRG.10352	2220	69	1628	806	4190	1472	43	1451	1078	1638	1814	80	1566	824	2240
MSTRG.10353	4733	1233	31916	1055	1212	4035	1369	22553	3859	492	4361	1322	25859	1138	504
MSTRG.10354	1598	3274	1037	0	1989	768	3940	845	0	1016	953	3818	1410	0	982
MSTRG.10355	6	902	1817	0	0	0	731	944	0	0	30	647	1245	0	0
MSTRG.10356	1	116	64	544	19	1	34	48	1215	2082	4	366	158	999	1853
MSTRG.10357	9	6	312	3987	0	16	3	240	5462	0	1	1	566	4556	0
MSTRG.10358	34	54	4329	3	6	15	24	2506	1	37	0	11	3319	8	48
MSTRG.10359	4606	40738	893	927	329	4852	46339	266	611	912	1221	24008	435	490	270
MSTRG.1036	158	0	64	0	187	11	1320	22	29	185	3	0	16	190	208
MSTRG.10360	1703	6474	479	907	4389	1605	78145	281	745	6446	479	8779	493	419	2978
MSTRG.10361	5252	72	585	255	0	5256	55	2320	370	0	1364	42	780	181	0
MSTRG.10362	0	19	319	70	0	0	62	211	52	0	0	31	259	253	0
MSTRG.10363	2172	126	1988	1273	14044	1938	171	1527	2554	20894	1712	302	2002	768	11272
MSTRG.10364	449	55	42	4457	514	461	42	59	7456	610	179	10	31	412	270
MSTRG.10365	67	105	1370	457	856	129	38	1688	604	174	49	62	1518	604	470
MSTRG.10366	1026	24	55	0	358	690	20	112	0	77	733	60	0	0	213
MSTRG.10367	1378	0	105	2358	524	1665	0	54	4545	611	1430	0	15	3192	399
MSTRG.10368	1024	2020	1684	783	3216	618	1271	5450	813	3015	697	2036	2607	1028	1827
MSTRG.10369	3638	1301	1187	791	423	3133	450	6521	134	597	3260	1162	1144	213	944
MSTRG.1037	441	2007	8	36	30	524	1318	1	16	88	454	2425	0	59	29
MSTRG.10370	826	1192	1147	691	3194	1247	8724	1380	417	2322	668	2386	1820	875	2821
MSTRG.10371	636	1782	1869	743	0	315	4539	7263	747	0	479	2125	1009	854	0
MSTRG.10372	1076	1	1281	1021	145	1507	62	987	1193	109	996	5	1564	530	284
MSTRG.10373	3562	0	106	1270	288	3627	0	43	1533	502	1517	0	139	1041	544
MSTRG.10374	9901	0	1665	0	474	9846	0	1127	0	1097	7121	0	554	0	633
MSTRG.10375	131	41	77	51	5834	142	57	53	728	4444	103	73	12	48	5566
MSTRG.10376	436	325	1317	0	1	525	1870	714	0	1	297	1274	557	0	1
MSTRG.10377	32	987	672	7947	153	48	1829	264	6129	427	9	784	350	12591	294
MSTRG.10378	142	4492	1050	15826	13768	70	3930	898	11644	10143	65	3770	1271	9148	11750
MSTRG.10379	11229	81	3972	9	646	7544	117	2720	769	689	7941	133	807	952	498
MSTRG.1038	7322	455	158	90	2916	3268	749	125	104	2125	2747	349	35	172	2518
MSTRG.10380	0	1719	1998	278	72	0	2164	1438	615	35	0	2057	1998	428	104
MSTRG.10381	0	33	623	1822	232	0	2	493	389	869	0	11	545	307	528
MSTRG.10382	1546	34	761	10	803	598	0	439	21	207	1126	1	519	65	150
MSTRG.10383	1316	0	1676	0	4	1223	0	311	0	11	761	0	958	0	13
MSTRG.10384	1159	33486	9	74	457	650	13783	10	485	562	959	42692	88	672	379
MSTRG.10385	6936	50165	48	4080	54	6830	21252	49	3690	9	5873	71306	126	8998	34
MSTRG.10386	0	137	0	225	348	18	14	0	400	312	4	245	0	170	182
MSTRG.10387	544	24	362	2786	125	262	22	181	2882	180	131	67	574	1996	125
MSTRG.10388	932	137	30	1	965	577	82	7	40	1594	406	428	10	4	151
MSTRG.10389	204	0	0	779	282	154	0	0	1192	185	182	0	1	758	224
MSTRG.1039	1662	11704	1	697	7692	1401	8865	17	542	8609	50	9992	2	394	2992
MSTRG.10390	132	6102	397	38	270	139	37380	205	70	207	129	8860	101	75	126
MSTRG.10391	92	4	15	2164	1591	169	102	51	3705	2438	233	15	30	1717	2218
MSTRG.10392	291	0	83	882	168	157	0	66	1014	224	90	0	131	930	202
MSTRG.10393	1059	0	0	197	93	951	0	0	281	98	768	0	0	1282	94
MSTRG.10394	1702	2248	0	2777	0	1610	2270	0	1831	0	1199	2065	0	1748	0
MSTRG.10395	4493	1569	2112	163	105	1572	1579	205	330	108	3723	1955	296	103	56
MSTRG.10396	116	63	0	0	444	75	1861	0	0	379	109	1528	0	0	562
MSTRG.10397	2746	26	0	1376	15	1958	35	1125	1907	60	1462	10	0	1894	22
MSTRG.10398	278	328	0	534	86	293	435	0	579	115	77	349	0	505	94
MSTRG.10399	30	2122	2331	0	28	333	1422	3387	0	46	17	2813	1866	0	57
MSTRG.104	284	1234	114	7044	2315	101	1151	176	4494	728	286	1763	171	4118	2443
MSTRG.1040	18	1177	291	718	0	283	483	26	319	3	20	682	225	321	78
MSTRG.10400	2310	581	269	27	906	1042	686	1766	86	1079	309	730	240	359	580
MSTRG.10401	470	338	7	120	1327	363	107	73	201	3902	255	47	1	175	585
MSTRG.10402	0	198	5	166	273	0	96	9	170	233	0	68	82	283	151
MSTRG.10403	16	0	215	9	792	48	0	369	22	653	23	0	311	56	818
MSTRG.10404	9493	0	162	0	356	6419	0	149	0	660	717	0	217	0	191
MSTRG.10405	0	24	692	26	37993	0	0	318	9	48041	0	36	938	51	23355
MSTRG.10406	8285	122	0	864	5897	4568	3582	0	110	45458	3695	146	0	984	4482
MSTRG.10407	3782	3638	217	61	4	3056	3105	394	2449	11	2954	2950	388	149	1
MSTRG.10408	153	1753	0	14	69	231	1345	0	24	85	74	1355	0	36	175
MSTRG.10409	316	213	0	14	2	563	2	0	53	1	381	87	0	18	1
MSTRG.1041	208	291	0	4063	1820	171	637	10	3588	4581	162	565	141	5590	1290
MSTRG.10410	0	0	1900	69	60	0	0	150	23	6	0	0	720	83	26
MSTRG.10411	155	1557	1847	249	217	220	803	4025	415	389	94	1555	1118	392	346
MSTRG.10412	1085	822	1443	3703	590	618	1036	1779	1759	621	152	783	1538	760	266
MSTRG.10413	56	1	0	272	8903	508	36	0	549	10872	13	2	0	364	8662
MSTRG.10414	403	925	1223	14	0	3	106	985	161	0	177	432	1355	77	0
MSTRG.10415	1235	0	160	0	913	1469	0	58	0	49	742	0	187	0	999
MSTRG.10416	4455	1	11	2893	86	5095	585	55	3594	227	2295	27	977	3353	270
MSTRG.10417	106	0	15	72	118	16	0	148	72	154	43	0	65	61	273
MSTRG.10418	163	317	166	0	372	5	293	25	36	522	0	189	124	12	424
MSTRG.10419	4173	0	409	2632	2676	2709	55	293	576	2372	1139	0	719	911	1272
MSTRG.1042	377	258	7587	1118	78	113	290	6086	1140	10	176	655	4658	968	62
MSTRG.10420	3470	560	3028	0	0	3207	4142	4245	0	0	1519	2347	1239	0	0
MSTRG.10421	266	234	3322	20990	1905	253	406	3309	18387	2212	323	181	3297	17766	1561
MSTRG.10422	3284	26	408	8101	2814	1712	104	488	7629	4163	3026	0	648	10724	2382
MSTRG.10423	26	90	73	247	1197	48	38	23	790	509	13	33	107	436	1625
MSTRG.10424	208	3992	193	40	3147	128	8023	61	249	4499	233	6188	276	67	1859
MSTRG.10425	4654	735	29	10	162	2869	3832	350	4	364	2720	1110	189	16	93
MSTRG.10426	0	1217	0	1	525	0	1918	30	0	2171	0	1552	1	1	26
MSTRG.10427	5820	2174	1448	120	43	2212	4569	1313	21	62	2390	1149	1440	129	91
MSTRG.10428	3750	803	563	1	22	3296	847	439	1	220	1767	973	667	1	51
MSTRG.10429	1970	165	1026	26	2	1545	93	500	34	31	1210	274	915	53	1
MSTRG.1043	7031	557	3484	10006	255	4704	547	3718	7200	12	5732	1136	3285	3285	2
MSTRG.10430	708	2687	3870	15	49	1011	1421	3382	16	106	642	1227	3511	26	56
MSTRG.10431	3446	101	0	357	3059	2394	122	397	2619	2969	2444	53	0	715	4371
MSTRG.10432	771	1963	1200	12227	3573	223	723	2069	4551	5972	458	6	2318	8086	3508
MSTRG.10433	342	748	37	1162	168	124	356	0	1072	116	133	317	5	461	259
MSTRG.10434	1670	1367	220	183	375	814	660	199	135	1912	1148	1333	41	124	206
MSTRG.10435	1821	2667	0	1481	46	923	17296	118	2041	20	2279	4481	0	1319	22
MSTRG.10436	594	1863	832	0	249	41	1654	3431	0	1514	215	1810	1505	0	454
MSTRG.10437	2823	3458	318	0	12	1790	1039	396	0	93	1683	1340	361	0	147
MSTRG.10438	8184	864	4	75	6711	649	434	5	11	37495	7291	592	10	12	5017
MSTRG.10439	0	1192	1404	12	767	0	442	13083	39	1076	0	742	7	48	1000
MSTRG.1044	1418	750	51	49	263	338	750	286	149	90	1400	1143	204	65	19
MSTRG.10440	2403	20	20722	2802	324	1902	28	12412	1646	728	1502	68	14411	2046	750
MSTRG.10441	6357	109	10787	527	8862	3449	42	2276	252	5042	3726	105	4330	1071	4283
MSTRG.10442	5506	0	6	151	9032	2779	0	64	75	20205	3690	0	11	5	10387
MSTRG.10443	120	487	205	581	1817	125	504	104	585	1310	80	516	82	668	694
MSTRG.10444	202	0	15133	85	4464	66	0	13951	31	7742	59	0	11877	462	5007
MSTRG.10445	1103	284	0	251	183	919	88	0	1010	156	526	218	7	514	209
MSTRG.10710	188	0	12852	15	10	475	0	7955	5	1	38	0	2744	119	6
MSTRG.10711	817	194	0	1440	1345	1039	283	0	3313	1159	591	307	0	1039	1036
