gene_id	B100	B105	B110	B135	B175	B200	B205	B210	B235	B275	B300	B305	B310	B335	B375
MSTRG.11799	701	413	203	0	0	250	391	102	0	0	554	342	90	0	0
MSTRG.118	137	240	120	1	0	44	145	78	215	0	256	222	0	18	0
MSTRG.1180	9	1047	0	152	74	133	1472	0	31	39	0	1451	44	398	100
MSTRG.11800	145	0	244	0	0	105	0	123	0	0	153	0	563	0	0
MSTRG.11801	706	5387	4436	0	0	580	35832	5313	0	0	467	9706	1547	0	0
MSTRG.11802	14242	1254	2398	0	0	11877	7662	3991	0	0	20288	2562	3313	0	0
MSTRG.11803	1135	981	317	0	0	735	5700	82	0	0	877	2287	653	0	0
MSTRG.11804	3	211	98	0	0	14	1490	111	0	0	2	407	9	0	0
MSTRG.11805	721	4	1999	0	0	528	156	349	0	0	456	0	3244	0	0
MSTRG.11806	630	1196	23	0	0	907	7543	456	0	0	355	2253	236	0	0
MSTRG.11807	19	4720	125	0	0	67	29003	54	0	0	11	7855	159	0	0
MSTRG.11808	219	12321	1022	0	0	553	9127	215	0	0	125	8916	770	0	0
MSTRG.11809	5126	577	17	0	0	1552	399	230	0	0	3326	256	9	0	0
MSTRG.1181	5003	2812	71	76	3119	2944	3479	0	6	2817	3045	3852	8	100	2141
MSTRG.11810	5254	2798	11023	0	0	2621	2155	17819	0	0	5265	1751	12894	0	0
MSTRG.11811	645	1536	30	0	0	139	2002	6	0	0	366	1854	21	0	0
MSTRG.11812	77	4467	662	0	0	128	1960	509	0	0	19	3936	894	0	0
MSTRG.11813	454	0	2191	0	0	299	0	3937	0	0	278	0	2255	0	0
MSTRG.11814	135	0	3797	0	0	0	0	3968	0	0	0	0	4909	0	0
MSTRG.11815	385	3	8535	0	0	295	244	10470	0	0	414	142	9373	0	0
MSTRG.11816	151	89	351	0	0	498	430	366	0	0	163	86	320	0	0
MSTRG.11817	5316	121	1777	0	0	1816	227	1318	0	0	4064	351	1921	0	0
MSTRG.11818	1	423	667	0	0	12	230	851	0	0	4	382	2458	0	0
MSTRG.11819	2056	3488	1613	0	0	2483	2875	755	0	0	1895	1757	2863	0	0
MSTRG.1182	481	120	1950	22950	24	475	11366	3257	1199	3	334	628	2002	3771	41
MSTRG.11820	5527	4939	3530	0	0	9365	2375	2845	0	0	2730	1622	4192	0	0
MSTRG.11821	0	1163	193	0	0	0	37	20	0	0	0	3822	110	0	0
MSTRG.11822	1784	613	4732	0	0	1115	405	2308	0	0	1071	404	4927	0	0
MSTRG.11823	0	556	1	0	0	0	245	1	0	0	0	513	1	0	0
MSTRG.11824	203	28	4	0	0	317	134	1	0	0	939	50	25	0	0
MSTRG.11825	702	539	2318	0	0	405	1316	2478	0	0	318	665	2318	0	0
MSTRG.11826	5244	223	52	0	0	3540	272	152	0	0	4940	74	70	0	0
MSTRG.11827	688	0	637	0	0	720	0	325	0	0	519	0	42	0	0
MSTRG.11828	865	292	34	0	0	761	480	343	0	0	610	543	21	0	0
MSTRG.11829	4349	15847	7	0	0	4852	21524	232	0	0	2776	12993	4	0	0
MSTRG.1183	4548	101	324	23	161	2976	29	189	31	243	2805	33	347	31	250
MSTRG.11830	8827	13385	467	0	0	6160	5186	403	0	0	5731	5296	89	0	0
MSTRG.11831	1433	21	9472	0	0	1323	0	6165	0	0	1036	0	2012	0	0
MSTRG.11832	3267	255	690	0	0	5102	169	813	0	0	925	492	549	0	0
MSTRG.11833	211	2840	0	0	0	295	1739	31	0	0	209	3185	19	0	0
MSTRG.11834	71	1117	0	0	0	94	1170	50	0	0	56	1129	0	0	0
MSTRG.11835	97	571	14	0	0	108	739	75	0	0	15	510	6	0	0
MSTRG.11836	3	55	12	0	0	20	47	2	0	0	0	29	20	0	0
MSTRG.11837	1951	489	102	0	0	1857	314	137	0	0	1134	321	267	0	0
MSTRG.11838	610	0	47	0	0	386	0	72	0	0	344	0	57	0	0
MSTRG.11839	440	198	142	0	0	350	139	70	0	0	228	209	21	0	0
MSTRG.1184	3	2108	311	3	3676	6	3748	223	77	7260	1	2688	918	1	3169
MSTRG.11840	83	5422	3	0	0	0	36231	21	0	0	35	9563	40	0	0
MSTRG.11841	503	1151	0	0	0	269	7245	0	0	0	403	2271	0	0	0
MSTRG.11842	228	266	528	0	0	116	2293	436	0	0	196	802	255	0	0
MSTRG.11843	451	678	300	0	0	192	655	439	0	0	18	787	289	0	0
MSTRG.11844	204	219	207	0	0	81	293	189	0	0	160	379	319	0	0
MSTRG.11845	169	0	212	0	0	22	0	263	0	0	163	0	380	0	0
MSTRG.11846	1695	234	4	0	0	997	671	1063	0	0	1240	420	2	0	0
MSTRG.11847	263	627	0	0	0	487	575	138	0	0	67	885	0	0	0
MSTRG.11848	3344	102	1364	0	0	1840	162	406	0	0	2138	182	1374	0	0
MSTRG.11849	326	543	965	0	0	203	357	584	0	0	85	372	1130	0	0
MSTRG.1185	783	2579	204	2	34	394	1255	215	5	180	218	2553	270	10	189
MSTRG.11850	316	228	405	0	0	138	88	362	0	0	584	180	1283	0	0
MSTRG.11851	382	12140	103	0	0	442	18329	211	0	0	200	12002	189	0	0
MSTRG.11852	12081	1060	2024	0	0	10172	659	2845	0	0	7406	1280	3515	0	0
MSTRG.11853	208	1	320	0	0	134	8	155	0	0	205	1	592	0	0
MSTRG.11854	1218	2174	180	0	0	1091	2974	137	0	0	577	1754	346	0	0
MSTRG.11855	773	4126	53	0	0	1413	3657	52	0	0	664	4559	45	0	0
MSTRG.11856	5252	10815	6147	0	0	2161	19071	5760	0	0	3072	14108	5839	0	0
MSTRG.11857	3905	23	891	0	0	4506	29	5011	0	0	2314	26	2728	0	0
MSTRG.11858	9236	492	1826	0	0	3579	369	847	0	0	618	286	2018	0	0
MSTRG.11859	1949	3758	592	0	0	1402	3597	177	0	0	1385	6428	435	0	0
MSTRG.1186	1221	62	409	259	162	649	66	524	357	67	468	122	503	268	85
MSTRG.11860	1817	64	486	0	0	1334	173	708	0	0	372	324	363	0	0
MSTRG.11861	2343	0	0	0	0	3180	1	0	0	0	2657	1	0	0	0
MSTRG.11862	4242	845	1719	0	0	6378	1249	3431	0	0	2456	2376	1424	0	0
MSTRG.11863	1156	239	9	0	0	1353	25	3	0	0	687	129	24	0	0
MSTRG.11864	4157	0	72	0	0	626	0	112	0	0	1562	0	81	0	0
MSTRG.11865	966	537	737	0	0	965	288	479	0	0	317	181	325	0	0
MSTRG.11866	477	179	105	0	0	345	1315	64	0	0	377	353	184	0	0
MSTRG.11867	140	87	143	0	0	3	99	126	0	0	4	92	134	0	0
MSTRG.11868	4131	838	4	0	0	4172	766	34	0	0	2354	497	12	0	0
MSTRG.11869	4222	1132	87	0	0	3063	452	228	0	0	3058	632	281	0	0
MSTRG.1187	466	1544	1070	1222	95	431	1668	1785	1653	116	281	1001	1421	1595	68
MSTRG.11870	7824	16066	1294	0	0	2748	18316	173	0	0	3925	15880	1044	0	0
MSTRG.11871	30	438	941	0	0	0	356	3341	0	0	0	555	1984	0	0
MSTRG.11872	490	1730	189	0	0	2937	3300	4352	0	0	262	1980	168	0	0
MSTRG.11873	1925	0	32	0	0	12166	15	515	0	0	790	14	83	0	0
MSTRG.11874	31	12346	806	0	0	45	10848	701	0	0	38	13059	930	0	0
MSTRG.11875	35	885	26	0	0	324	571	111	0	0	14	500	17	0	0
MSTRG.11876	753	307	4248	0	0	2094	691	7775	0	0	265	398	5076	0	0
MSTRG.11877	4947	183	6154	0	0	2799	342	4367	0	0	3168	142	5686	0	0
MSTRG.11878	8614	2179	942	0	0	2402	2205	561	0	0	4167	2997	1081	0	0
MSTRG.11879	13726	2316	29844	0	0	5460	2463	42841	0	0	10159	3287	30576	0	0
MSTRG.1188	243	344	114	127	2479	319	101	22	200	2409	91	106	321	196	797
MSTRG.11880	61	742	2910	0	0	134	1390	5160	0	0	536	1228	1575	0	0
MSTRG.11881	195	500	4865	0	0	0	153	4185	0	0	44	2839	4348	0	0
MSTRG.11882	29	884	55	0	0	14	63	204	0	0	53	435	292	0	0
MSTRG.11883	24	1607	0	0	0	36	1052	5	0	0	44	1314	6	0	0
MSTRG.11884	403	1198	3630	0	0	475	2561	2940	0	0	374	1373	2823	0	0
MSTRG.11885	318	117	3049	0	0	198	44	3237	0	0	166	59	2408	0	0
MSTRG.11886	5	388	56	0	0	10	293	55	0	0	49	729	22	0	0
MSTRG.11887	13	746	183	0	0	14	567	126	0	0	103	554	107	0	0
MSTRG.11888	30	244	333	0	0	44	92	24	0	0	84	83	245	0	0
MSTRG.11889	1291	91	93	0	0	1079	49	17	0	0	820	115	74	0	0
MSTRG.1189	1314	1374	54	446	330	552	1204	91	629	152	2313	1194	138	621	433
MSTRG.11890	2366	4048	32393	0	0	2150	6187	36601	0	0	1750	2508	35898	0	0
MSTRG.11891	1937	0	6627	0	0	2178	2	89584	0	0	1061	0	6213	0	0
MSTRG.11892	1282	414	128	0	0	1213	253	64	0	0	711	469	131	0	0
MSTRG.11893	29	43	2	0	0	27	88	1	0	0	5	15	7	0	0
MSTRG.11894	784	1042	0	0	0	551	613	54	0	0	461	1034	0	0	0
MSTRG.11895	352	1275	11	0	0	218	467	38	0	0	262	765	91	0	0
MSTRG.11896	702	86	93	0	0	713	208	131	0	0	193	103	246	0	0
MSTRG.11897	366	15568	0	0	0	415	16578	0	0	0	26	11671	1	0	0
MSTRG.11898	466	4087	17292	0	0	571	1567	18112	0	0	201	2740	8886	0	0
MSTRG.11899	454	107	13324	0	0	452	135	10600	0	0	332	119	11202	0	0
MSTRG.119	919	257	338	153	85	468	209	136	114	103	282	303	295	250	44
MSTRG.1190	3792	167	3141	0	8535	2169	402	2163	0	7493	1654	250	2907	0	12067
MSTRG.11900	493	300	1	0	0	506	165	1	0	0	324	200	1	0	0
MSTRG.11901	0	210	3	0	0	0	124	2	0	0	0	521	4	0	0
MSTRG.11902	21684	3665	1	0	0	22175	5289	1	0	0	5849	1349	1	0	0
MSTRG.11903	3004	1973	99	0	0	3265	3786	114	0	0	980	2304	84	0	0
MSTRG.11904	767	456	1	0	0	845	215	1	0	0	193	872	1	0	0
MSTRG.11905	4	2003	1	0	0	146	423	0	0	0	0	2325	1	0	0
MSTRG.11906	3884	9	0	0	0	3859	662	1	0	0	972	221	0	0	0
MSTRG.11907	15311	257	57	0	0	14696	192	84	0	0	3818	158	156	0	0
MSTRG.11908	18	1629	4	0	0	0	567	20	0	0	25	1105	16	0	0
MSTRG.11909	13865	327	0	0	0	11607	242	1	0	0	7638	212	1	0	0
MSTRG.1191	105	303	196	3513	428	274	240	346	6646	887	43	207	226	1606	967
MSTRG.11910	5283	640	9472	0	0	3074	285	17057	0	0	1167	116	10903	0	0
MSTRG.11911	619	479	8835	0	0	263	4435	7168	0	0	122	2486	8108	0	0
MSTRG.11912	0	950	0	0	0	0	1147	30	0	0	0	1520	3	0	0
MSTRG.11913	0	2004	73	0	0	0	850	241	0	0	0	763	87	0	0
MSTRG.11914	0	4356	465	0	0	0	2709	2169	0	0	0	522	497	0	0
MSTRG.11915	41	3694	290	0	0	115	2847	246	0	0	108	2660	376	0	0
MSTRG.11916	87	178	1	0	0	194	238	167	0	0	10	149	2	0	0
MSTRG.11917	3267	0	7	0	0	2165	0	24	0	0	2822	0	18	0	0
MSTRG.11918	5004	32	84	0	0	2468	174	0	0	0	3490	21	1	0	0
MSTRG.11919	664	7	198	0	0	396	222	1168	0	0	494	4	712	0	0
MSTRG.1192	2148	583	30	25	22	19742	1329	27	46	9	447	568	27	1787	21
MSTRG.11920	154	253	16	0	0	56	1628	10	0	0	11	405	6	0	0
MSTRG.11921	963	5903	49	0	0	1336	38899	90	0	0	607	10672	736	0	0
MSTRG.11922	79	427	5	0	0	48	898	1	0	0	112	485	0	0	0
MSTRG.11923	0	7491	252	0	0	0	6944	389	0	0	0	9026	526	0	0
MSTRG.11924	232	156	0	0	0	369	40	0	0	0	310	101	0	0	0
MSTRG.11925	5986	1	0	0	0	3211	1	0	0	0	1899	1	0	0	0
MSTRG.11926	5847	1476	0	0	0	3149	1204	0	0	0	2432	1863	0	0	0
MSTRG.11927	959	724	0	0	0	100	1255	0	0	0	2955	731	0	0	0
MSTRG.11928	489	421	0	0	0	507	269	0	0	0	242	20	0	0	0
MSTRG.11929	226	14	0	0	0	195	34	0	0	0	44	51	0	0	0
MSTRG.1193	27	2827	4733	141	96	106	2684	4970	388	104	19	2951	4271	1045	77
MSTRG.11930	445	0	0	0	0	306	24	0	0	0	418	31	0	0	0
MSTRG.11931	39	990	0	0	0	3	1849	0	0	0	9	495	0	0	0
MSTRG.11932	3362	352	0	0	0	2016	309	0	0	0	3398	362	0	0	0
MSTRG.11933	2001	147	0	0	0	2136	62	0	0	0	1694	76	0	0	0
MSTRG.11934	486	143	0	0	0	308	75	0	0	0	226	48	0	0	0
MSTRG.11935	344	588	0	0	0	111	334	0	0	0	258	544	0	0	0
MSTRG.11936	0	40	0	0	0	0	239	0	0	0	0	355	0	0	0
MSTRG.11937	21311	256	0	0	0	21797	166	0	0	0	5804	168	0	0	0
MSTRG.11938	874	5	0	0	0	1310	4	0	0	0	719	49	0	0	0
MSTRG.11939	1802	0	0	0	0	785	0	0	0	0	980	0	0	0	0
MSTRG.1194	614	7569	136	0	133	375	3626	245	0	364	323	3076	167	1982	589
MSTRG.11940	206	223	0	0	0	346	284	0	0	0	427	247	0	0	0
MSTRG.11941	0	1310	0	0	0	0	590	0	0	0	0	1354	0	0	0
MSTRG.11942	194	841	0	0	0	239	679	0	0	0	286	1176	0	0	0
MSTRG.11943	835	334	0	0	0	716	685	0	0	0	697	951	0	0	0
MSTRG.11944	107	123	0	0	0	145	151	0	0	0	97	291	0	0	0
MSTRG.11945	817	43	0	0	0	638	79	0	0	0	535	41	0	0	0
MSTRG.11946	1236	5872	0	0	0	1698	5942	0	0	0	1857	4745	0	0	0
MSTRG.11947	344	1059	0	0	0	43	5911	0	0	0	71	2503	0	0	0
MSTRG.11948	0	1030	0	0	0	0	1645	0	0	0	0	1154	0	0	0
MSTRG.11949	292	193	0	0	0	87	215	0	0	0	52	265	0	0	0
MSTRG.1195	939	341	214	725	18736	1467	155	302	1197	12959	1194	347	51	646	17550
MSTRG.11950	643	2311	0	0	0	667	3266	0	0	0	173	2146	0	0	0
MSTRG.11951	83	215	0	0	0	81	200	0	0	0	73	424	0	0	0
MSTRG.11952	758	301	0	0	0	689	68	0	0	0	291	276	0	0	0
MSTRG.11953	1425	1968	0	0	0	548	834	0	0	0	539	1215	0	0	0
MSTRG.11954	3208	1820	0	0	0	1863	6518	0	0	0	287	4638	0	0	0
MSTRG.11955	1218	200	0	0	0	1105	225	0	0	0	1296	140	0	0	0
MSTRG.11956	2101	192	0	0	0	810	264	0	0	0	504	235	0	0	0
MSTRG.11957	3557	0	0	0	0	2700	0	0	0	0	74	0	0	0	0
MSTRG.11958	4983	1340	0	0	0	2852	2451	0	0	0	2340	1478	0	0	0
MSTRG.11959	85	65	0	0	0	33	102	0	0	0	16	98	0	0	0
MSTRG.1196	1276	260	75	95	15	1452	19	99	50	39	1261	124	80	271	308
MSTRG.11960	0	640	0	0	0	0	453	0	0	0	0	266	0	0	0
MSTRG.11961	20162	40	0	0	0	18574	59	0	0	0	10440	161	0	0	0
MSTRG.11962	7594	150	0	0	0	11910	139	0	0	0	3339	112	0	0	0
MSTRG.11963	13	31	0	0	0	25	86	0	0	0	4	46	0	0	0
MSTRG.11964	182	674	0	0	0	105	944	0	0	0	155	842	0	0	0
MSTRG.11965	297	15	0	0	0	158	212	0	0	0	413	55	0	0	0
MSTRG.11966	11055	2164	0	0	0	5632	5271	0	0	0	8027	5757	0	0	0
MSTRG.11967	92	6021	0	0	0	112	4207	0	0	0	36	5355	0	0	0
MSTRG.11968	2868	1017	0	0	0	2433	602	0	0	0	2132	1015	0	0	0
MSTRG.11969	52	35700	0	0	0	138	50078	0	0	0	35	28736	0	0	0
MSTRG.1197	1050	554	2890	0	740	627	787	1591	0	699	1587	2166	1139	409	664
MSTRG.11970	618	1174	0	0	0	334	3980	0	0	0	98	480	0	0	0
MSTRG.11971	9	4602	0	0	0	37	4994	0	0	0	4	4427	0	0	0
MSTRG.11972	246	112	0	0	0	398	158	0	0	0	62	206	0	0	0
MSTRG.11973	1028	6	0	0	0	946	56	0	0	0	220	110	0	0	0
MSTRG.11974	19302	3417	0	0	0	19574	3567	0	0	0	5223	2769	0	0	0
MSTRG.11975	46	4363	0	0	0	176	2184	0	0	0	109	2028	0	0	0
MSTRG.11976	464	280	0	0	0	1002	433	0	0	0	331	236	0	0	0
MSTRG.11977	9	240	0	0	0	32	163	0	0	0	10	117	0	0	0
MSTRG.11978	376	989	0	0	0	531	138	0	0	0	210	442	0	0	0
MSTRG.11979	959	0	0	0	0	733	0	0	0	0	144	63	0	0	0
MSTRG.1198	777	444	447	3953	160	15919	171	276	6030	78	192	218	700	4935	316
MSTRG.11980	320	63	0	0	0	318	6	0	0	0	328	65	0	0	0
MSTRG.11981	665	8365	0	0	0	302	8785	0	0	0	234	6696	0	0	0
MSTRG.11982	68	11823	0	0	0	102	9027	0	0	0	314	11836	0	0	0
MSTRG.11983	451	395	0	0	0	104	1014	0	0	0	177	67	0	0	0
MSTRG.11984	244	1555	0	0	0	55	900	0	0	0	156	131	0	0	0
MSTRG.11985	167	17	0	0	0	88	11	0	0	0	30	27	0	0	0
MSTRG.11986	8	20	0	0	0	12	0	0	0	0	77	0	0	0	0
MSTRG.11987	299	235	0	0	0	291	281	0	0	0	199	229	0	0	0
MSTRG.11988	1057	6	0	0	0	305	83	0	0	0	543	43	0	0	0
MSTRG.11989	1016	24	0	0	0	654	12	0	0	0	930	5	0	0	0
MSTRG.1199	2164	673	10845	75	5	2528	651	5881	27	37	1545	261	13036	56	5
MSTRG.11990	811	64	0	0	0	488	27	0	0	0	3164	194	0	0	0
MSTRG.11991	201	1	0	0	0	131	0	0	0	0	232	1	0	0	0
MSTRG.11992	7	460	0	0	0	7	1131	0	0	0	9	261	0	0	0
MSTRG.11993	7246	401	0	0	0	5784	3870	0	0	0	3811	635	0	0	0
MSTRG.11994	566	36345	0	0	0	4812	38591	0	0	0	1613	35032	0	0	0
MSTRG.11995	1190	3944	0	0	0	1106	2675	0	0	0	571	4075	0	0	0
MSTRG.11996	195	791	0	0	0	356	891	0	0	0	119	832	0	0	0
MSTRG.11997	2219	2588	0	0	0	2741	971	0	0	0	1031	678	0	0	0
MSTRG.11998	85	56	0	0	0	8	25	0	0	0	23	24	0	0	0
MSTRG.11999	420	3510	0	0	0	142	7304	0	0	0	151	3669	0	0	0
MSTRG.12	58	0	28	20	562	8	0	10	20	521	24	0	14	79	431
MSTRG.120	171	148	4669	230	140	244	291	2922	483	173	140	186	3502	178	778
MSTRG.1200	14	481	888	1226	1	113	613	2034	1080	110	6	410	2288	636	15
MSTRG.12000	18912	437	0	0	0	25391	216	0	0	0	15069	1075	0	0	0
MSTRG.12001	596	36284	0	0	0	471	25048	0	0	0	298	29439	0	0	0
MSTRG.12002	2330	3	0	0	0	3644	36	0	0	0	1610	20	0	0	0
MSTRG.12003	14	131	0	0	0	35	281	0	0	0	15	224	0	0	0
MSTRG.12004	18	5	0	0	0	24	3	0	0	0	23	3	0	0	0
MSTRG.12005	16566	510	0	0	0	13814	424	0	0	0	11438	102	0	0	0
MSTRG.12006	899	31	0	0	0	364	15	0	0	0	275	0	0	0	0
MSTRG.12007	449	262	0	0	0	645	126	0	0	0	286	232	0	0	0
MSTRG.12008	277	1	0	0	0	334	1	0	0	0	121	1	0	0	0
MSTRG.12009	3067	1	0	0	0	2284	1	0	0	0	2923	0	0	0	0
MSTRG.1201	3920	584	2	1764	36	4036	791	3	3075	112	3753	1094	22	171	32
MSTRG.12010	3623	732	0	0	0	2802	706	0	0	0	5440	962	0	0	0
MSTRG.12011	1543	13678	0	0	0	203	16009	0	0	0	6737	11478	0	0	0
MSTRG.12012	792	15593	0	0	0	1002	11817	0	0	0	682	12801	0	0	0
MSTRG.12013	2093	1	0	0	0	810	1	0	0	0	1053	1	0	0	0
MSTRG.12014	1054	2	0	0	0	2980	4	0	0	0	784	8	0	0	0
MSTRG.12015	8421	1	0	0	0	7738	1	0	0	0	3067	1	0	0	0
MSTRG.12016	352	31	0	0	0	339	66	0	0	0	291	50	0	0	0
MSTRG.12017	454	1	0	0	0	197	1	0	0	0	135	1	0	0	0
MSTRG.12018	15	1	0	0	0	6	1	0	0	0	11	1	0	0	0
MSTRG.12019	381	60	0	0	0	388	47	0	0	0	343	72	0	0	0
MSTRG.1202	2917	292	10	881	5	1315	145	85	2146	17	2678	458	1	100	4
MSTRG.12020	1506	20	0	0	0	611	16	0	0	0	1031	45	0	0	0
MSTRG.12021	873	0	0	0	0	1240	0	0	0	0	690	0	0	0	0
MSTRG.12022	13	0	0	0	0	47	0	0	0	0	98	0	0	0	0
MSTRG.12023	59	0	0	0	0	179	0	0	0	0	69	0	0	0	0
MSTRG.12024	16211	0	0	0	0	14406	0	0	0	0	6756	0	0	0	0
MSTRG.12025	2767	0	0	0	0	1865	0	0	0	0	2052	0	0	0	0
MSTRG.12026	128	0	0	0	0	77	0	0	0	0	159	0	0	0	0
MSTRG.12027	636	0	0	0	0	318	0	0	0	0	741	0	0	0	0
MSTRG.12028	297	0	0	0	0	636	0	0	0	0	200	0	0	0	0
MSTRG.12029	4283	0	0	0	0	4613	0	0	0	0	1083	0	0	0	0
MSTRG.1203	957	125	20349	27	2018	1209	200	13139	614	2039	846	310	16113	46	2187
MSTRG.12030	2568	0	0	0	0	3169	0	0	0	0	2136	0	0	0	0
MSTRG.12031	429	0	0	0	0	163	0	0	0	0	639	0	0	0	0
MSTRG.12032	136	0	0	0	0	97	0	0	0	0	32	0	0	0	0
MSTRG.12033	1717	0	0	0	0	461	0	0	0	0	550	0	0	0	0
MSTRG.12034	3	0	0	0	0	290	0	0	0	0	84	0	0	0	0
MSTRG.12035	223	0	0	0	0	157	0	0	0	0	104	0	0	0	0
MSTRG.12036	538	0	0	0	0	552	0	0	0	0	480	0	0	0	0
MSTRG.12037	1	0	0	0	0	0	0	0	0	0	0	0	0	0	0
MSTRG.12038	251	0	0	0	0	13	0	0	0	0	18	0	0	0	0
MSTRG.12039	399	0	0	0	0	247	0	0	0	0	105	0	0	0	0
MSTRG.1204	18	676	30	348	1024	8	470	28	1025	1391	75	414	251	130	988
MSTRG.12040	1	0	0	0	0	14	0	0	0	0	1	0	0	0	0
MSTRG.12041	38	0	0	0	0	41	0	0	0	0	4	0	0	0	0
MSTRG.12042	153	0	0	0	0	168	0	0	0	0	226	0	0	0	0
MSTRG.12043	2770	0	0	0	0	630	0	0	0	0	1581	0	0	0	0
MSTRG.12044	1469	0	0	0	0	5443	0	0	0	0	1330	0	0	0	0
MSTRG.12045	1070	0	0	0	0	2045	0	0	0	0	903	0	0	0	0
MSTRG.12046	11864	0	0	0	0	17073	0	0	0	0	8389	0	0	0	0
MSTRG.12047	293	0	0	0	0	192	0	0	0	0	282	0	0	0	0
MSTRG.12048	2510	0	0	0	0	2783	0	0	0	0	1245	0	0	0	0
MSTRG.12049	4723	0	0	0	0	4251	0	0	0	0	3667	0	0	0	0
MSTRG.1205	87	354	1042	1231	536	37	500	690	2392	1333	37	439	1262	1385	964
MSTRG.12050	8765	0	0	0	0	8593	0	0	0	0	5996	0	0	0	0
MSTRG.12051	19	0	0	0	0	26	0	0	0	0	24	0	0	0	0
MSTRG.12052	518	0	0	0	0	287	0	0	0	0	260	0	0	0	0
MSTRG.12053	4807	0	0	0	0	3788	0	0	0	0	5944	0	0	0	0
MSTRG.12054	55	0	0	0	0	133	0	0	0	0	138	0	0	0	0
MSTRG.12055	329	0	0	0	0	234	0	0	0	0	72	0	0	0	0
MSTRG.12058	1927	0	0	0	0	2213	0	0	0	0	1044	0	0	0	0
MSTRG.12059	8	0	0	0	0	14	0	0	0	0	14	0	0	0	0
MSTRG.1206	2150	231	211	193	735	1530	505	24	246	843	935	381	192	400	421
MSTRG.12060	102	0	0	0	0	116	0	0	0	0	99	0	0	0	0
MSTRG.12061	892	0	0	0	0	437	0	0	0	0	197	0	0	0	0
MSTRG.12062	77	0	0	0	0	69	0	0	0	0	137	0	0	0	0
MSTRG.12063	75	0	0	0	0	177	0	0	0	0	164	0	0	0	0
MSTRG.12064	630	0	0	0	0	772	0	0	0	0	552	0	0	0	0
MSTRG.12065	17	0	0	0	0	249	0	0	0	0	40	0	0	0	0
MSTRG.12066	19	0	0	0	0	61	0	0	0	0	2	0	0	0	0
MSTRG.12067	5198	0	0	0	0	5768	0	0	0	0	4481	0	0	0	0
MSTRG.12068	6002	0	0	0	0	5701	0	0	0	0	3452	0	0	0	0
MSTRG.12069	1157	0	0	0	0	773	0	0	0	0	902	0	0	0	0
MSTRG.1207	360	3223	9	43	193	88	3388	210	30	196	49	4631	139	14	279
MSTRG.12070	42977	0	0	0	0	51259	0	0	0	0	21481	0	0	0	0
MSTRG.12071	6292	0	0	0	0	3915	0	0	0	0	596	0	0	0	0
MSTRG.12072	5622	0	0	0	0	4175	0	0	0	0	4238	0	0	0	0
MSTRG.12073	3551	0	0	0	0	3450	0	0	0	0	2134	0	0	0	0
MSTRG.12074	3724	0	0	0	0	2722	0	0	0	0	2181	0	0	0	0
MSTRG.12075	531	0	0	0	0	479	0	0	0	0	465	0	0	0	0
MSTRG.12076	244	0	0	0	0	229	0	0	0	0	130	0	0	0	0
MSTRG.12077	0	0	0	0	0	0	0	0	0	0	4	0	0	0	0
MSTRG.12078	75	0	0	0	0	137	0	0	0	0	25	0	0	0	0
MSTRG.12079	0	0	0	0	0	0	0	0	0	0	61	0	0	0	0
MSTRG.1208	1425	2785	74	95	33	1027	3169	108	145	65	1018	2210	111	80	61
MSTRG.12080	8818	0	0	0	0	9350	0	0	0	0	3897	0	0	0	0
MSTRG.12081	12382	0	0	0	0	9262	0	0	0	0	8484	0	0	0	0
MSTRG.12082	1822	0	0	0	0	1497	0	0	0	0	118	0	0	0	0
MSTRG.12083	197	0	0	0	0	125	0	0	0	0	169	0	0	0	0
MSTRG.12084	8	0	0	0	0	62	0	0	0	0	7	0	0	0	0
MSTRG.12085	0	0	0	0	0	18	0	0	0	0	0	0	0	0	0
MSTRG.12086	512	0	0	0	0	872	0	0	0	0	193	0	0	0	0
MSTRG.12087	977	0	0	0	0	4129	0	0	0	0	450	0	0	0	0
MSTRG.12088	1679	0	0	0	0	793	0	0	0	0	1259	0	0	0	0
MSTRG.12089	43408	0	0	0	0	40534	0	0	0	0	33237	0	0	0	0
MSTRG.1209	131	13	0	221	0	319	8	1	31	0	71	22	18	185	0
MSTRG.12090	4759	0	0	0	0	3155	0	0	0	0	3864	0	0	0	0
MSTRG.12091	44	0	0	0	0	142	0	0	0	0	35	0	0	0	0
MSTRG.12092	850	0	0	0	0	781	0	0	0	0	730	0	0	0	0
MSTRG.12093	311	0	0	0	0	198	0	0	0	0	157	0	0	0	0
MSTRG.12094	2336	0	0	0	0	688	0	0	0	0	79	0	0	0	0
MSTRG.12095	4667	0	0	0	0	7280	0	0	0	0	4351	0	0	0	0
MSTRG.12096	373	0	0	0	0	171	0	0	0	0	938	0	0	0	0
MSTRG.12097	32	0	0	0	0	28	0	0	0	0	0	0	0	0	0
MSTRG.12098	0	0	0	0	0	52	0	0	0	0	0	0	0	0	0
MSTRG.12099	253688	0	0	0	0	241505	0	0	0	0	180466	0	0	0	0
MSTRG.121	0	223	66	93	92	0	1451	271	383	293	1	531	35	161	36
MSTRG.1210	398	318	2104	2	2862	217	243	3984	13	4171	155	998	2798	234	510
MSTRG.12100	2	0	0	0	0	38	0	0	0	0	17	0	0	0	0
MSTRG.12101	152	0	0	0	0	274	0	0	0	0	192	0	0	0	0
MSTRG.12102	5	0	0	0	0	3	0	0	0	0	3	0	0	0	0
MSTRG.12103	59	0	0	0	0	5	0	0	0	0	11	0	0	0	0
MSTRG.12104	376	0	0	0	0	186	0	0	0	0	7	0	0	0	0
MSTRG.12105	422	0	0	0	0	259	0	0	0	0	376	0	0	0	0
MSTRG.12106	2	0	0	0	0	1	0	0	0	0	0	0	0	0	0
MSTRG.12107	1	0	0	0	0	1	0	0	0	0	1	0	0	0	0
MSTRG.12108	29	0	0	0	0	12	0	0	0	0	0	0	0	0	0
MSTRG.12109	307	0	0	0	0	118	0	0	0	0	174	0	0	0	0
MSTRG.1211	766	163	1015	4	1201	1629	218	1370	412	2207	413	251	1473	48	2076
MSTRG.12110	91	0	0	0	0	53	0	0	0	0	101	0	0	0	0
MSTRG.12111	1	0	0	0	0	1	0	0	0	0	1	0	0	0	0
MSTRG.12112	1214	0	0	0	0	540	0	0	0	0	861	0	0	0	0
MSTRG.12113	1	0	0	0	0	58	0	0	0	0	0	0	0	0	0
MSTRG.1212	3986	1483	507	553	34	3558	2635	696	167	75	3360	954	712	541	27
MSTRG.1213	8870	1581	966	160	0	3898	1707	874	223	0	694	2023	660	130	2080
MSTRG.1214	343	118	288	981	246	201	54	191	599	601	75	105	282	1444	106
MSTRG.1215	249	100	14	37777	645	20	70	3	29765	913	69	156	38	13602	737
MSTRG.1216	1735	2180	0	144	59	1135	2362	0	150	153	1830	1942	0	139	669
MSTRG.1217	278	43	5027	64	40	131	3	10637	116	14	166	13	1558	99	25
MSTRG.1218	18	47	289	398	0	57	31	627	360	0	4	10	139	397	274
MSTRG.1219	455	230	29	418	10685	670	536	218	1264	11092	207	296	1873	451	8369
MSTRG.122	0	24	0	1891	43	0	249	0	2316	83	0	52	0	1557	17
MSTRG.1220	708	5399	0	3557	390	600	4722	0	7036	995	493	5253	3011	4578	519
MSTRG.1221	923	191	173	1941	8859	1181	360	1435	670	4725	960	299	80	1142	6021
MSTRG.1222	370	183	531	1865	5	135	34	820	2507	18	382	252	603	6337	0
MSTRG.1223	170	108	209	30	0	200	213	745	27	32	264	110	371	27	0
MSTRG.1224	653	3201	120	54	26	569	2055	81	8	2	127	1179	585	31	211
MSTRG.1225	244	407	12516	28	88	478	283	11008	0	31	204	419	12724	31	285
MSTRG.1226	351	10117	425	40	14523	353	9889	2015	0	2960	208	18438	661	71	10959
MSTRG.1227	4804	828	6941	25	23	2988	734	4924	308	20	4555	2050	8594	1	33
MSTRG.1228	2338	6	1	48	0	1626	19	2	102	18	1296	45	3	67	0
MSTRG.1229	97	120	1	42	1	63	415	32	19	1	165	139	32	28	1
MSTRG.123	102	3389	91	1122	3517	190	22347	157	1529	2666	39	4163	117	1485	23166
MSTRG.1230	472	10	92	127	237	270	82	29	158	354	497	4	409	0	371
MSTRG.1231	209	18682	18	9	2128	150	14496	7	14	1682	137	12503	86	32	17029
MSTRG.1232	1000	16	23336	64	2971	2032	32	729	6	6866	643	265	4836	78	3805
MSTRG.1233	1872	538	1	3170	63	1849	626	2	4343	52	1482	792	4	2707	42
MSTRG.1234	216	77	25	60	589	26	259	11	45	1866	121	63	17	9	411
MSTRG.1235	88	19	1	3825	2806	88	100	1	7321	3176	143	16	0	3738	730
MSTRG.1236	2357	2	37	66	813	1631	32	91	63	2205	1022	19	32	77	99
MSTRG.1237	61	0	2	1398	20	10	16	2	855	110	9	5	2	1630	36
MSTRG.1238	198	76	1	491	330	356	106	2	419	761	151	53	1	65	180
MSTRG.1239	44	2238	236	931	1330	14	2452	435	429	1940	34	2518	436	312	903
MSTRG.124	718	4619	502	201	135	734	30869	355	452	107	256	8298	257	348	184
MSTRG.1240	6278	800	8085	11854	344	5513	1244	5498	5224	455	3930	1172	1644	2387	541
MSTRG.1241	140	904	35687	1016	75	431	1403	26932	4690	42	115	893	24891	366	254
MSTRG.1242	1337	125	674	1954	70	126	177	1088	3132	21	264	15	526	1583	49
MSTRG.1243	99	864	1799	0	0	108	938	2433	0	5	23	630	1837	0	185
MSTRG.1244	19	72	833	1460	2	41	0	1712	3314	68	15	68	202	642	12
MSTRG.1245	2957	2070	34	5533	2	2185	3891	407	2738	40	1130	7311	39	1882	1
MSTRG.1246	1310	2940	504	3985	120	747	1576	1387	5154	42	871	3077	218	3565	321
MSTRG.1247	15201	95	1483	79	133	7434	0	1682	59	228	23482	7	1150	145	119
MSTRG.1248	1246	4	281	0	921	771	3	402	0	530	1901	4	509	0	959
MSTRG.1249	9	83	216	5524	33856	15	186	249	7186	31435	26	169	100	4849	18256
MSTRG.125	60	1645	46	114	289	188	270	104	3	157	7	669	54	57	157
MSTRG.1250	68	60	282	19	90	491	88	167	316	224	37	26	198	3	109
MSTRG.1251	189	60	2	6080	63	133	37	15	4809	91	2	29	211	6212	108
MSTRG.1252	23834	0	0	240	397	13241	0	522	315	458	8881	0	83	443	560
MSTRG.1253	38	6237	0	10	371	32	8214	225	71	994	230	1707	0	73	341
MSTRG.1254	1065	31	420	1877	3297	610	218	193	3201	7388	766	2378	579	2739	4130
MSTRG.1255	250	19	217	207	1516	111	11	380	31	893	408	1008	226	0	1475
MSTRG.1256	58	323	1078	767	723	72	438	775	1270	531	30	147	1026	435	800
MSTRG.1257	1	0	309	123	793	38	0	645	205	1835	13	1910	338	152	7189
MSTRG.1258	116	768	123	999	95	96	1126	149	1309	81	65	873	150	490	79
MSTRG.1259	2324	110	395	1141	12	2700	256	526	541	0	1415	931	714	508	29
MSTRG.126	10000	2455	98	320	223	11554	723	98	345	162	1845	2436	247	188	1220
MSTRG.1260	994	0	609	2	57	1379	0	1537	9	0	866	89	568	22	52
MSTRG.1261	941	0	3597	2085	25	1486	0	7315	3184	198	904	210	4534	1267	20
MSTRG.1262	1227	3351	1702	1044	30	1188	4218	618	645	188	507	5074	1434	933	112
MSTRG.1263	106	449	756	4232	43	123	521	392	6406	25	155	543	764	2744	19
MSTRG.1264	42	1269	883	2731	129	43	980	894	7369	235	45	731	6984	2898	2
MSTRG.1265	0	647	81	2561	15	0	1872	18	3676	6	0	105	26	1996	33
MSTRG.1266	4116	9	30	1366	25	5658	337	2	2067	13	616	22	38	1716	61
MSTRG.1267	3261	357	0	1096	2247	2109	1635	0	5695	4104	1202	273	0	1560	2125
MSTRG.1268	56	1495	29	4489	93	103	1654	162	7485	52	1115	1086	141	4111	4
MSTRG.1269	0	472	164	12029	3881	0	701	284	31471	8268	495	632	4	8122	2062
MSTRG.127	14946	94	594	1268	524	15188	17	182	1452	413	4074	6	234	1801	3951
MSTRG.1270	1615	450	7	2912	5	1076	57	13	2857	19	722	225	30	2027	0
MSTRG.1271	101	6	46	296	1041	150	10	18	116	879	1059	221	116	458	1238
MSTRG.1272	0	3	3250	10972	473	0	107	2734	7932	688	44	7	2589	9776	31
MSTRG.1273	0	195	60	5017	911	0	397	35	4620	517	93	267	4	3496	418
MSTRG.1274	4380	193	3973	168	7803	2335	350	4950	366	4697	6079	225	5116	317	3578
MSTRG.1275	3280	1476	317	193	2305	1652	574	208	80	4024	3518	1258	380	244	2199
MSTRG.1276	0	32697	67	2047	0	0	24253	45	1502	0	122	16967	77	1575	0
MSTRG.1277	58	1530	1113	39	3948	0	627	740	167	3117	2	628	1635	81	2018
MSTRG.1278	0	114	496	7752	3808	1	211	351	11526	4283	1	156	101	5615	2836
MSTRG.1279	3631	471	1713	88	64	5771	564	1262	168	56	5597	509	1618	9	99
MSTRG.128	262	53	159	947	45	404	143	309	1345	97	354	80	170	1280	8
MSTRG.1280	920	832	7855	3671	0	689	1626	1655	4279	0	212	657	3629	2707	0
MSTRG.1281	2750	3633	3092	184	5128	1909	7038	2712	88	7970	1862	4646	2811	61	5074
MSTRG.1282	82	1035	0	1580	15	32	765	0	534	316	48	882	0	1023	3
MSTRG.1283	42	1125	3740	1	4276	372	1939	2149	1	4351	25	5277	2569	1	6959
MSTRG.1284	689	196	3721	8	276	1614	152	3754	58	211	50	58	3764	5	447
MSTRG.1285	525	24	111	31	11	1142	1	99	691	23	147	36	160	49	63
MSTRG.1286	1690	5	0	40	1780	1915	3	0	922	2743	1240	31	0	61	2350
MSTRG.1287	504	135	5426	3563	192	655	1	8282	26377	15	442	183	5350	4132	2
MSTRG.1288	650	29	82	317	565	133	70	346	129	968	369	2	2	412	521
MSTRG.1289	5	54	5391	136	121	3	145	2893	63	223	221	126	9252	115	189
MSTRG.129	175	2692	45	95	2202	41	1777	61	151	2060	14	2768	78	54	2543
MSTRG.1290	1	253	321	1517	974	82	516	393	1079	994	5	3	707	790	397
MSTRG.1291	7	11	2528	373	1084	54	2	2942	885	483	2	34	2207	2	666
MSTRG.1292	377	152	227	2292	0	291	73	35	2303	6	484	84	0	339	17
MSTRG.1293	441	3923	906	3233	1378	309	3762	999	4743	3425	149	3030	838	1110	1299
MSTRG.1294	1514	88	216	1867	78	551	59	345	415	330	1598	1	171	949	92
MSTRG.1295	38312	3752	1064	799	988	21164	3063	1188	249	1221	14399	4271	689	737	861
MSTRG.1296	608	57	1019	0	4301	518	36	255	0	4926	342	58	867	0	3298
MSTRG.1297	97	1318	9	547	2077	93	840	55	278	6109	115	1460	6	331	2696
MSTRG.1298	610	533	1353	9519	2007	510	836	2511	7885	3898	457	198	1961	5208	2078
MSTRG.1299	858	491	5	947	696	1464	226	37	10667	1616	434	218	6	1755	1454
MSTRG.13	44	330	48	78	16	19	195	15	36	23	20	317	35	21	58
MSTRG.130	557	42	5538	2919	83	310	88	3569	2445	80	106	75	839	3232	51
MSTRG.1300	4564	8966	942	16435	1029	6990	4350	1034	17657	3005	3260	3126	1255	8935	1032
MSTRG.1301	1467	1614	3666	268	16797	852	2785	3517	590	31159	1025	1744	4057	247	8861
MSTRG.1302	945	0	2211	420	2252	527	0	2063	1017	2146	600	0	5472	520	1500
MSTRG.1303	222	1257	1991	1709	336	462	2898	2549	2019	168	307	1037	2160	1957	742
MSTRG.1304	417	3721	1335	192	18	682	2010	2611	639	27	2081	1984	1455	201	26
MSTRG.1305	102	2779	1083	103	9236	103	3405	3173	259	8400	23	3074	991	369	9284
MSTRG.1306	75	44	3401	471	3993	20	20	4252	458	2928	14	12	2908	103	4198
MSTRG.1307	47	61	14072	10181	157	0	110	30382	8731	303	32	132	11552	8093	248
MSTRG.1308	280	0	2400	89	157	307	0	1608	42	79	4	0	2568	103	368
MSTRG.1309	50	7922	342	5	382	95	9853	194	4	820	85	8023	730	8	544
MSTRG.131	30	0	1960	78	0	114	0	1114	121	0	62	0	431	117	0
MSTRG.1310	40	389	9707	599	1113	18	493	5194	409	748	13	46	16030	914	404
MSTRG.1311	152	4056	3981	0	42	282	4774	3695	0	119	0	7737	4625	0	130
MSTRG.1312	11	326	238	3	3682	11	461	554	23	10941	27	589	315	5	2664
MSTRG.1313	170	7	110	49	2044	142	6	120	280	3457	29	23	315	27	2082
MSTRG.1314	4	10	727	247	1218	1	19	793	587	640	1	60	1323	334	1158
MSTRG.1315	4791	2143	1226	21	1	3558	2533	749	372	1	2656	2464	511	102	2
MSTRG.1316	52	186	74	79639	2618	39	0	203	55866	21171	0	0	138	32467	4096
MSTRG.1317	4682	1636	5362	0	239	3022	1120	6062	0	205	3735	771	5329	0	274
MSTRG.1318	111	964	2648	19	122	47	1368	2206	32	17	103	763	2855	0	130
MSTRG.1319	1633	53	225	1078	1757	1012	149	34	1195	1016	2009	48	136	581	683
MSTRG.132	3497	3068	5487	0	5094	2176	2472	3666	0	3518	2030	1131	1114	0	1372
MSTRG.1320	462	1463	25	10	374	656	2221	0	77	949	57	1610	0	0	7
MSTRG.1321	3062	772	0	71	1505	1291	1263	3	1	2197	1721	679	21	14	228
MSTRG.1322	7335	2508	1215	31	3937	3158	3374	495	22	3725	630	2592	2361	34	1267
MSTRG.1323	1604	3487	1	642	2403	1888	5900	1	1421	332	1273	4924	2	1381	807
MSTRG.1324	0	1682	0	324	693	0	1906	33	944	471	0	1780	5	719	651
MSTRG.1325	863	1153	8	1813	0	1725	2393	260	10031	0	168	1288	4	1735	0
MSTRG.1326	4710	20688	3174	2663	0	2404	40723	18955	1901	3	1605	12464	3123	2846	28
MSTRG.1327	3551	2087	139	65	460	2676	1361	49	362	394	2524	1922	175	164	333
MSTRG.1328	144	343	1623	466	8695	83	256	725	650	7750	154	719	1224	431	5011
MSTRG.1329	0	21	457	420	6	0	75	1115	874	71	0	33	4	562	13
MSTRG.133	97	2627	339	5468	0	116	1636	380	2979	46	13	752	346	1021	0
MSTRG.1330	6789	8465	1831	849	1336	9979	7116	1828	402	7194	5108	11221	331	761	684
MSTRG.1331	188	4167	4140	14	863	675	3595	4719	4	1074	2	4767	1790	35	1661
MSTRG.1332	5211	306	2285	2913	5769	3773	678	394	1044	10478	5102	447	1513	6526	5372
MSTRG.1333	427	122	990	230	2682	333	211	537	39	4738	305	241	1255	87	1708
MSTRG.1334	57	3016	0	174227	361	51	2464	76	9825	658	41	2227	0	101752	494
MSTRG.1335	18	86	567	723	1352	17	8	288	379	2034	44	22	710	326	2339
MSTRG.1336	2968	55	7802	142	50	2232	224	4471	128	220	1573	115	8424	144	96
MSTRG.1337	253	5960	1001	69	26	8	5322	11602	116	51	0	6440	1067	149	200
MSTRG.1338	2498	3268	7385	160	412	1066	1986	5410	41	639	775	3126	8216	299	298
MSTRG.1339	132	1572	376	531	6865	339	306	741	976	7478	121	1223	186	484	5120
MSTRG.134	0	2	370	2177	36	0	25	91	1316	15	0	17	138	451	87
MSTRG.1340	933	1	2540	213	0	876	1	3052	539	0	386	1	3892	231	0
MSTRG.1341	560	3025	67	27	0	258	12891	59	73	0	358	3239	40	40	0
MSTRG.1342	1846	142	387	3640	294	2380	91	477	2471	416	1024	139	529	1812	316
MSTRG.1343	1010	977	96	14	0	781	900	48	4	0	573	766	9	4	0
MSTRG.1344	3216	15	8091	123	26	3321	53	3588	0	11	2308	13	7195	0	1
MSTRG.1345	1987	1934	0	4068	58	4351	2724	0	2539	473	2197	227	0	2427	17
MSTRG.1346	1663	3288	0	470	8	2731	4389	0	393	10	1416	1045	0	264	46
MSTRG.1347	1254	2304	605	1916	864	1415	374	333	793	1703	731	1103	721	844	844
MSTRG.1348	1508	1055	0	2533	50532	3294	898	0	1950	73419	1146	1503	0	1063	42301
MSTRG.1349	21294	0	92	1845	0	34909	64	713	2627	0	7288	0	30	5315	0
MSTRG.135	4122	346	434	8	1782	2197	626	235	8	1600	981	404	151	17	936
MSTRG.1350	2647	0	107	5794	0	1777	24	93	7903	37	1791	42	4	5989	0
MSTRG.1351	348	720	708	5850	1062	162	337	2781	2816	615	532	667	851	1399	458
MSTRG.1352	11639	6254	7270	28	5	8184	6608	6230	32	82	12511	5279	10103	6	0
MSTRG.1353	3293	1061	13334	32	205	1954	6628	5284	0	0	1538	1739	11356	42	33
MSTRG.1354	317	6762	2	0	608	501	5448	72	0	1340	307	7646	1	0	1347
MSTRG.1355	65	364	245	57	394	102	466	25	129	822	103	213	438	85	716
MSTRG.1356	1185	2788	226	518	1144	1548	3579	334	469	6357	1634	4693	325	320	677
MSTRG.1357	1419	54	124	57	1886	679	64	55	95	1871	359	62	77	66	2049
MSTRG.1358	61	36	266	685	63	157	65	210	565	228	75	74	220	310	112
MSTRG.1359	6829	99	82	11133	449	7979	114	712	21288	550	6277	211	3	12735	336
MSTRG.136	2112	426	692	1	1853	1720	56	438	54	1295	271	195	280	18	14555
MSTRG.1360	3434	547	104	1064	420	2650	503	94	5781	812	2613	313	21	1933	663
MSTRG.1361	2	8602	38	1029	611	1	4042	4	692	515	1	6946	41	348	641
MSTRG.1362	2237	393	425	172	2294	692	225	3614	40	2709	3520	429	503	55	1639
MSTRG.1363	1	10	397	311	172	1	8	567	531	154	1	4	348	304	113
MSTRG.1364	4349	1028	153	559	106806	17670	373	38	405	25394	3355	939	158	317	175999
MSTRG.1365	195	0	49446	3523	702	110	0	32353	11459	408	489	0	48387	2137	524
MSTRG.1366	166	82	0	1289	113	46	551	0	388	88	124	20	0	637	121
MSTRG.1367	1017	45	1	2016	110	860	57	44	1414	122	639	2	0	1471	951
MSTRG.1368	520	37	1602	13	448	826	15	1338	36	860	6	40	569	14	320
MSTRG.1369	2326	1093	1	1252	174	2139	2202	87	595	352	254	1004	0	1391	113
MSTRG.137	26	425	54	7	0	13	329	96	171	0	7	131	99	16	0
MSTRG.1370	3791	37314	231	378	640	3715	41896	1	365	15	724	34491	26	486	41
MSTRG.1371	2765	0	34	1409	2115	312	0	2	1339	2870	625	0	48	922	2928
MSTRG.1372	1170	1093	1162	3348	515	721	1412	1758	5785	265	1079	303	1974	2970	429
MSTRG.1373	0	3	376	6053	1105	0	35	678	6999	1478	0	0	655	4119	1185
MSTRG.1374	0	127	1144	3046	299	10	3	5500	4669	338	44	39	1233	3099	453
MSTRG.1375	819	49	826	0	1485	281	8	786	1	1322	660	46	1038	0	1384
MSTRG.1376	7612	1170	1819	1178	2002	5064	2034	2047	996	1630	3332	2201	1327	978	1141
MSTRG.1377	2715	354	164	794	1457	7034	947	279	536	2373	823	606	203	833	1622
MSTRG.1378	8315	2028	711	12355	3976	6061	1921	868	14794	5374	5539	1771	511	10337	5534
MSTRG.1379	315	2540	431	98	4504	556	2217	965	616	2848	140	2879	607	285	1730
MSTRG.138	2	1597	1751	1103	40	24	8815	1744	1654	88	19	2915	2667	1315	10
MSTRG.1380	3890	144	767	2402	35	3747	219	655	2670	0	4266	179	899	1765	41
MSTRG.1381	80	910	27	2772	716	73	906	54	3593	1353	42	617	40	2568	860
MSTRG.1382	47	364	3829	857	31	66	955	4067	1912	57	27	608	6373	1371	121
MSTRG.1383	21	1256	186	399	699	0	829	101	391	635	0	1170	151	407	411
MSTRG.1384	385	5437	137095	650	717	319	4339	3759	635	637	255	4925	138920	466	293
MSTRG.1385	189	154552	828	909	8333	195	39057	255	2636	18668	84	207999	687	1041	9382
MSTRG.1386	9312	740	243	2384	712	5266	339	149	2299	792	5964	411	141	9442	598
MSTRG.1387	243	34	174	2	683	149	50	24	339	3256	474	66	258	256	827
MSTRG.1388	71	9	755	21	969	35	59	794	30	699	24	5	522	32	558
MSTRG.1389	933	171	205	1320	124	503	229	172	13414	47	713	476	285	1153	58
MSTRG.139	1128	4157	85	875	1256	1195	27173	159	1248	1135	393	7638	144	638	8746
MSTRG.1390	0	730	481	14711	204	0	963	14	49895	351	0	465	27	9946	279
MSTRG.1391	52	294	5064	2	1800	15	285	1146	19	5839	0	158	4321	3	833
MSTRG.1392	154	53	7	11	868	532	33	0	89	397	21	106	0	14	497
MSTRG.1393	1474	10764	1238	181	1820	2129	4584	1043	67	2164	641	3771	1523	16	1852
MSTRG.1394	2	334	318	70	0	0	407	68	28	1	0	444	477	59	1
MSTRG.1395	54745	234	1925	18366	2606	44755	0	585	61742	2089	35359	0	1402	9279	1022
MSTRG.1396	0	793	187	50985	113	0	891	47	64753	206	0	721	212	37848	108
MSTRG.1397	1337	704	1817	109	1103	683	848	1734	140	469	430	1417	2319	84	1040
MSTRG.1398	2	1407	2585	845	0	137	739	2578	930	0	0	1021	3910	716	22
MSTRG.1399	0	1555	301	30	725	27	1458	575	17	1067	0	1040	770	71	1012
MSTRG.14	6278	21	4530	5331	31	4157	34	4221	4084	6	4035	74	5053	2880	16
MSTRG.140	7582	0	0	1960	590	7338	0	0	2491	1248	2075	0	0	737	503
MSTRG.1400	170	5353	80	248	327	4	3611	141	620	605	6	4379	103	526	645
MSTRG.1401	228	74	607	198	1336	130	37	425	428	843	223	59	661	530	914
MSTRG.1402	1018	7217	719	322	2705	1535	5372	633	1017	4473	1603	6636	517	25	3290
MSTRG.1403	493	2595	9654	30	3788	720	6276	18730	24	6268	422	2885	11077	6	3355
MSTRG.1404	2444	49	870	148	2633	3370	65	1004	34	3824	1308	11	787	42	2751
MSTRG.1405	1074	22	378	312	0	697	1	6364	185	1	1048	41	1015	216	0
MSTRG.1406	1546	318	852	2	926	1424	112	825	147	686	1418	415	712	1	978
MSTRG.1407	124	70	208	2581	570	246	128	43	212	1211	130	125	52	2780	934
MSTRG.1408	902	325	308	104339	7844	804	269	656	39604	15238	452	336	300	11724	7446
MSTRG.1409	584	45	1884	40264	77	784	67	10482	22678	516	403	13	1200	17371	160
MSTRG.141	9493	2448	5548	7	1517	9995	16346	2297	3	2353	2673	5065	1547	56	589
MSTRG.1410	1397	724	991	149	2903	858	737	358	65	2241	1048	326	810	43	2165
MSTRG.1411	7945	10284	2051	210	1986	4883	11478	2190	87	2898	6272	7697	2191	102	1543
MSTRG.1412	172	742	28	664	819	73	1459	8	1648	1159	140	592	6	38	947
MSTRG.1413	197677	943	2836	285	339	24731	592	5216	1615	411	237715	506	1327	472	294
MSTRG.1414	1794	1503	151	1	666	507	83	235	0	402	1754	105	144	1	851
MSTRG.1415	307	376	1420	1	585	114	496	354	1	985	22	378	1681	1	828
MSTRG.1416	1193	3256	0	412	1937	260	5973	14	597	2189	1890	1898	83	710	2265
MSTRG.1417	837	634	686	9769	38	939	310	556	5434	5	398	501	1520	7620	15
MSTRG.1418	428	1935	912	1283	1674	332	1970	782	2233	7085	192	2003	702	1559	1096
MSTRG.1419	503	29	879	6081	14731	21	19	824	4945	27553	76	11	1988	582	8161
MSTRG.142	8013	675	12	15	15	8333	1029	759	126	73	2304	638	10	11	9
MSTRG.1420	8557	2907	4610	1930	243	4506	5324	4907	842	61	2765	838	6287	1798	215
MSTRG.1421	4	203	4277	18	45	0	203	4256	13	34	18	120	3872	28	47
MSTRG.1422	553	1007	2580	57	14481	180	779	3695	32	60308	248	1416	3157	16	9864
MSTRG.1423	1337	620	0	1125	28160	1274	608	1	896	58458	973	905	0	919	37569
MSTRG.1424	331	573	1178	5161	46	239	298	759	9352	60	683	431	1351	3213	78
MSTRG.1425	1235	1694	1719	790	587	819	1748	159	496	910	869	1791	670	659	719
MSTRG.1426	2046	2791	9011	3999	9	1323	3581	9901	2350	22	1154	3253	11207	1711	49
MSTRG.1427	3937	6147	115	1441	1	4291	5176	329	815	1	4132	5239	299	607	3
MSTRG.1428	89	0	2996	2010	1	36	1	1657	2613	60	48	1	2906	1580	0
MSTRG.1429	9881	1922	2224	3769	204	8254	4560	2488	5820	447	8988	2940	2384	2939	271
MSTRG.143	912	807	2391	1808	192	1098	881	656	1258	294	383	258	1136	2474	304
MSTRG.1430	3438	1199	1120	442	211	2341	698	2755	373	416	811	1379	934	398	557
MSTRG.1431	59	2901	298	672	1839	22	1313	445	944	1639	13	1750	441	631	1551
MSTRG.1432	31	8453	26	22	395	0	9041	2	91	887	6	9539	30	61	30
MSTRG.1433	472	146	830	435	22	706	438	571	361	26	1109	257	671	225	18
MSTRG.1434	124	1877	5879	35	55	103	1842	7618	119	13	97	1930	8249	67	76
MSTRG.1435	472	2683	5008	1317	12	376	2388	1113	612	12	372	2505	3273	908	30
MSTRG.1436	960	945	19	4773	109	631	2043	43	7104	2	334	1227	5	3224	29
MSTRG.1437	8839	359	39	2345	53	14459	382	0	1491	46	9840	403	4	1863	56
MSTRG.1438	1945	846	14354	586	157	4909	492	55799	735	192	1338	964	16027	491	272
MSTRG.1439	1512	1410	36357	176	2222	696	1315	96665	492	218	404	1578	46086	173	1371
MSTRG.144	1237	0	2	3673	597	1180	52	20	3057	607	169	42	25	3606	320
MSTRG.1440	401	22	71	105	36150	98	1	34	197	50900	58	3	7	78	22334
MSTRG.1441	477	3163	646	4025	11153	438	1408	619	22875	17841	290	2938	852	7351	8891
MSTRG.1442	4295	78	5	548	176	7182	22	1	526	55	1148	75	2	422	42
MSTRG.1443	796	0	189	587	112	289	7	496	409	70	353	3	471	570	103
MSTRG.1444	2665	0	179	30	596	2189	154	311	7	886	1902	166	974	28	138
MSTRG.1445	3484	1807	3	407	317	3406	4098	42	416	1091	745	3433	59	341	193
MSTRG.1446	160	10011	1748	141	118	218	22493	853	73	205	135	8904	2978	212	298
MSTRG.1447	1524	280	464	8928	18078	580	196	1256	3167	19094	1404	243	24	3446	13772
MSTRG.1448	712	79	48	1056	582	509	32	48	1759	447	130	73	2	848	696
MSTRG.1449	1461	5922	0	9216	3746	1054	6332	25	8119	5082	1302	10176	8	5789	8851
MSTRG.145	58	216	3859	1386	624	160	557	2532	341	684	12	450	1340	2280	1220
MSTRG.1450	2906	16443	0	95	4994	3236	6863	17	53	6504	2256	15195	29	128	823
MSTRG.1451	8475	7	81	563	4	6829	80	22	1029	107	4237	3	24	601	7
MSTRG.1452	0	2	22	1463	13	5	1	16	261	16	0	1	32	559	24
MSTRG.1453	135	219	208	0	1378	204	31	54	0	1335	106	235	31	0	1776
MSTRG.1454	2431	394	1271	151	39	3735	468	4666	1835	53	2033	317	1787	98	0
MSTRG.1455	338	404	9655	694	160	9	66	42965	308	133	6	89	9689	834	397
MSTRG.1456	1440	458	26	3972	29	584	126	82	1677	1	919	247	28	8306	30
MSTRG.1457	1605	236	450	7389	32	870	568	195	6275	11	368	223	244	5167	28
MSTRG.1458	10313	17	39	191	732	10650	513	13	122	922	8126	75	69	124	959
MSTRG.1459	178	110	249	657	3445	502	27	212	757	11673	286	33	177	1034	2698
MSTRG.146	389	2416	4566	557	2946	524	1853	3080	414	2429	405	2023	955	308	2092
MSTRG.1460	2485	54	3355	560	533	1893	274	285	1467	540	1253	20	3244	854	633
MSTRG.1461	2709	40	48126	665	4211	2567	21	2929	538	2260	1960	11	12284	593	1719
MSTRG.1462	824	419	15714	395	1313	1626	853	14248	328	1035	596	548	17197	306	854
MSTRG.1463	611	199	172	37	1376	393	332	57	54	1875	307	37	81	30	1094
MSTRG.1464	1261	175	196	70	527	572	44	67	402	654	1266	136	125	225	380
MSTRG.1465	1648	332	28	181	2755	1963	285	14	470	5168	1898	367	74	252	1539
MSTRG.1466	8	9325	379	785	489	5	740	43	267	648	13	6239	158	163	588
MSTRG.1467	3279	40010	163	1058	454	2317	10914	2362	660	484	2643	13733	319	2029	268
MSTRG.1468	59	10626	46	523	0	18	13049	10	383	13	56	11536	39	124	182
MSTRG.1469	0	108	93	1054	6	222	64	39	1009	37	302	50	231	17	6
MSTRG.147	2352	3155	4178	167	1157	1723	1602	3047	141	525	2012	3376	1467	282	4530
MSTRG.1470	2524	156	18385	82	520	10926	85	4317	32	361	966	102	22183	67	320
MSTRG.1471	13235	75	530	110	125	24376	55	346	36	21	7467	59	976	67	12
MSTRG.1472	626	89	9193	1030	1205	192	702	6665	1311	788	263	28	18545	1189	907
MSTRG.1473	47	405	7292	339	9759	32	2253	4587	223	16324	64	767	669	320	8997
MSTRG.1474	9699	232	1916	96	1615	6663	145	606	103	2111	11734	441	2183	94	1581
MSTRG.1475	13012	16389	43	141	316	6430	11847	65	0	830	9949	13977	0	66	247
MSTRG.1476	10	496	33	1235	105	6	862	1	456	363	14	1013	28	552	118
MSTRG.1477	1	8894	46	368	56	2	7178	15	148	172	1	18663	16	219	71
MSTRG.1478	46	1019	829	930	4828	58	888	1029	852	14809	62	1351	1157	1142	3636
MSTRG.1479	200	8534	3416	351	544	33	8332	8332	183	400	158	1074	4226	399	368
MSTRG.148	5988	731	596	30	481	3184	830	925	17	416	2954	543	687	102	332
MSTRG.1480	365	4	553	1473	594	462	128	523	1292	432	280	1	793	2018	577
MSTRG.1481	171	9	4321	2905	32	42	15	1607	72	49	68	15	4172	3883	63
MSTRG.1482	189	2073	1263	9072	510	282	1177	594	5172	610	32	2898	1092	8086	427
MSTRG.1483	59	80	2093	77	5568	155	106	1555	224	3372	9	16	1988	190	2512
MSTRG.1484	169	7	486	1192	761	28	47	665	1519	1117	92	0	440	918	798
MSTRG.1485	123	46	733	608	1833	37	4	1069	263	800	80	36	695	323	2505
MSTRG.1486	1380	44	71	1371	78	2533	24	43	1871	39	311	18	191	1143	116
MSTRG.1487	398	800	5	4266	721	611	1071	47	3460	894	244	1065	16	3190	626
MSTRG.1488	1665	4415	14	15150	1411	0	7133	62	5470	280	4	4221	5	1219	900
MSTRG.1489	156	682	395	366	0	44	685	442	1229	0	83	784	454	0	0
MSTRG.149	393	67	1283	0	227	2	4	1481	0	48	4	2	851	0	226
MSTRG.1490	388	1381	116	42631	81	228	947	87	20086	901	324	833	31	23634	110
MSTRG.1491	5261	560	1223	7	392	503	1567	636	168	180	4625	497	1172	131	623
MSTRG.1492	39188	1102	5438	1405	3413	13809	747	2849	4193	1937	809	639	3735	1667	5358
MSTRG.1493	20977	1276	2056	443	5928	20111	1465	2524	1733	7780	12623	1086	1962	1097	7110
MSTRG.1494	172	3100	1456	3	196	56	3032	497	2	107	41	2682	895	11	31
MSTRG.1495	204	483	206	500	548	74	572	539	895	707	73	528	153	388	564
MSTRG.1496	53	938	149	852	429	92	1016	218	1221	650	94	834	137	766	504
MSTRG.1497	18	0	6010	279	55	125	0	17696	288	145	12	55	8300	84	224
MSTRG.1498	459	20	765	31	35	2463	29	693	987	36	615	10	429	1573	86
MSTRG.1499	102	452	694	36	595	24	579	533	147	659	31	414	729	113	403
MSTRG.15	864	45	1249	1395	30	561	22	470	1372	0	311	20	748	587	31
MSTRG.150	63	1075	54	10131	19	1	1218	52	10025	20	1	2451	18	6519	31
MSTRG.1500	131	17	650	3225	357	29	95	666	2326	345	46	72	852	3613	433
MSTRG.1501	19962	1236	5415	6709	40	14200	507	1079	5678	26	15480	788	5054	4866	56
MSTRG.1502	672	3388	1025	170	114	676	9345	1103	11	263	696	3492	1019	127	193
MSTRG.1503	22867	2229	3616	173	171	10364	1912	2709	91	563	18969	2306	4177	179	201
MSTRG.1504	8666	2003	67	412	425	6961	1133	57	150	339	912	1471	118	352	222
MSTRG.1505	12	251	545	23	210	23	546	1064	56	33	17	229	592	51	28
MSTRG.1506	2279	328	1538	703	866	1265	284	78	216	976	2858	143	842	506	1145
MSTRG.1507	3	8724	0	262	479	51	15799	0	595	421	0	7217	0	206	224
MSTRG.1508	49	92	1006	145	1613	4	5	2471	118	414	21	26	1197	94	40
MSTRG.1509	69	516	4084	857	71	11	698	1772	3533	29	11	500	8571	1129	178
MSTRG.151	201	536	1883	6344	0	0	287	1635	8031	0	0	269	2442	5695	0
MSTRG.1510	7	755	6953	59613	68	16	825	5752	93896	61	5	895	9562	95596	130
MSTRG.1511	1206	991	253	1036	829	1120	776	136	1073	1450	843	948	65	427	643
MSTRG.1512	7076	3	729	427	210	9078	5	512	301	131	3458	4	932	99	292
MSTRG.1513	765	4416	689	268	177	479	3431	1308	438	229	671	4975	803	128	176
MSTRG.1514	1894	9479	189	2757	5755	620	6816	991	1971	5822	775	8763	303	724	2761
MSTRG.1515	730	111	59	0	91	1101	55	94	0	14	457	113	92	0	11
MSTRG.1516	1047	549	870	1684	861	792	1236	736	4692	499	600	769	741	1370	553
MSTRG.1517	2315	0	233	3846	160	1737	0	178	5073	73	1253	0	268	3641	183
MSTRG.1518	588	192	43	533	588	516	416	37	455	1386	302	254	64	717	403
MSTRG.1519	283	1198	67	634	360	598	544	307	851	155	270	1255	363	2142	309
MSTRG.152	1523	226	4314	4934	7107	540	161	2386	3505	7101	3465	324	4583	3941	5759
MSTRG.1520	544	4642	231	291	1215	433	2610	680	195	1042	407	9378	252	592	2190
MSTRG.1521	729	5902	607	333	2192	427	7428	107	219	236	258	5970	157	676	8979
MSTRG.1522	105	323	64	3243	8346	103	245	60	8005	3809	15	71	130	5174	9265
MSTRG.1523	1399	1108	1685	1738	115	586	612	1421	1766	185	445	963	2340	2028	231
MSTRG.1524	12348	1116	563	1	525	11950	1063	483	2	1500	10976	1036	257	2	854
MSTRG.1525	3195	442	1261	2	518	2187	193	372	91	215	2666	510	59	0	481
MSTRG.1526	1082	769	1	3235	1099	746	709	28	5379	1730	739	601	0	2439	1095
MSTRG.1527	383	151	97	4698	103	464	165	24	7132	153	172	147	218	8060	245
MSTRG.1528	365	19	130	1845	3993	241	60	21	1024	1873	70	55	260	1609	2185
MSTRG.1529	7206	66	1178	558	9619	13647	326	1151	887	7237	5007	255	1113	639	5945
MSTRG.153	446	0	48	0	5719	295	0	0	0	17222	225	0	0	0	4711
MSTRG.1530	819	174	295	0	359	489	1040	253	0	2373	353	311	261	0	0
MSTRG.1531	843	297	267	1110	136	636	295	167	8693	17	574	195	264	1330	19
MSTRG.1532	872	305	6186	2033	23220	801	62	4232	32319	23697	1129	129	5910	154	22472
MSTRG.1533	6739	2885	107	240	69	2609	1651	9	5	121	3632	3518	94	0	130
MSTRG.1534	4931	476	1458	704	1112	3036	529	442	1875	2790	5004	178	1299	1459	1373
MSTRG.1535	192	1194	362	1212	477	41	1247	130	625	731	104	5	218	509	989
MSTRG.1536	852	204	1320	116	55	1052	40	258	212	10	649	222	497	171	85
MSTRG.1537	1877	353	552	248	2	269	69	265	124	0	1116	389	480	223	3
MSTRG.1538	0	983	1641	9905	48	0	1427	1373	10232	183	0	1016	2459	6982	64
MSTRG.1539	263	389	2614	2375	494	463	271	9	1740	602	245	341	6420	1509	364
MSTRG.154	333	2985	1501	5022	4019	73	842	72	4314	2992	204	725	3082	3983	4073
MSTRG.1540	542	101	10111	73	481	159	144	2576	34	1120	605	92	10348	48	606
MSTRG.1541	619	160	152	107	143	216	17	193	224	229	734	85	237	138	36
MSTRG.1542	7023	1544	442	1139	34	2481	788	331	4616	1081	9237	1192	451	707	1608
MSTRG.1543	6049	319	799	20	55	6678	186	683	143	58	3844	237	1180	1	98
MSTRG.1544	173	2710	2146	16	2997	246	785	1607	113	2930	36	926	2487	375	3073
MSTRG.1545	914	571	26	1281	3660	518	282	18	1421	5183	525	606	33	669	2840
MSTRG.1546	1381	1643	0	2	104	1495	1432	225	22	48	953	2866	267	0	57
MSTRG.1547	102	2412	2	0	113	15	273	0	37	118	101	7045	2	0	79
MSTRG.1548	59	8342	1604	2507	458	67	4063	1782	1705	253	57	9407	1393	1897	295
MSTRG.1549	757	94	4708	365	2	676	251	2902	722	1	482	218	3014	542	2
MSTRG.155	23	3330	516	1005	0	3	4750	214	3163	0	48	2948	367	1429	0
MSTRG.1550	282	850	8796	2236	20	261	1472	271	5687	43	203	1133	4645	2084	6
MSTRG.1551	4	479	450	7724	488	106	362	1842	21106	162	50	442	3	16887	431
MSTRG.1552	0	2285	151	62	270	18	2380	4	303	542	12	1556	25	111	217
MSTRG.1553	85	154	29311	153	0	255	214	17635	118	83	226	282	33847	92	1
MSTRG.1554	231	2602	137	475	26	743	1913	90	738	10	194	1751	72	915	3
MSTRG.1555	510	3111	1754	1102	93	145	1725	3492	1186	19	52	1151	1846	565	51
MSTRG.1556	39	1183	453	983	780	16	4051	805	951	2688	18	9	674	729	1015
MSTRG.1557	38	32176	24	343	0	7	20936	1	431	0	20	39572	64	226	1
MSTRG.1558	4264	84	548	290	44324	1919	142	675	147	82139	6113	10	662	152	41102
MSTRG.1559	480	1779	706	12305	810	391	3598	1038	12640	824	203	2252	879	9700	401
MSTRG.156	0	12267	385	2359	3545	0	19218	132	1127	4284	0	8793	316	14270	3480
MSTRG.1560	501	503	235	114	342	670	579	107	2	150	5	696	96	2	154
MSTRG.1561	199	6	14	27365	196	50	0	256	14609	238	303	1	1257	20336	75
MSTRG.1562	595	82	176	49	300	62	168	119	5	313	514	47	679	59	223
MSTRG.1563	1325	456	2857	792	194	1353	650	1952	541	450	1020	383	3916	1002	139
MSTRG.1564	303	1216	5600	254	200	215	896	3364	260	196	227	862	5541	213	245
MSTRG.1565	296	304	101	264	2320	204	152	10	150	1861	217	120	80	208	585
MSTRG.1566	6743	27	120	119	0	5209	830	54	114	0	3134	1515	201	185	0
MSTRG.1567	100	72	30	2225	1136	13	109	17	1888	5888	62	127	102	2047	3570
MSTRG.1568	984	2364	380	24	3784	461	2407	346	156	5950	930	3677	229	55	4130
MSTRG.1569	223	6677	50	3597	610	105	4554	110	1633	434	194	4939	80	2590	641
MSTRG.157	0	3934	27	39	530	0	3075	7	90	2899	0	4512	46	82	716
MSTRG.1570	1875	130	605	16	678	1070	19	206	1	557	599	72	659	0	1879
MSTRG.1571	681	251	4	316	164	309	79	117	601	200	501	202	3	140	234
MSTRG.1572	1926	26	162	23	74	1203	17	121	17	21	1748	49	95	51	2
MSTRG.1573	3673	324	840	32	263	219	373	4495	16	193	13891	218	1076	46	430
MSTRG.1574	11221	35	55638	4375	1785	3537	124	48457	3310	3226	9105	102	54259	2453	1248
MSTRG.1575	156	560	904	34591	1646	220	151	665	19706	2087	171	568	622	1317	2715
MSTRG.1576	612	66	315	326	0	337	17	131	842	1	354	70	196	137	1
MSTRG.1577	1442	209	154	383	4	2229	315	162	336	180	1205	221	77	352	0
MSTRG.1578	262	1296	443	547	2247	227	3815	274	505	4504	270	1259	350	879	2487
MSTRG.1579	6487	64526	0	237	3411	1985	47655	0	250	7668	15	56332	0	154	6651
MSTRG.158	4527	0	0	0	2462	3884	0	0	0	3011	1916	0	0	0	8149
MSTRG.1580	2928	635	329	41	1401	1241	536	554	14	764	1197	406	647	13	1478
MSTRG.1581	2636	268	1923	1827	315	3732	156	8193	1515	470	0	127	971	921	325
MSTRG.1582	44523	151	9777	93	0	23734	50	25795	142	0	47202	106	9626	371	0
MSTRG.1583	83	470	93	2591	581	71	285	300	4546	3724	16	357	200	3248	1347
MSTRG.1584	2189	1165	796	990	2409	3410	253	488	3790	6803	1302	696	1278	1395	916
MSTRG.1585	1155	47	1392	73	145	422	492	122	59	9	379	28	1302	80	0
MSTRG.1586	20	1933	228	684	1293	4	974	286	986	494	11	675	323	538	532
MSTRG.1587	41	0	0	223	11	0	0	520	621	66	80	0	0	135	27
MSTRG.1588	103	0	5530	83	341	242	415	7252	124	475	17	0	5870	41	523
MSTRG.1589	575	5416	868	86	162	542	7907	504	169	114	318	7987	1043	37	217
MSTRG.159	16003	4159	8536	603	0	18754	3891	7164	1778	0	5781	4087	4578	425	0
MSTRG.1590	1264	454	599	64	7546	1310	702	1117	6	9577	1003	1126	2613	85	6303
MSTRG.1591	288	464	300	221	0	164	1208	175	7	7	72	2349	630	122	59
MSTRG.1592	1	49	58	488	1530	4	50	53	273	1836	6	0	2	172	1484
MSTRG.1593	43	523	931	5595	73	895	1757	2818	12195	25	1427	993	1946	10735	43
MSTRG.1594	141	365	351	516	77	86	489	457	381	194	83	1016	436	735	76
MSTRG.1595	3252	3494	3472	0	898	2578	8399	6552	0	6313	3258	5500	6696	0	304
MSTRG.1596	6442	1469	1956	45903	40	4973	2134	2326	6730	115	3574	2224	3148	22833	359
MSTRG.1597	576	0	0	82166	798	13	181	110	19281	935	118	0	0	11246	431
MSTRG.1598	23	2408	2772	41252	0	12	4528	4452	16873	18	22	2662	2261	6230	0
MSTRG.1599	506	4937	4383	1822	0	265	7543	7288	643	49	308	8477	7177	526	0
MSTRG.16	0	66	412	339	364	0	16	180	166	153	0	37	472	351	455
MSTRG.160	5469	605	9720	375	491	3597	1652	16705	353	990	4738	1543	5256	256	416
MSTRG.1600	212	661	2186	27	1752	68	509	948	122	2095	421	1421	2096	8	2856
MSTRG.1601	832	863	747	518	248	222	1256	1372	415	505	501	639	673	842	345
MSTRG.1602	203	12	0	589	1799	320	47	34	1273	6956	166	11	0	953	1783
MSTRG.1603	7	0	0	1463	6589	18	0	0	902	18577	0	0	0	1196	8625
MSTRG.1604	179	1444	945	1443	75	108	2792	4548	441	263	103	3659	3042	620	103
MSTRG.1605	1247	39	4482	832	163	3749	9	23733	1021	77	675	114	1096	306	79
MSTRG.1606	44406	2225	230	18132	427	43694	8221	7	23687	600	13863	1919	0	16777	858
MSTRG.1607	1124	316	1421	0	1343	617	2	599	0	819	408	0	850	0	858
MSTRG.1608	339	1339	225	2640	240	152	665	126	2105	438	38	697	145	842	207
MSTRG.1609	163	228	8619	224	302	141	105	9324	199	185	74	129	9290	205	178
MSTRG.161	0	3728	4886	550	284	0	3551	2501	421	431	0	3544	5509	343	300
MSTRG.1610	1754	356	2308	1649	254	1113	158	2026	1475	150	878	309	1847	1041	204
MSTRG.1611	114	900	68	1343	11890	63	979	13	3909	12341	87	453	73	2044	10922
MSTRG.1612	2132	8874	117	189	101	1011	9336	291	1071	5	490	7619	72	85	3
MSTRG.1613	0	2780	3422	114	15526	0	2193	16337	574	11196	0	2498	669	69	16685
MSTRG.1614	608	113	26	124	49	2251	66	156	231	0	361	74	490	107	17
MSTRG.1615	7176	228	988	4374	778	7179	256	1534	2233	426	7354	155	300	2637	982
MSTRG.1616	874	4490	1291	13	163	928	9766	549	60	110	826	1141	2351	9	43
MSTRG.1617	902	32	304	5766	14	975	169	165	1770	18	2151	418	310	1769	66
MSTRG.1618	166	1215	8855	1171	174	194	1193	6126	2631	175	322	466	7047	914	439
MSTRG.1619	90	0	19431	30	37	40	18	8413	44	12	1	0	18982	30	56
MSTRG.162	4941	35	0	195	530	3973	91	0	250	552	3866	53	0	47	572
MSTRG.1620	466	1081	62	1328	2168	326	999	0	979	1707	515	1586	14	798	1982
MSTRG.1621	1512	494	872	962	2600	2615	668	825	3805	1569	1318	735	1518	681	3166
MSTRG.1622	1995	1750	0	3628	1	3055	4154	31	1811	2	967	840	0	1437	1
MSTRG.1623	1920	8311	97	138	9	1951	12599	884	687	53	1761	10271	146	224	59
MSTRG.1624	1	140	35	473	237	2	330	45	644	1140	1	203	32	221	261
MSTRG.1625	0	114	80	1406	13	154	78	97	1657	64	0	94	87	2108	74
MSTRG.1626	2728	369	226	3709	1098	3695	382	432	5004	817	1626	994	400	302	752
MSTRG.1627	7202	929	2424	1507	2009	9013	926	1903	2349	2833	7289	658	2230	1924	2370
MSTRG.1628	2721	1116	63	431	17671	1177	1373	263	374	26938	1719	1094	44	331	7418
MSTRG.1629	1224	247	3081	3	281	953	370	1028	4	497	668	284	2581	14	413
MSTRG.163	770	0	5204	1216	24	2445	0	3396	808	49	1144	0	4447	312	8
MSTRG.1630	0	328	13	1333	324	0	150	4	882	355	0	248	117	2516	333
MSTRG.1631	2472	10883	48	910	357	3841	9262	103	2159	466	2974	12863	208	1041	722
MSTRG.1632	2604	100	332	12088	179	5244	2	686	11059	392	175	3	609	10434	233
MSTRG.1633	2126	17814	66	4914	31	2501	10373	20	2477	14	645	17288	112	4795	42
MSTRG.1634	172	29	1059	2375	1505	84	5	849	1404	1924	79	48	955	1051	1418
MSTRG.1635	1955	805	16734	87	90	575	1016	431	5	42	531	1433	2684	150	100
MSTRG.1636	310	15	382	100	1958	143	0	206	1	3356	133	16	353	108	1945
MSTRG.1637	11338	121	526	45	883	10661	241	429	99	2835	7133	151	416	80	1484
MSTRG.1638	3403	60	311	562	122	1973	75	65	323	121	2121	24	563	301	157
MSTRG.1639	928	280	53	79	452	616	426	4	38	803	327	462	66	49	572
MSTRG.164	4215	411	589	0	50	2975	860	1756	0	119	2385	423	1514	0	34
MSTRG.1640	3707	39	1444	1096	115	14674	63	879	409	434	948	56	1929	468	68
MSTRG.1641	75	14	98	3111	39	8	34	92	3612	195	1	37	185	4013	58
MSTRG.1642	70	3415	3865	1906	1176	169	1487	4647	679	1250	320	3891	4086	889	1374
MSTRG.1643	1085	69	2538	288	0	772	38	2866	462	84	201	306	3289	112	9
MSTRG.1644	0	664	1118	1018	226	29	502	2779	674	4	0	896	1553	897	152
MSTRG.1645	1063	128	101	930	459	969	65	149	1687	257	1332	154	87	1150	248
MSTRG.1646	438	1066	801	123	4301	631	1346	1457	261	11691	566	873	489	6	6225
MSTRG.1647	2005	1612	318	80	451	4396	1959	215	3	720	829	1648	174	311	848
MSTRG.1648	9889	7231	292	1067	0	15188	4341	136	4	0	5870	1800	77	919	0
MSTRG.1649	133	180	907	3763	20	414	416	113	4365	16	245	192	1434	5447	33
MSTRG.165	0	509	3278	1085	954	0	464	1365	871	710	0	392	2931	892	471
MSTRG.1650	627	686	344	1149	22409	522	652	327	464	13468	930	575	310	1568	30544
MSTRG.1651	874	420	5644	140	75	566	583	18111	3	49	161	719	7235	373	9
MSTRG.1652	577	388	406	11013	3	316	274	401	10939	51	285	276	809	7173	10
MSTRG.1653	355	90	860	21895	47089	154	11	370	8149	19742	219	36	1020	15183	22457
MSTRG.1654	17278	869	1420	1	36652	9815	1263	316	3	20177	12874	881	1161	1	28751
MSTRG.1655	74	81	81	378	1752	13	270	60	6	527	1	225	75	237	558
MSTRG.1656	20630	2661	1059	256	22	9066	2694	665	259	51	14026	2326	319	240	11
MSTRG.1657	1	3099	14301	150	408	8	2930	20096	19	367	59	3391	17801	46	499
MSTRG.1658	1156	964	0	541	549	736	2753	0	74	1029	925	1516	0	272	654
MSTRG.1659	30	130	2740	274	838	140	159	1461	421	1277	14	93	1881	143	676
MSTRG.166	569	639	59	16209	0	903	582	79	18038	0	256	446	21	16905	0
MSTRG.1660	13	1460	268	42	1276	12	1121	232	409	515	30	825	179	19	780
MSTRG.1661	32	376	1557	95	369	44	406	1818	29	515	56	136	1705	22	141
MSTRG.1662	24	213	1394	11	12092	155	149	3204	27	27550	25	39	2449	0	10794
MSTRG.1663	519	41	191	246	0	428	58	98	469	0	478	22	144	340	0
MSTRG.1664	2185	1	103	91	1329	1813	27	82	200	2269	1410	7	173	47	1359
MSTRG.1665	1	275	2990	194	139	19	319	1799	40	174	3	248	4318	140	123
MSTRG.1666	4997	7425	13	2671	1242	1376	12636	50	5346	1652	4812	10237	22	3179	954
MSTRG.1667	57	344	7419	559	869	21	682	1650	696	3410	259	858	3195	513	1330
MSTRG.1668	23	0	1058	7037	79	94	0	1787	8437	69	196	0	1450	4172	83
MSTRG.1669	1185	37604	5	0	72	517	7821	10	0	112	988	36862	29	0	130
MSTRG.167	326	41	0	2043	1101	484	38	0	1481	827	289	35	0	1487	837
MSTRG.1670	152	7128	1117	33	2604	64	11606	554	45	2759	97	4419	715	33	4246
MSTRG.1671	1340	9975	704	15712	4582	1032	16114	2581	10233	3245	563	8133	597	10170	2360
MSTRG.1672	5252	1141	4313	112	989	2396	643	1615	32	1588	19	507	2296	108	1168
MSTRG.1673	228	64	152	24	22	254	27	610	2	19	99	27	270	3	29
MSTRG.1674	465	43	578	23964	3	576	202	611	20185	25	325	6	217	10285	35
MSTRG.1675	551	589	996	72	962	427	458	1129	8	828	749	841	1969	10	601
MSTRG.1676	438	54	5631	7	624	232	25	6622	26	2749	246	15	1796	0	490
MSTRG.1677	54	721	1352	13	3340	16	1281	2017	78	2182	45	999	1839	938	1759
MSTRG.1678	1307	1418	359	0	136	1043	888	365	0	495	542	1613	370	0	208
MSTRG.1679	94	6	2322	627	454	145	6	1224	1399	498	159	79	3281	1425	228
MSTRG.168	640	604	443	111	3519	597	590	709	55	4917	393	341	631	102	3257
MSTRG.1680	3206	13338	0	4408	1142	2340	19563	0	7527	1910	2490	16233	0	2241	1639
MSTRG.1681	1541	1	32469	86	2772	2931	24	2618	568	4757	1313	1	27694	664	1938
MSTRG.1682	1364	0	46	3	1279	1328	0	205	46	2345	761	0	36	31	1631
MSTRG.1683	426	1589	29380	2	335	364	2193	14099	20	363	199	830	25040	15	447
MSTRG.1684	96	396	33070	998	1215	150	252	9695	24327	1076	46	238	32365	812	3358
MSTRG.1685	1694	2017	1573	80	682	1019	2050	591	1320	1451	1329	1382	789	303	910
MSTRG.1686	0	2097	7	0	10329	478	3909	202	0	9070	12	2606	0	0	9297
MSTRG.1687	424	156	523	1146	2898	238	147	550	364	2708	175	87	919	822	3252
MSTRG.1688	35	144	17	3984	930	0	183	73	4098	125	65	148	27	4412	780
MSTRG.1689	10007	601	745	159	8	14112	612	1222	14	18	6786	172	1042	306	33
MSTRG.169	139	0	460	976	1649	146	101	394	877	2427	31	2	264	2548	1489
MSTRG.1690	533	4652	817	5	2944	668	3115	1057	505	1705	888	4366	1604	15	1667
MSTRG.1691	0	0	11451	956	45	0	5	6609	742	7	0	41	11585	318	42
MSTRG.1692	18	7354	2	49	53	12	3670	5	1487	4	18	4021	3	198	81
MSTRG.1693	40601	911	4033	458	453	9237	2015	2653	535	60	35089	1170	3636	380	807
MSTRG.1694	116	107	3500	48252	29	112	2520	1719	64742	34	31	208	1929	34558	106
MSTRG.1695	11883	94	95	32	15	10312	61	5	21	5	3629	114	123	32	45
MSTRG.1696	9038	562	2807	10045	47	7131	395	68	13804	60	2048	423	1258	10299	93
MSTRG.1697	1533	459	87	23	37	481	1672	36	43	1	397	610	249	100	91
MSTRG.1698	43	3237	103	1043	61	19	2948	6	1950	133	97	1949	176	1388	47
MSTRG.1699	34	123	113	2	150	92	542	99	0	92	6	293	180	1	85
MSTRG.17	301	68	676	1096	984	75	0	687	891	714	330	205	693	758	804
MSTRG.170	665	1021	615	92	114	460	1395	593	266	103	229	1084	710	261	40
MSTRG.1700	619	419	161	3	3	493	692	1	1727	99	735	268	104	2	4
MSTRG.1701	41	651	109	4865	18	44	1355	195	2223	0	15	2027	103	1265	34
MSTRG.1702	753	1324	134	78	174	1168	3811	65	60	108	789	684	104	74	211
MSTRG.1703	1750	1302	35	333	948	1000	2116	3	237	555	1232	1732	7	347	591
MSTRG.1704	0	413	218	77	3390	3	421	65	120	2435	0	374	164	67	3389
MSTRG.1705	16534	3247	1178	559	1232	22795	1814	567	271	299	17714	4349	834	107	649
MSTRG.1706	0	932	3253	1131	320	22	1302	1608	551	276	0	1343	5161	750	144
MSTRG.1707	0	11567	1926	708	1059	0	7098	444	506	695	0	13232	1222	4568	1217
MSTRG.1708	15	9534	396	1214	738	0	3303	207	237	1371	0	5337	190	711	843
MSTRG.1709	1763	1758	1324	3189	194	1827	1796	842	3189	316	305	1102	1101	2592	8
MSTRG.171	5629	14323	23	714	10766	4236	14896	61	521	12629	4443	17250	18	158	10609
MSTRG.1710	2572	88	986	0	127	325	51	1670	5	13	492	132	1515	0	207
MSTRG.1711	2642	117	207	814	46	2314	5	448	257	1	1414	156	2	560	61
MSTRG.1712	2182	148	1784	1026	4097	3869	144	6	1077	2700	1644	232	754	1237	4844
MSTRG.1713	55	41	3187	4474	604	122	1	1442	18641	444	130	84	6760	5492	1213
MSTRG.1714	787	109	187	2536	105	593	181	12	2974	0	113	84	1100	1405	187
MSTRG.1715	4967	30	277	1488	1818	3007	178	213	592	3649	4306	10	1103	706	2111
MSTRG.1716	35	38	141	206	5	43	6	10	33	176	46	22	257	78	84
MSTRG.1717	6038	403	159	33	540	3235	323	0	523	368	2243	276	316	84	581
MSTRG.1718	1285	840	1561	79231	4086	1643	696	2343	6589	4309	701	791	2438	43574	3182
MSTRG.1719	300	2198	98	845	10	2339	1552	340	831	15	40	3991	602	831	16
MSTRG.172	1524	1638	814	406	860	1071	1513	466	354	1071	1087	2447	457	167	3277
MSTRG.1720	832	1519	21091	1272	1	620	823	23767	803	1	391	808	21729	1545	1
MSTRG.1721	782	480	6	1520	0	1904	338	57	3179	0	250	524	7	1941	0
MSTRG.1722	4313	960	53	2667	24	2554	1181	26	2212	39	1863	1129	27	1273	21
MSTRG.1723	237	1374	9246	464	7328	498	1477	6668	489	7695	169	1755	9780	220	5357
MSTRG.1724	591	98	71	3830	63	475	398	2	2802	45	195	2	191	2633	36
MSTRG.1725	1223	1269	22257	4410	15	1482	127	9287	3746	2	1771	1366	23167	3688	6
MSTRG.1726	3638	2777	80	25	2462	3299	7	6	36	2469	1207	893	7	8	2558
MSTRG.1727	1578	3015	1347	1512	68	2026	1583	35087	903	11	1497	8112	1853	263	9
MSTRG.1728	438	89	0	89	181	325	0	0	218	161	420	619	0	106	178
MSTRG.1729	4486	16662	534	51	5725	1832	94963	1464	96	8787	5814	19728	1328	26	7321
MSTRG.173	3505	544	26	707	114	2243	252	104	610	222	2429	241	10	504	338
MSTRG.1730	1113	27196	5513	8720	5577	1482	34021	11817	3458	6137	1100	29368	2322	4665	4802
MSTRG.1731	16404	100	75	0	9	9657	141	869	0	59	11180	71	576	0	9
MSTRG.1732	3250	66	5	79	1	2785	46	113	525	5	1912	16	45	14447	1
MSTRG.1733	0	104	8	104	348	0	286	25	20	37	2	254	277	64	269
MSTRG.1734	3601	547	81	40	144	1692	726	816	35	387	1281	665	32	16	176
MSTRG.1735	99	1	80	574	77	2	4	2806	198	38	116	1	104	288	21
MSTRG.1736	2654	60	0	103	323	229	3	0	40	182	453	6	0	124	271
MSTRG.1737	147	3	65	22	180	2	2	491	31	481	162	1	52	38	325
MSTRG.1738	61	16	119	2392	26	55	5	606	809	468	83	12	224	2060	12
MSTRG.1739	143	83	1320	2990	76	4	46	754	6211	36	69	64	982	3275	29
MSTRG.174	463	976	71	184	520	289	1525	1	326	515	381	3941	13	105	281
MSTRG.1740	111	24	5247	1717	19	94	1	4710	865	92	85	0	5601	1948	190
MSTRG.1741	195	133	0	0	529	195	428	0	0	3883	422	329	0	24	375
MSTRG.1742	261	246	15	31	7	100	286	5	16	13	173	615	6	26	41
MSTRG.1743	1600	1178	236	111	232	558	1027	92	34	231	868	1763	482	1414	236
MSTRG.1744	3282	167	24	5404	165	1462	68	1354	3155	43	3153	144	2	4040	100
MSTRG.1745	1826	574	816	72	1299	450	1318	247	58	21807	1185	27	413	439	1061
MSTRG.1746	460	375	98	2279	0	296	209	2985	1871	0	140	57	81	1387	0
MSTRG.1747	892	169	603	0	346	921	86	529	78	782	857	24	574	31	832
MSTRG.1748	1793	2	30678	634	4922	1738	7	15195	630	6860	1642	26	28759	627	1759
MSTRG.1749	223	0	5584	6313	38	448	0	52550	8886	358	1	34	2345	5476	359
MSTRG.175	11883	112	1194	4289	269	12325	354	1345	3496	370	9418	437	952	2898	112
MSTRG.1750	208	9	15	1274	17	38	17	13	1607	100	633	10	30	846	32
MSTRG.1751	611	148	8651	5775	5	2	65	12499	10810	24	347	44	7920	2954	258
MSTRG.1752	4206	1386	419	13511	65	1244	2202	272	6814	321	11895	2383	821	2639	23
MSTRG.1753	62	507	530	906	101	28	545	781	756	1296	213	640	911	322	114
MSTRG.1754	181	6607	739	254	0	23	19384	689	345	0	124	4809	1041	234	0
MSTRG.1755	382	76	10	4	73	37	43	2041	101	163	391	32	2	0	22
MSTRG.1756	13	12	4299	654	18	0	23	770	638	188	27	24	3773	311	18
MSTRG.1757	142	0	254	1616	11	9	0	141	4607	84	612	0	352	2951	7
MSTRG.1758	1889	42	102	9	67	2188	46	203	117	206	1819	35	103	113	129
MSTRG.1759	542	9030	595	388	1129	504	5746	336	104	649	401	11668	122	16400	871
MSTRG.176	1426	374	4613	260	474	1311	239	3508	194	538	4562	215	4317	464	334
MSTRG.1760	8169	108	915	281	4558	5292	5	671	491	4375	4748	248	1222	451	4634
MSTRG.1761	83	1893	1131	1314	0	38	1356	186	227	0	13	2757	1464	1172	0
MSTRG.1762	1	85	859	116	193	83	16	157	198	26	22	14	1718	70	500
MSTRG.1763	12154	186	0	0	2	9184	249	1	0	321	11801	192	5	0	14
MSTRG.1764	275	5	652	36874	53	46	36	1279	26330	1838	340	1038	720	12761	71
MSTRG.1765	1327	0	1688	12288	527	1725	0	1439	6343	415	2571	0	2350	11225	507
MSTRG.1766	96	1349	694	1120	33211	8	1619	411	1282	78586	6	1579	622	1049	19348
MSTRG.1767	14956	6700	1465	7858	6957	43642	8707	1591	4466	11878	10164	2228	1224	1291	5433
MSTRG.1768	44469	57	4801	1671	674	56809	521	17045	827	875	37667	677	5370	1398	1293
MSTRG.1769	159	6	3459	478	368	167	22	2746	1345	750	118	35	2061	476	659
MSTRG.177	81	0	1860	31632	161	276	0	2554	9143	384	215	0	2138	20033	125
MSTRG.1770	93	15	1826	5849	264	152	38	451	6179	372	224	140	1115	6913	460
MSTRG.1771	1	1349	225	2281	256	3	29328	33	4688	137	0	852	141	2035	293
MSTRG.1772	358	86	35	353	33	542	395	7	188	99	327	52	10	325	3
MSTRG.1773	289	76	55	14598	4222	408	2177	853	111753	3085	476	168	50	22017	2208
MSTRG.1774	1	0	51961	1500	248	36	0	2232	3031	274	27	0	51742	2182	245
MSTRG.1775	1670	13	924	645	67	1091	202	1111	1226	110	1506	39	966	2559	79
MSTRG.1776	18	5	1304	15	543	10	146	489	6	184	4	10	2039	8	156
MSTRG.1777	655	1042	1598	2498	675	1075	713	2598	4385	498	14	1038	2589	2251	814
MSTRG.1778	114	5347	1921	84	1139	49	5071	769	177	282	22	5593	1574	90	1756
MSTRG.1779	0	0	309	20266	847	11	0	305	16170	531	30	0	186	12575	2296
MSTRG.178	336	933	176	280	3854	186	415	54	216	2799	95	694	73	201	2952
MSTRG.1780	49	207	3237	71	488	48	102	1935	53	1083	46	534	4559	55	392
MSTRG.1781	11	2	4676	574	1667	2	0	4317	1009	2013	3	0	5836	569	1521
MSTRG.1782	6	23	1073	308	545	50	954	102	335	261	21	32	342	0	602
MSTRG.1783	0	60	9	148	675	0	3105	9	1	1188	0	160	129	0	470
MSTRG.1784	0	528	110	289	3250	0	585	176	264	12664	0	456	91	816	3933
MSTRG.1785	1360	41851	54	512	3311	1842	46183	71	1666	2000	1165	35293	87	1082	1467
MSTRG.1786	7932	179	7803	237	1338	8231	93	2838	363	695	1067	103	5142	623	707
MSTRG.1787	148	7579	14	830	142	601	9742	23	358	22	365	7345	9	588	91
MSTRG.1788	21	670	0	1274	10	53	874	0	541	343	35	777	0	1210	23
MSTRG.1789	3121	465	179	350	41479	26500	891	224	581	13625	1086	834	50	924	55056
MSTRG.179	362	106	12194	1048	245	240	171	8250	748	281	98	11	16952	450	306
MSTRG.1790	140	263	79	2110	680	362	419	111	751	810	25	587	32	349	685
MSTRG.1791	179	63	553	0	985	603	109	488	52	828	54	56	403	11	1146
MSTRG.1792	0	273	3321	5186	1336	0	142	1283	5117	2837	0	426	1211	5169	1650
MSTRG.1793	1535	14	1410	504	1299	899	446	2266	158	1844	1063	18	1909	392	1579
MSTRG.1794	5963	4343	1020	26	211	4197	1765	1043	8	342	5443	1139	1385	35	95
MSTRG.1795	156	302	1127	62	2679	53	213	747	22	4776	393	319	1022	90	3161
MSTRG.1796	15	133	1	497	3550	959	135	0	300	3324	40	62	152	593	4248
MSTRG.1797	153	619	19	2841	20	2637	310	11	5664	24	108	129	19	3088	19
MSTRG.1798	433	756	4782	1304	683	406	454	3477	1127	1017	350	858	7284	597	826
