gene_id	B100	B105	B110	B135	B175	B200	B205	B210	B235	B275	B300	B305	B310	B335	B375
MSTRG.5398	0	294	862	4	841	61	168	2289	33	1966	78	59	1596	22	744
MSTRG.5399	896	1209	654	28198	1021	1179	1405	283	20711	713	738	973	873	14360	424
MSTRG.54	2006	1395	44	24755	1574	1176	1435	62	5742	1526	1094	1321	27	12978	884
MSTRG.540	1	634	757	7672	25	9	1621	1838	5971	52	1	1400	1173	7274	51
MSTRG.5400	560	3235	151	1	2568	207	1528	0	1	1816	302	2825	9	0	1422
MSTRG.5401	260	1649	1032	191	344	117	3695	366	99	37	249	1721	1263	40	92
MSTRG.5402	565	201	0	3695	16584	513	560	1	9703	25006	452	220	4	4763	18105
MSTRG.5403	1947	1199	2741	292	129	899	2056	5077	834	69	872	1620	2896	739	65
MSTRG.5404	2431	1122	1262	1953	0	3334	926	855	4441	0	2305	530	1383	2253	0
MSTRG.5405	5773	345	2975	21	670	2715	430	10012	51	679	4673	190	4449	26	1134
MSTRG.5406	88	189	889	14591	149	53	212	594	8061	492	5	17	1922	8024	83
MSTRG.5407	982	85	2	54	451	2637	58	1	304	6125	2551	67	273	60	642
MSTRG.5408	5496	1620	4137	11	4683	3263	865	2715	49	4323	2696	1222	2743	16	1778
MSTRG.5409	1021	2434	1030	122	419	1209	2384	325	87	2460	1410	2279	436	154	676
MSTRG.541	1124	29	87	442	5	368	61	3	291	39	647	47	44	479	62
MSTRG.5410	282	1418	1517	3392	10	97	3709	1299	3253	1	33	2109	2097	1571	3
MSTRG.5411	65	130	3260	3316	1602	46	113	5952	2822	3809	12	69	3052	1958	1999
MSTRG.5412	782	58	2536	846	73	237	61	724	997	119	223	140	1937	613	14
MSTRG.5413	447	25146	518	1177	123	394	12212	599	406	246	35	18771	536	2050	339
MSTRG.5414	4159	1575	2050	682	25	2134	822	1597	457	70	5048	1216	2020	331	20
MSTRG.5415	2878	5476	140	8448	1924	2520	7270	686	13052	1035	1383	5426	54	5733	1081
MSTRG.5416	2	911	1910	123	1741	0	4896	3168	355	2158	0	398	2029	249	1030
MSTRG.5417	10362	944	207	6299	8315	5280	773	16	5770	10606	5298	1928	170	2623	10171
MSTRG.5418	1388	0	455	363	1844	1349	0	117	376	2801	1074	0	495	305	1962
MSTRG.5419	1214	70	193	414	0	1049	40	73	3680	0	566	28	151	497	0
MSTRG.542	2762	841	171	1295	11811	1154	270	276	573	22783	1075	672	152	626	11888
MSTRG.5420	1258	309	0	4156	1383	855	2047	0	2017	1860	767	439	1	935	698
MSTRG.5421	3375	126	0	447	561	719	65	0	506	219	1995	139	0	1051	507
MSTRG.5422	0	12004	1488	1338	844	0	5680	738	1001	490	0	7686	1506	1828	825
MSTRG.5423	1626	150	375	1763	122	1084	240	522	854	170	753	205	685	1179	128
MSTRG.5424	3763	94	69	312	45	1864	48	8	266	136	3143	69	37	184	45
MSTRG.5425	2480	13322	6674	430	1982	2393	5594	3994	371	941	949	20169	7208	383	1561
MSTRG.5426	54	1040	6102	15983	608	452	1428	3336	7074	391	19	1159	5055	6439	381
MSTRG.5427	1928	0	1342	749	2938	2456	0	651	1267	2801	1736	0	505	477	1859
MSTRG.5428	1718	110	0	1	1705	875	8	0	0	3083	409	0	0	1	2881
MSTRG.5429	547	21	1	825	270	485	20	2	1320	366	166	4	0	1010	206
MSTRG.543	704	100	126	5326	6808	380	37	162	12500	10735	199	26	706	5082	7635
MSTRG.5430	73	78	1	357	17	52	86	2	505	141	264	101	8	496	53
MSTRG.5431	63	274	437	1876	8788	51	52	111	814	3546	47	1070	1963	894	7163
MSTRG.5432	1877	0	427	255	109	714	0	322	162	190	1110	0	473	139	93
MSTRG.5433	2855	41	156	601	605	3082	0	50	350	1760	1862	0	103	177	621
MSTRG.5434	2316	0	1345	1013	1801	3376	0	2051	1045	2506	1647	0	1075	338	1324
MSTRG.5435	383	254	38	65	41162	193	0	23	35	17041	75	117	8	83	47138
MSTRG.5436	84	0	36	1786	1902	36	0	17	1855	1216	176	0	16	2005	3544
MSTRG.5437	33660	28	1441	3203	2989	9281	268	1519	4839	2339	18853	146	1365	2141	1052
MSTRG.5438	1936	0	770	0	1493	726	0	437	3	1282	1230	0	897	2	1014
MSTRG.5439	7784	1712	1060	924	651	12458	981	1237	1143	557	5303	1527	589	535	734
MSTRG.544	6500	1451	5774	13105	4	3271	1222	3293	9962	0	4934	1174	2077	35707	37
MSTRG.5440	1439	59	72	118	62	645	73	1432	219	1173	1987	58	56	275	96
MSTRG.5441	0	1440	740	184	10	0	697	1052	148	25	0	1385	444	107	2
MSTRG.5442	0	264	12	2541	788	3	342	18	1458	655	0	281	8	1765	409
MSTRG.5443	398	14	50	4013	6747	1736	135	61	5873	6750	281	79	125	2845	6789
MSTRG.5444	337	140	829	1801	0	196	219	601	2774	0	172	194	1163	1192	0
MSTRG.5445	13238	3115	316	1762	0	7076	4409	160	3329	0	6838	4550	212	1976	0
MSTRG.5446	183	185	3408	500	0	114	213	200	690	0	212	280	4028	316	0
MSTRG.5447	21242	517	9438	163	0	7140	366	9339	1209	200	25562	561	10225	101	15
MSTRG.5448	1193	233	0	1255	94	1290	292	0	1328	5033	749	236	0	1259	201
MSTRG.5449	144	1003	0	722	368	81	2348	0	3	663	146	1731	0	401	861
MSTRG.545	673	453	452	39	2	927	370	372	32	3	464	201	620	43	8
MSTRG.5450	81	576	6	4241	9940	9	407	30	316	13779	1	753	379	4393	13039
MSTRG.5451	296	66	6930	28622	21	84	7	3936	11354	11	1123	16	7069	2417	34
MSTRG.5452	0	793	41	793	2427	24	599	110	1077	3455	0	589	38	268	1438
MSTRG.5453	0	2627	927	5	1644	0	5542	1780	11	701	0	2267	1287	7	871
MSTRG.5454	46	1488	3226	2514	115	0	1037	4853	3045	105	0	2321	3607	1689	350
MSTRG.5455	0	3562	603	3754	410	0	10709	1021	2814	109	0	3280	831	1915	907
MSTRG.5456	0	830	8	904	2876	23	631	20	673	2399	0	2073	8	728	2902
MSTRG.5457	346	13	0	535	1554	0	0	0	882	3215	0	204	0	454	1524
MSTRG.5458	0	3940	5319	960	529	0	2749	4694	460	432	0	2621	5471	703	558
MSTRG.5459	55	1306	149	2896	635	266	781	288	2352	1474	62	694	164	1078	740
MSTRG.546	961	3486	2345	1537	39	5020	2305	1299	747	1	664	3384	1033	98	1
MSTRG.5460	0	1570	492	1263	145	0	1620	256	759	55	0	2025	215	1111	406
MSTRG.5461	1623	2687	782	956	43	1154	6191	944	245	72	1283	2977	1023	944	136
MSTRG.5462	237	2652	917	2043	857	166	1245	729	1274	811	78	1855	429	1938	833
MSTRG.5463	1736	2365	132	2209	5833	541	2139	1198	3626	8322	1501	2276	685	3775	3551
MSTRG.5464	48	27	3139	0	3909	39	55	6021	0	7525	60	45	4277	0	2406
MSTRG.5465	446	295	1910	0	213	459	301	6276	0	212	288	106	2582	0	510
MSTRG.5466	27	1114	1634	9334	0	72	2525	918	2931	149	21	1486	1490	11752	0
MSTRG.5467	341	174	0	304	338	152	18	0	973	46	147	171	0	279	4813
MSTRG.5468	3147	944	54	4943	146	3304	384	42	5640	25	2026	630	25	4271	1907
MSTRG.5469	50	596	0	421	133	4	166	0	426	20	25	145	0	270	1897
MSTRG.547	516	317	2	1561	5454	374	693	254	1427	11383	310	512	5	386	4891
MSTRG.5470	819	0	166	371	138	644	0	9	260	19	726	0	177	320	1895
MSTRG.5471	235	1352	71	228	146	215	1370	0	48	21	172	1640	127	125	1939
MSTRG.5472	1212	170	5100	2989	163	2256	565	76	3971	21	1294	391	3149	1202	2187
MSTRG.5473	693	29	822	1559	144	316	39	791	1510	24	683	14	1224	1332	2143
MSTRG.5474	50	5976	1782	3348	144	10	4394	3899	3496	19	7	6770	2095	3278	1992
MSTRG.5475	847	398	5796	29	251	562	261	2119	335	85	265	253	6180	44	6
MSTRG.5476	18	1223	1238	358	155	25	312	3529	544	332	22	941	1516	1140	172
MSTRG.5477	3044	7742	959	360	413	3946	5984	632	342	570	1405	5928	419	412	323
MSTRG.5478	1686	4020	2710	3064	349	1387	1804	811	4297	707	2251	3774	1832	3144	434
MSTRG.5479	4919	436	21117	4206	1562	8210	420	15776	7851	586	2460	434	25912	3561	1877
MSTRG.548	86525	1066	13	92	83	84064	7355	15	4	86	2358	1893	54	2	86
MSTRG.5480	957	1676	536	2542	599	477	588	565	1439	809	1924	473	129	1917	514
MSTRG.5481	0	0	0	37	3440	0	0	0	15	3512	14	0	0	0	2627
MSTRG.5482	5950	503	1047	1123	12061	4246	301	780	1260	14497	3610	1300	1715	657	9817
MSTRG.5483	903	28	394	137	267	482	1	753	675	758	238	0	281	276	390
MSTRG.5484	2142	379	832	386	1383	1529	461	8071	51	6554	1958	425	794	392	1164
MSTRG.5485	3151	235	5434	250	0	4553	113	3985	250	0	1868	115	2860	948	1
MSTRG.5486	3913	1172	598	2191	718	1042	1904	3081	2908	1904	1840	1404	719	3316	858
MSTRG.5487	1715	32	1834	1195	0	1433	13	2406	3268	0	1066	58	2998	1054	0
MSTRG.5488	174	1829	4955	4112	732	143	1814	894	4086	1245	125	1649	3119	2739	444
MSTRG.5489	786	644	303	58	17	493	811	149	181	51	494	1060	128	14	216
MSTRG.549	3646	339	2010	157	15	2682	100	1743	2	11	2817	350	2264	4	129
MSTRG.5490	436	756	11293	0	858	539	759	6453	27	702	130	823	10818	53	518
MSTRG.5491	1698	92	1414	126	4331	2431	2359	995	121	2751	1271	39	765	175	4943
MSTRG.5492	289	513	0	2433	521	17	1156	0	2258	396	234	482	0	861	645
MSTRG.5493	700	492	1414	60	296	283	607	720	122	90	424	237	1002	63	396
MSTRG.5494	392	4102	849	5784	1297	130	3439	202	4218	2937	150	4787	529	3523	1352
MSTRG.5495	0	2608	1718	0	8	0	1733	755	0	3	0	1877	1569	0	11
MSTRG.5496	1706	32	88	0	922	1085	92	117	1	1016	1758	47	39	19	819
MSTRG.5497	149	1	105	0	227	366	1	205	0	1512	264	0	278	0	99
MSTRG.5498	221	1251	2158	829	0	134	1939	522	2360	0	257	1389	1214	1424	0
MSTRG.5499	8166	3349	522	3947	486	4767	4943	414	2588	4	6435	3221	383	1598	132
MSTRG.55	36404	694	1684	164	784	8961	804	1567	37	185	40881	425	1169	59	294
MSTRG.550	35	90422	872	7104	2633	67	52636	235	13628	1631	65	21251	550	8398	21766
MSTRG.5500	487	590	2108	142	6138	279	844	822	12	15377	452	801	1345	105	4175
MSTRG.5501	2227	27	1953	435	1810	251	0	2088	649	1558	458	32	2142	551	1963
MSTRG.5502	12704	5599	291	144	181	9083	5032	333	49	160	8450	5365	310	25	374
MSTRG.5503	0	29	23	1011	0	2	12	284	414	0	2	8	6	400	0
MSTRG.5504	9	320	12046	626	20	2	253	767	902	3	16	276	9577	771	2
MSTRG.5505	4954	592	366	382	615	2912	887	510	615	724	4474	730	421	649	837
MSTRG.5506	2103	1271	161	55	178	536	800	275	9	297	524	948	236	0	219
MSTRG.5507	99	339	298	839	3787	61	885	1109	1123	5261	15	700	562	722	3130
MSTRG.5508	0	3427	2784	2	42	0	5695	935	43	84	0	4882	2607	0	111
MSTRG.5509	456	188	41699	45	845	266	113	7173	113	933	667	110	57857	14	346
MSTRG.551	48	2334	2087	8392	80	216	3942	1141	11339	30	463	3039	1060	10413	253
MSTRG.5510	371	2227	0	5113	1131	238	4748	0	6526	1378	460	1776	839	5875	1476
MSTRG.5511	246	1492	5632	0	117	114	688	1583	0	123	98	1552	4489	0	178
MSTRG.5512	1699	0	1603	0	12	1522	0	950	0	35	1194	0	1293	0	24
MSTRG.5513	1855	86	795	220	11292	1841	46	648	475	12747	1549	54	1029	620	10546
MSTRG.5514	816	7	89	11	0	512	21	1030	1	1	1124	38	91	3	1
MSTRG.5515	1062	0	17	699	159	1480	0	41	223	116	373	0	14	242	56
MSTRG.5516	91	0	1064	642	40	970	0	248	425	34	26	0	997	298	0
MSTRG.5517	1397	3	8582	114	3382	937	20	3900	16	8490	545	436	5509	78	4418
MSTRG.5518	83	4334	0	517	213	64	12294	0	564	726	27	7686	0	368	570
MSTRG.5519	139	4260	0	18343	1976	392	3796	0	22946	4400	719	4660	0	18436	2135
MSTRG.552	4	1269	409	1	61	11	650	261	1	48	38	1779	219	26	143
MSTRG.5520	4349	136	0	5298	20	4132	88	0	2865	49	4483	688	0	2453	31
MSTRG.5521	2464	226	0	158	14453	1347	213	350	132	14229	1344	215	2	138	11131
MSTRG.5522	133	24	7	2052	15	81	1	472	2023	52	32	0	9	1137	30
MSTRG.5523	1642	0	98	811	10	1961	0	8934	1067	26	1388	0	299	674	14
MSTRG.5524	1	119	446	214	96	1	7	876	3503	138	0	124	1143	328	123
MSTRG.5525	3508	60	10982	614	1709	3659	0	21093	1561	1896	2079	142	15166	770	978
MSTRG.5526	744	4969	95	0	1012	772	1257	14	2	1058	670	1146	74	17	688
MSTRG.5527	62	576	2014	71	2048	0	743	2007	79	2474	16	650	1919	97	1892
MSTRG.5528	7736	129	1877	2634	277	5737	109	787	2089	213	5138	101	1417	1921	253
MSTRG.5529	38	1442	26	45	338	23	3945	0	10	954	6	2109	0	62	530
MSTRG.553	2260	105	4358	3	0	2412	97	2434	1	0	1246	61	3061	2	0
MSTRG.5530	579	434	185	764	425	174	698	122	1604	324	279	349	565	401	1004
MSTRG.5531	840	0	493	2440	836	818	1	144	1784	475	699	2	609	1297	388
MSTRG.5532	1716	4098	4312	2585	5031	672	2447	3785	1788	8768	776	4657	5719	925	3351
MSTRG.5533	1321	1322	2121	0	2271	1107	2390	3267	0	808	1692	1493	2188	0	1408
MSTRG.5534	4172	820	645	258	106	6556	688	715	1583	195	3949	332	787	205	212
MSTRG.5535	167	1809	908	260	4864	165	2044	1446	470	5176	153	1760	1494	167	2828
MSTRG.5536	2494	448	85	478	341	4163	294	67	948	458	1073	64	126	697	269
MSTRG.5537	1829	22371	902	742	367	1180	18589	572	1217	2215	1314	27515	741	1440	456
MSTRG.5538	0	0	6396	425	5331	0	0	4787	224	1592	0	0	6925	357	1239
MSTRG.5539	44	1439	6239	49	1646	79	1140	2986	19	1447	65	2446	4442	83	2456
MSTRG.554	1939	1643	51	19	1121	1829	2512	605	468	770	1402	1644	165	43	9355
MSTRG.5540	6	2000	310	2192	1702	73	6663	157	3632	970	2	1762	544	1080	1376
MSTRG.5541	12020	5565	0	348	364	3216	4331	160	1077	274	13184	2744	1	996	209
MSTRG.5542	7583	82	1303	1719	360	6473	32	45	1542	288	6496	49	1321	1507	402
MSTRG.5543	1	493	562	1625	14162	0	3602	21	3374	7302	0	712	541	2901	15044
MSTRG.5544	1	1484	561	461	627	1	2167	20	1994	801	1	2376	541	1592	336
MSTRG.5545	2	82	567	333	230	0	16	24	1487	608	0	58	563	974	386
MSTRG.5546	0	76	573	1409	1051	0	95	20	1271	740	0	43	543	1457	480
MSTRG.5547	141	3894	659	158	275	5	2596	22	311	272	115	2011	644	430	299
MSTRG.5548	82	103	600	142	428	0	74	24	765	309	83	102	637	841	183
MSTRG.5549	3922	9758	578	6	801	1097	7075	21	67	939	3752	10124	565	90	399
MSTRG.555	2507	1615	33	496	367	1414	1575	57	771	234	1462	1803	19	345	2523
MSTRG.5550	0	67	188	2652	84	0	240	120	1403	44	25	105	4	507	72
MSTRG.5551	769	492	138	31	1942	616	367	149	13	1852	505	278	113	8	1771
MSTRG.5552	2565	801	456	6864	56	4193	836	513	5784	44	2045	674	633	4338	0
MSTRG.5553	6126	1217	417	12	0	2173	294	845	64	2	4974	714	640	13	0
MSTRG.5554	2705	1739	1545	1201	776	2828	985	146	300	1225	2511	1849	1440	1049	230
MSTRG.5555	1262	153	723	73	211	675	112	752	62	119	357	98	785	53	127
MSTRG.5556	1731	2114	3723	270	2677	1673	1444	3967	234	1055	763	1111	3222	154	1589
MSTRG.5557	767	79	15	1184	2711	275	109	7	902	3824	169	92	15	326	1782
MSTRG.5558	25676	4448	14680	3886	674	22931	3022	9970	3585	1796	20631	4137	14221	2320	315
MSTRG.5559	0	67	304	278	1338	0	305	776	252	2723	0	237	317	405	761
MSTRG.556	839	1806	984	30	380	87	1270	6032	3	296	315	1588	910	2	2536
MSTRG.5560	2161	264	1932	266	1985	1029	254	5624	123	2583	1151	168	929	329	1661
MSTRG.5561	445	5	93	271	522	888	1007	23	42	705	252	51	17	596	332
MSTRG.5562	1602	14460	1115	2139	184	7155	4530	735	418	517	1104	12900	1088	706	145
MSTRG.5563	7272	75	0	588	650	4559	697	0	539	857	2770	469	0	910	730
MSTRG.5564	564	134	761	3687	83	2885	313	1008	2139	64	434	186	719	3369	113
MSTRG.5565	7	409	1187	9361	3995	317	579	495	3552	692	78	628	877	4038	12400
MSTRG.5566	1550	3026	5551	1294	0	3071	2281	2511	4437	7	2046	1474	3286	3153	18
MSTRG.5567	68	27740	570	4357	14472	142	20364	557	18929	18277	18	29619	640	5804	4341
MSTRG.5568	3698	0	328	3329	721	2403	0	76	3933	1113	791	537	245	1400	519
MSTRG.5569	63	3975	1670	295	5	54	2832	2001	64	6	115	3186	1852	698	6
MSTRG.557	11851	890	118363	547	4796	5713	172	13252	684	3377	6495	428	45677	717	33929
MSTRG.5570	9943	836	106	94	5405	6477	1239	102	260	5809	5837	801	177	406	3825
MSTRG.5571	1349	662	26	6798	978	1225	727	10	10863	726	572	1778	37	7793	694
MSTRG.5572	459	143	1647	83	453	419	1075	2136	150	664	91	317	1269	135	370
MSTRG.5573	893	12	435	593	17	881	30	2835	950	71	545	25	242	713	106
MSTRG.5574	1017	1309	0	1832	567	277	621	0	1521	318	881	604	0	1466	154
MSTRG.5575	2607	12549	2	162	795	1045	5668	29	209	485	1805	8569	51	559	891
MSTRG.5576	162	0	932	372	1811	245	0	8	492	1737	147	0	389	352	488
MSTRG.5577	58	0	8283	234	1044	87	0	6296	515	811	16	0	2986	187	1147
MSTRG.5578	2807	0	2640	1704	780	826	0	2524	1213	566	1271	0	2075	1555	578
MSTRG.5579	735	0	211	514	500	372	316	395	61	0	199	2	374	194	0
MSTRG.558	1265	0	5297	1914	4771	1642	36	3147	1815	5238	781	0	4537	1201	5060
MSTRG.5580	4398	13	0	8808	503	2596	525	0	2662	1055	2419	12	0	6027	1252
MSTRG.5581	314	133	47	511	2174	499	6752	43	7	3545	419	354	118	107	2876
MSTRG.5582	384	365	1100	7	0	426	984	103	0	0	204	1160	1560	46	0
MSTRG.5583	53	9323	207	3290	0	712	19436	402	4237	0	9	13862	179	1918	0
MSTRG.5584	18809	1298	5718	274	8033	3484	2856	3500	8	3225	15685	1302	3574	7	8343
MSTRG.5585	120	1449	81	83	375	433	677	78	98	497	210	1212	107	131	228
MSTRG.5586	176	16	1086	0	3195	240	0	847	0	4572	145	1	190	0	3407
MSTRG.5587	918	25	2048	891	319	732	146	1655	1767	419	578	174	1593	1256	249
MSTRG.5588	1905	148	11	635	483	2098	168	34	633	329	914	497	42	307	401
MSTRG.5589	36222	439	17087	3	205	14685	31	14812	0	183	13243	1000	16359	0	167
MSTRG.559	86	687	167	843	376	3	950	67	1180	250	20	759	261	1140	299
MSTRG.5590	0	4559	192	8775	2881	0	5500	78	5976	4120	394	5578	59	8367	1215
MSTRG.5591	3611	2110	2	14446	1152	2718	3169	14	3765	1559	2403	2423	8	9629	968
MSTRG.5592	1215	696	5832	1878	2242	889	676	4177	1143	4058	600	888	6071	2700	2176
MSTRG.5593	1337	1418	308	5340	376	642	1289	601	1776	529	1577	1888	825	7997	651
MSTRG.5594	190	555	1989	0	263	1359	662	3131	0	393	221	464	2101	0	554
MSTRG.5595	23	7146	22	5617	4618	31	9409	51	3576	11011	9	10449	24	6071	4955
MSTRG.5596	844	1872	13592	342	6856	469	2804	6225	301	8024	189	1600	13460	219	4094
MSTRG.5597	3926	399	52	79	872	2016	191	55	215	2024	8017	702	188	212	685
MSTRG.5598	0	0	15	2335	8	0	251	28	587	173	0	0	23	1504	8
MSTRG.5599	0	3985	32	3600	215	0	159	59	2625	90	0	13303	10	4047	415
MSTRG.56	782	21983	25786	281	19077	116	10665	5279	4	7656	9	36798	28034	94	17359
MSTRG.560	298	5223	994	834	0	237	3853	725	946	32	144	5093	1652	865	0
MSTRG.5600	0	1641	3148	64	229	0	72	2512	52	156	0	5415	1997	62	852
MSTRG.5601	1	1597	1951	2484	1818	300	75	1012	1381	2743	0	5507	1577	812	2351
MSTRG.5602	225	1800	235	0	1261	6791	66	71	0	2331	225	6197	252	0	909
MSTRG.5603	460	1664	662	13271	1830	921	69	987	2710	3495	1212	5859	870	22421	3352
MSTRG.5604	13306	1664	907	1299	89	16507	66	1330	632	174	7875	5556	1277	1042	47
MSTRG.5605	1792	157	220	502	0	2454	125	122	375	106	855	1	305	786	58
MSTRG.5606	1852	117	945	411	113	823	176	698	798	359	1062	148	633	1493	132
MSTRG.5607	8	533	3947	1	1624	0	476	7925	1	1903	0	383	5995	0	1261
MSTRG.5608	193	501	3217	132	4350	142	891	436	129	4234	454	736	3166	254	5071
MSTRG.5609	796	1574	226	305	0	75	683	252	258	0	382	1360	388	577	0
MSTRG.561	100	2300	1778	140	714	102	2047	2094	229	738	72	3645	1843	171	711
MSTRG.5610	2735	881	6050	10	0	3417	947	2101	1	0	1976	735	3877	32	0
MSTRG.5611	1000	3015	627	1531	544	679	3570	645	471	1211	867	2905	514	763	1484
MSTRG.5612	1837	14182	465	0	3431	1400	10368	3537	36	2555	1894	13707	548	90	1445
MSTRG.5613	570	316	5379	91	67	466	684	2682	91	21	499	374	1191	78	59
MSTRG.5614	11753	1448	2176	106	393	9197	4837	2018	62	705	7883	1291	3586	41	463
MSTRG.5615	6628	91	2060	0	849	5757	21	1352	0	399	5528	17	1594	0	341
MSTRG.5616	410	942	529	7076	562	123	1179	330	7813	745	347	1446	346	7354	680
MSTRG.5617	0	0	297	6659	334	196	0	257	4416	621	0	0	493	3074	605
MSTRG.5618	144	386	12058	0	58	110	911	2668	0	11	1	412	14028	0	0
MSTRG.5619	660	20	125	11	162	598	19	48	8	431	361	107	43	23	321
MSTRG.562	6	256	1132	316	4607	25	395	1740	504	11472	58	233	1612	424	3920
MSTRG.5620	649	1504	861	609	650	1082	462	709	1036	498	541	672	506	837	558
MSTRG.5621	1782	4962	1783	272	34	671	3792	1092	35	66	1553	3244	1600	284	0
MSTRG.5622	3789	673	452	1	0	3453	496	237	9	67	2224	732	357	44	79
MSTRG.5623	20680	324	512	4	0	12905	109	251	11	0	14266	342	253	33	0
MSTRG.5624	419	2135	739	12498	0	771	2840	491	13314	0	238	2076	603	3357	0
MSTRG.5625	4133	2	44	40087	210	4988	17	16	13685	284	837	4	86	7121	387
MSTRG.5626	84	1935	1999	7	145	19	2494	1985	43	40	13	1410	2643	21	196
MSTRG.5627	1513	0	2277	88	1630	1156	0	1992	33	1855	1165	0	2175	75	1510
MSTRG.5628	0	76	0	59	1795	0	0	4	0	1202	0	24	1	0	1328
MSTRG.5629	559	1230	799	76	233	693	3	687	76	2448	281	324	1368	42	218
MSTRG.563	128	53	1882	923	8500	150	58	1274	2189	5139	32	9	2193	908	7885
MSTRG.5630	1021	3310	376	240	552	531	3428	473	120	455	539	2105	502	82	645
MSTRG.5631	7761	2663	2480	11521	866	3369	1973	946	21191	948	1824	2184	2421	9134	351
MSTRG.5632	1	221	3343	6552	51	1	305	4472	79494	8	38	490	2587	4047	81
MSTRG.5633	2646	1481	1191	0	465	2994	727	1061	143	458	1595	1280	962	263	349
MSTRG.5634	2488	253	2346	2	17251	2032	213	3184	1	22466	1222	113	2474	1	19899
MSTRG.5635	0	69	533	20	3407	0	75	696	2	2247	0	101	351	30	1354
MSTRG.5636	135	133	14	2627	300	0	585	2	8993	127	28	184	40	3673	124
MSTRG.5637	0	7362	156	57	1747	9	3345	1948	104	2075	29	4749	252	67	989
MSTRG.5638	1207	37	1143	0	863	7	94	1884	0	859	296	82	1297	0	862
MSTRG.5639	5385	890	5020	1034	56	5671	862	102	1181	1559	1098	438	5035	786	115
MSTRG.564	18485	2302	1123	28	1853	16511	1492	49	39	1109	5375	1322	562	44	979
MSTRG.5640	3082	1771	16351	57	580	1811	2207	826	372	1331	1974	1549	3539	43	791
MSTRG.5641	270	16246	884	0	119	277	16484	849	0	87	327	14149	315	0	104
MSTRG.5642	3	1	9	2574	1878	11	1	20	46686	2364	18	1	6	2165	1599
MSTRG.5643	6	172	2317	29	62	19	141	2822	198	17	113	81	2373	147	93
MSTRG.5644	0	34	3247	4493	764	0	25	2217	4013	1203	0	59	2969	4595	878
MSTRG.5645	83	11576	1110	743	1938	70	9442	586	918	2403	121	5484	1098	1645	1166
MSTRG.5646	5322	506	498	430	2041	723	492	652	121	2309	1366	833	659	537	1733
MSTRG.5647	211	1055	69	1013	0	290	2465	35	461	0	168	1666	106	706	0
MSTRG.5648	7535	27	966	444	385	4058	64	624	173	2015	4615	33	1281	117	93
MSTRG.5649	60	8450	1897	37	316	55	5215	2913	113	276	59	8068	1053	12	153
MSTRG.565	736	113	0	2069	202	287	102	29	2759	387	99	103	0	2562	1
MSTRG.5650	1072	33	1205	41	424	900	34	1003	33	860	243	25	1956	55	695
MSTRG.5651	2052	190	795	29678	1227	1788	135	367	6793	768	1296	121	874	4577	1964
MSTRG.5652	292	3066	1525	5471	1140	106	2661	1314	2483	69	184	2366	1826	1085	160
MSTRG.5653	18681	1003	2127	57	1151	18937	782	2425	4	3799	11865	716	3804	7	326
MSTRG.5654	268	742	0	243	347	139	1112	0	409	650	46	1126	0	477	632
MSTRG.5655	31	0	0	0	4	19	2	0	0	259	19	0	0	0	131
MSTRG.5656	7435	956	10845	543	18	7640	896	571	87	0	3217	1207	11032	461	0
MSTRG.5657	446	334	61	936	1254	531	196	38	728	1380	704	523	104	932	788
MSTRG.5658	2022	637	502	61	1054	2283	750	669	6	2154	1293	470	453	16	1222
MSTRG.5659	8650	7100	4993	0	291	4656	6614	4272	0	1893	6072	7867	4613	0	1900
MSTRG.566	85	23	39	178	257	58	15	84	252	554	17	7	73	274	17
MSTRG.5660	16	244	267	5933	364	34	260	187	6195	820	35	326	212	5799	635
MSTRG.5661	10	4689	690	623	1449	16	3462	440	575	1845	10	2198	833	275	1241
MSTRG.5662	334	513	146	758	78	166	792	52	1272	422	146	564	165	608	247
MSTRG.5663	6013	244	3322	6324	170	3269	102	3589	8690	463	2804	134	2029	5574	753
MSTRG.5664	717	979	1286	187	13	403	2649	1456	323	116	144	730	1467	150	10
MSTRG.5665	906	4763	2738	29	1917	818	2881	2111	49	1335	472	756	3235	37	670
MSTRG.5666	173	1264	31	85	50	71	2223	357	32	12	201	3140	39	0	0
MSTRG.5667	991	1923	456	489	4060	1156	1769	725	447	5441	977	1591	565	337	3296
MSTRG.5668	322	320	323	5347	6028	279	323	382	2231	9634	598	378	555	3232	5527
MSTRG.5669	70	317	10052	18	238	2	263	9049	7	227	107	458	10236	18	223
MSTRG.567	473	9	7	0	45	296	68	25	0	2	49	52	57	0	0
MSTRG.5670	894	7566	956	100	7	557	5396	1838	61	14	431	6524	986	152	10
MSTRG.5671	5654	742	4	980	14	6936	821	218	798	48	3638	472	4	870	6
MSTRG.5672	4718	805	314	124	1057	1063	820	82	84	217	4938	869	458	160	662
MSTRG.5673	406	3025	406	157	3445	274	1281	373	62	3250	329	2258	1034	134	2575
MSTRG.5674	4670	703	2361	10479	108	2893	361	3653	10704	56	1137	506	2753	5328	151
MSTRG.5675	511	625	1564	389	394	616	378	2902	1004	226	419	322	1295	302	378
MSTRG.5676	1270	928	3881	331	1496	3698	727	1543	166	527	539	677	6174	221	735
MSTRG.5677	5223	45	36	3648	512	2236	34	86	6016	322	498	63	18	1650	629
MSTRG.5678	2198	1826	14	2085	3320	1807	2345	135	2143	2467	3319	2196	104	1788	3640
MSTRG.5679	1944	2385	147	3456	6879	1343	2063	217	4249	3454	1060	1832	262	5319	3776
MSTRG.568	459	8467	59	1125	109	198	5900	46	823	4	70	8854	11	1133	0
MSTRG.5680	522	866	1844	1248	1367	350	535	2056	1109	2633	284	846	1647	1125	3684
MSTRG.5681	541	508	49	55	4363	402	423	135	74	14063	502	234	96	311	2081
MSTRG.5682	8231	1125	6138	372	1886	5118	711	2497	674	2770	3218	678	4343	277	1459
MSTRG.5683	1020	295	0	0	347	841	620	0	0	236	374	423	0	0	679
MSTRG.5684	1020	1756	0	0	140	1091	1050	1	0	202	787	1713	30	0	391
MSTRG.5685	3494	1	0	1472	722	1641	1	0	3277	524	1983	1	0	1077	698
MSTRG.5686	388	3175	1014	906	1076	226	4915	392	1437	1220	150	2557	1755	659	1264
MSTRG.5687	438	985	3898	1317	33	298	920	2388	2457	143	255	1063	2532	806	66
MSTRG.5688	946	3	210	725	68	700	1	11	2077	215	621	1	5	483	102
MSTRG.5689	57	1728	23	1628	29	36	3185	160	2437	41	24	2046	17	1450	36
MSTRG.569	0	892	8999	568	4782	0	1233	5153	593	6147	0	1081	1973	332	3383
MSTRG.5690	2231	477	66	806	357	1882	651	5	1395	626	1695	326	5	1169	192
MSTRG.5691	2757	109	807	1056	280	2476	490	658	419	501	1624	166	738	3320	248
MSTRG.5692	1311	1065	171	6182	1001	1034	1942	16	4549	1372	930	1297	32	7578	1399
MSTRG.5693	6	744	1118	1	745	2	65	356	81	99	3	955	606	38	1058
MSTRG.5694	1263	3287	706	729	7209	925	660	983	810	2687	841	9071	1164	1296	5708
MSTRG.5695	307	12645	423	756	277	160	4499	769	245	1	229	2177	1023	759	100
MSTRG.5696	2145	658	76	3558	2903	837	1437	0	3468	4910	1528	307	0	3393	2054
MSTRG.5697	4463	7	1039	47	217	4650	29	1432	249	14	1830	7	781	17	23
MSTRG.5698	1159	2280	4	240	112	1201	2668	51	206	125	383	2150	0	310	140
MSTRG.5699	1	2557	55	1163	0	2	2431	133	2047	0	1	2297	5	1036	0
MSTRG.57	140	115	408	160	163	12	14	184	382	8	115	126	24	285	175
MSTRG.570	8640	88	177	0	13702	8781	0	1031	0	28864	2252	36	95	0	11484
MSTRG.5700	2410	698	2601	6612	770	2878	901	1537	2118	1713	1548	939	3877	4124	1166
MSTRG.5701	529	460	0	7011	286	547	754	0	3067	386	260	478	0	3872	243
MSTRG.5702	227	411	0	1	128	642	466	0	1	130	81	584	0	0	124
MSTRG.5703	819	274	262	5299	6995	1242	258	364	3733	6652	493	430	664	3687	9308
MSTRG.5704	432	1652	16	2110	9379	197	1189	1	3369	10213	275	1865	20	1642	15399
MSTRG.5705	3719	5646	2071	4273	1709	707	4572	725	2280	1397	24090	3453	1602	1895	3731
MSTRG.5706	11739	20839	227	0	3040	5450	12426	1262	0	2412	162	8323	203	0	6663
MSTRG.5707	626	13	692	54	0	969	15	781	54	0	220	8	944	127	0
MSTRG.5708	8	5	1129	4735	4109	21	0	366	8267	3959	7	0	1082	5771	5142
MSTRG.5709	6054	207	60	10	351	4484	89	7	41	276	3305	252	104	82	312
MSTRG.571	2418	4921	30	2288	1	2159	8693	2128	2270	0	662	5457	12	2067	1
MSTRG.5710	1051	4	455	145	71	926	0	536	464	110	758	0	478	120	284
MSTRG.5711	606	3	22258	171	2114	822	181	25213	810	947	315	2	29495	358	2377
MSTRG.5712	760	403	6114	172	2543	393	168	1615	84	3538	123	140	5766	94	2993
MSTRG.5713	1323	1234	213	5585	1836	613	1373	160	7641	1938	1057	1583	302	3070	637
MSTRG.5714	1666	1010	1902	10116	0	1139	391	1386	12027	0	999	837	1312	5925	0
MSTRG.5715	1108	445	57	141	558	1140	0	5197	160	322	1212	0	65	61	1594
MSTRG.5716	707	1412	56	5241	7654	517	1659	1372	3503	6925	725	1789	16	4109	50399
MSTRG.5717	457	1731	403	101	1225	5	2888	1396	22	392	2	3096	401	182	835
MSTRG.5718	720	0	66	1060	762	1385	0	93	1889	1149	1448	0	150	834	2222
MSTRG.5719	1581	0	128	331	137	2825	0	173	134	88	2523	0	75	255	142
MSTRG.572	2484	0	1	4302	1012	2485	39	167	6730	232	577	68	6	5276	1080
MSTRG.5720	0	11042	2367	786	153	0	2673	2501	1458	76	0	7739	1555	765	280
MSTRG.5721	60	132	109	31	126	1	74	88	147	331	0	133	184	51	475
MSTRG.5722	0	179	2124	1190	85	0	87	851	1554	16	0	66	1195	1993	46
MSTRG.5723	6009	382	1930	112	1109	1810	819	1795	25	779	2799	354	1846	461	1401
MSTRG.5724	55	5046	33	6163	0	143	3871	80	2635	0	53	4983	33	7227	76
MSTRG.5725	713	442	0	0	4627	643	608	0	0	18199	429	313	0	0	2096
MSTRG.5726	6549	370	170	224	3447	4419	232	821	2034	8984	4132	549	87	703	577
MSTRG.5727	410	3038	382	231	0	314	4388	670	134	0	216	2171	232	115	0
MSTRG.5728	938	1400	462	14093	15	366	1682	352	19140	11	604	1532	578	10603	30
MSTRG.5729	111	2651	826	3130	421	69	2125	1186	2425	870	97	3248	1840	1986	611
MSTRG.573	32348	675	186	1104	7849	31488	894	2490	2221	3710	8845	671	89	1673	11793
MSTRG.5730	3742	31	956	2834	193	5150	248	213	1565	75	1526	77	201	1458	497
MSTRG.5731	1574	705	2718	0	4996	1549	732	1197	0	9902	1101	1034	889	0	2855
MSTRG.5732	2801	300	620	1428	140662	3688	419	655	1650	138385	3240	602	373	757	102690
MSTRG.5733	754	2514	36	375	17	721	4249	878	1221	0	654	2775	1028	297	0
MSTRG.5734	399	4434	1750	2413	8916	360	4512	2707	2280	9636	347	2957	2096	1744	6653
MSTRG.5735	9368	2958	2419	3159	6962	12873	2377	3177	3080	22725	12878	1930	3563	2020	3230
MSTRG.5736	7794	1052	572	0	3	6645	1371	2554	0	6	4276	646	1927	0	15
MSTRG.5737	1084	222	480	0	12	1337	693	1632	0	3	505	246	1184	0	34
MSTRG.5738	261	4	1384	916	2	955	277	969	996	78	169	8	2612	982	177
MSTRG.5739	154	38	237	18	1	117	22	481	36	7	25	7	544	83	7
MSTRG.574	10142	38	92	270	6108	6052	202	1346	601	7196	6125	54	45	286	6406
MSTRG.5740	280	170	292	85	2	144	87	731	26	2	484	74	1284	18	2
MSTRG.5741	395	323	44	25	3	31	118	143	107	10	1033	655	116	26	35
MSTRG.5742	2587	1788	2005	581	1328	2650	2824	970	64	5486	2713	2698	717	6	1199
MSTRG.5743	1449	1815	5451	589	44	1830	3101	2701	855	45	945	3207	4786	786	104
MSTRG.5744	7167	7559	179	8522	0	4714	4533	1645	12526	0	3753	5500	98	7800	0
MSTRG.5745	173	14	19	71	812	0	10	51	85	1139	2	4	14	98	820
MSTRG.5746	5	157	1810	63	0	10	428	691	26	0	142	526	1665	33	0
MSTRG.5747	113	1879	1	365	1333	393	2593	1	431	12117	296	1545	1	254	1605
MSTRG.5748	2654	121	1202	222	22	2347	96	196	270	70	995	98	1047	381	87
MSTRG.5749	135	1022	2897	3153	2716	195	1340	1894	2583	4551	134	1103	3320	3205	3686
MSTRG.575	1841	5723	0	4	4	576	32705	0	123	4	412	11166	0	14	1
MSTRG.5750	6607	4663	390	0	816	4138	4284	374	0	951	6688	5589	426	0	1176
MSTRG.5751	0	0	694	153	458	0	0	209	102	221	0	0	659	379	649
MSTRG.5752	1	6	1814	449	0	0	12	457	623	0	27	63	450	605	27
MSTRG.5753	0	0	642	625	781	0	0	371	826	520	0	0	1321	772	632
MSTRG.5754	1030	1146	3950	1275	338	1147	1537	3113	1998	132	1788	2037	4866	1608	145
MSTRG.5755	4647	3667	8309	1832	22	2382	2007	3188	2786	76	1661	1765	4694	1842	8
MSTRG.5756	229	210	1219	211	23777	25	44	5017	441	8309	49	82	3771	569	6336
MSTRG.5757	394	768	4448	1576	30	50	1034	21670	1896	56	122	462	4072	1945	92
MSTRG.5758	656	94	2	8638	2453	694	42	13	5530	4098	262	20	0	3257	3499
MSTRG.5759	1323	926	2687	4280	0	279	287	2085	5928	24	521	560	2041	2730	1
MSTRG.576	7	139	3971	0	270	95	370	2859	0	176	5	294	827	0	283
MSTRG.5760	953	776	439	2109	186	1058	1203	256	1778	321	817	1088	957	2163	296
MSTRG.5761	615	551	76	481	0	745	745	493	301	180	658	818	669	256	39
MSTRG.5762	37	61	5966	4048	641	18	20	5642	4545	83	0	0	4194	2175	670
MSTRG.5763	5	5	97	38	43	14	32	166	31	54	0	0	85	35	8
MSTRG.5764	1194	110	644	231	713	1057	63	543	94	736	747	12	1019	1	831
MSTRG.5765	6	0	1183	7244	101	47	0	736	6105	22	0	22	1422	2752	65
MSTRG.5766	40	0	61	79	0	92	0	81	118	0	20	0	51	207	0
MSTRG.5767	19	0	476	948	1178	36	0	746	417	1267	69	0	657	397	1220
MSTRG.5768	0	404	282	7	4424	0	324	408	172	3975	0	642	300	10	3258
MSTRG.5769	0	201	322	732	1334	0	106	573	1187	1378	0	139	275	614	1121
MSTRG.577	9078	10	2425	8	681	8855	43	1494	156	435	4513	31	587	7	5043
MSTRG.5770	540	2252	1400	16617	4375	434	1289	1511	8605	7059	632	2100	1466	3773	3831
MSTRG.5771	238	1888	1179	5806	163	58	1571	33	8077	747	32	1961	1011	23790	344
MSTRG.5772	2027	363	6732	20	5	1543	1147	3038	3	20	1521	270	8026	15	3
MSTRG.5773	3228	758	416	509	92	1191	642	4	686	38	1833	999	360	724	2
MSTRG.5774	447	2457	3455	139	14	1641	1119	1821	1066	195	184	742	2241	2687	0
MSTRG.5775	1118	529	228	1	12	689	475	5	0	27	706	468	11	1	197
MSTRG.5776	808	19498	146	1458	332	916	28592	175	2430	430	546	23374	227	1614	259
MSTRG.5777	60	10027	0	1947	5217	12	2940	0	998	2767	14	5926	0	2334	3232
MSTRG.5778	444	29	936	5247	52	451	23	2177	5504	104	613	22	1078	2646	117
MSTRG.5779	26761	274	473	862	903	29687	95	373	520	513	20783	233	302	1031	864
MSTRG.578	34	104	16992	1703	2020	176	189	10061	2071	1183	258	312	3883	1018	8518
MSTRG.5780	11567	1944	8	6101	122	2918	1539	0	15776	117	6196	1409	0	5483	124
MSTRG.5781	844	305	3775	243	182	114	693	2824	543	193	468	344	4126	409	121
MSTRG.5782	10	626	5121	28	6689	20	1752	2167	675	9125	6	988	7795	414	3744
MSTRG.5783	977	4	16963	1823	170	1487	6	3857	2314	342	344	9	23056	1397	69
MSTRG.5784	412	61	2285	72	507	442	189	1017	166	882	282	140	3987	102	593
MSTRG.5785	73	2039	5517	2251	364	83	2225	3169	10972	346	45	2091	8441	4674	250
MSTRG.5786	4928	42	23	750	39	2749	24	4	409	104	2866	62	0	391	115
MSTRG.5787	46	2257	5297	530	2682	21	1280	4412	927	4733	59	1123	6191	832	1719
MSTRG.5788	1554	1534	421	1459	1045	1152	1821	210	1611	1719	639	1284	258	1742	839
MSTRG.5789	1807	61	85	1787	994	1288	41	233	1150	971	585	20	253	2018	1712
MSTRG.579	194	99	5	867	1129	188	196	52	1218	825	85	441	13	1143	9129
MSTRG.5790	415	427	2718	13790	2169	3245	1804	483	17619	2705	201	309	2895	11818	2482
MSTRG.5791	0	0	3181	52	761	0	0	2165	33	1568	0	0	3367	61	557
MSTRG.5792	391	326	60	1189	143	344	503	162	524	27	183	234	190	538	293
MSTRG.5793	628	677	2228	3248	337	1112	1552	1942	2660	472	845	956	961	2327	226
MSTRG.5794	1338	1852	0	5	0	1005	4515	0	13	0	1101	2435	0	24	0
MSTRG.5795	3615	251	762	5445	0	134	320	143	6193	0	544	605	1207	3440	0
MSTRG.5796	128	351	98	10555	230	16	1116	34	8421	844	133	1649	143	1393	222
MSTRG.5797	79	840	12761	37	2059	20	295	3167	15	3449	65	654	35639	59	1454
MSTRG.5798	898	1399	710	83	7973	1873	2755	496	34	4569	171	2754	954	137	772
MSTRG.5799	309	3882	374	4810	756	277	3663	536	8962	1670	393	3590	792	6500	551
MSTRG.58	30	602	181	2111	227	95	2244	10	6431	236	149	1605	177	770	289
MSTRG.580	1010	2701	6942	2251	946	615	17842	4796	2893	641	651	4765	7760	3306	6759
MSTRG.5800	270	421	191	757	2030	506	2888	175	725	1855	333	1870	260	621	1282
MSTRG.5801	1945	279	58	309	466	1858	1264	306	268	1233	1064	559	693	118	1161
MSTRG.5802	2924	962	61	3706	1849	4231	937	32	3697	412	2233	1850	45	2060	2108
MSTRG.5803	520	345	1552	0	5658	2307	648	339	0	4436	1772	626	1242	0	5507
MSTRG.5804	699	332	149	2476	39	927	776	88	3197	24	314	1132	100	473	31
MSTRG.5805	1321	108	0	6	3	783	250	0	9	124	1367	199	0	9	42
MSTRG.5806	244	1120	11515	187	695	790	812	18501	325	870	580	520	4235	158	1297
MSTRG.5807	0	66	3091	2	785	242	9	2872	10	130	697	2	893	10	601
MSTRG.5808	784	5557	0	5	2940	941	2907	0	546	3245	1198	4747	0	14	3667
MSTRG.5809	1446	36	831	8	150	911	66	1410	16	785	471	14	1130	7	228
MSTRG.581	11235	778	510	2243	158	11916	4478	351	3085	167	7782	1335	522	2882	1230
MSTRG.5810	183	771	359	258	11	12	831	31	536	163	7	886	485	209	8
MSTRG.5811	5320	1211	3644	2106	0	3657	824	3406	3516	14	4244	1434	3814	587	0
MSTRG.5812	1591	41	7245	4167	93	1080	149	7711	1512	259	1641	88	7095	1655	274
MSTRG.5813	70	1174	25	1876	958	68	498	8	1476	1794	65	906	0	1390	915
MSTRG.5814	597	455	5	727	4592	450	779	35	748	3009	63	436	12	623	4017
MSTRG.5815	2901	463	134	4656	5849	1996	614	0	784	2671	1843	255	4	8813	4204
MSTRG.5816	329	1580	273	0	54	339	1376	192	0	114	301	1866	137	0	58
MSTRG.5817	2933	1026	8277	0	925	801	318	8632	0	1690	1433	1556	8834	0	1175
MSTRG.5818	1669	4968	6693	6762	4034	756	2190	56524	9172	3461	1546	7698	4423	4855	3735
MSTRG.5819	119	694	11	1895	1911	73	7	33	1941	2362	155	243	12	1289	1314
MSTRG.582	7619	790	1	42	341	5440	4773	21	35	277	5154	1535	0	77	2473
MSTRG.5820	5222	2	17	57	3880	2999	0	3	61	2292	4178	19	29	76	3764
MSTRG.5821	10159	2978	0	971	0	3767	3130	164	706	0	4005	2091	386	1306	0
MSTRG.5822	1069	182	2	449	761	2415	4	4	375	1789	1560	8	1	595	1160
MSTRG.5823	3872	170	1694	886	3409	9654	232	7725	1388	5435	1341	201	1832	1073	4626
MSTRG.5824	2020	2326	91	12264	93	2780	1313	13	7040	278	664	2561	239	4247	67
MSTRG.5825	0	615	0	44920	412	2	635	0	47919	954	2	180	0	6983	469
MSTRG.5826	418	2279	985	293	5082	247	1974	1362	328	5869	922	2286	1279	344	3662
MSTRG.5827	112	311	45	161	17	244	363	22	239	74	525	443	41	262	31
MSTRG.5828	6171	2816	76	187	9873	7444	847	204	273	9852	3047	1588	97	177	5423
MSTRG.5829	158	1096	0	554	1629	250	547	0	227	1437	148	1059	0	478	1381
MSTRG.583	1381	9986	7690	1312	0	882	60957	10051	3690	0	182	18103	7994	1609	0
MSTRG.5830	1040	24	1011	612	2528	933	17	27911	729	1876	735	46	1906	331	2577
MSTRG.5831	1515	3493	23	884	87	1106	3283	76	749	59	1361	4610	152	1077	198
MSTRG.5832	953	8395	2863	561	765	762	3715	3143	496	2008	967	4410	4176	489	782
MSTRG.5833	3164	796	963	90	348	2978	2585	1827	177	192	2442	1957	2010	87	134
MSTRG.5834	5	3646	445	0	545	15	10926	266	0	535	4	2595	896	0	579
MSTRG.5835	1128	3191	161	58	106	151	2600	175	83	495	1484	2517	82	25	69
MSTRG.5836	8020	0	1086	0	15	2314	1	577	0	66	7250	0	712	0	28
MSTRG.5837	336	270	487	0	21	0	254	291	0	156	29	853	101	0	16
MSTRG.5838	2792	139	28	0	3	2780	277	13	0	146	1333	676	30	0	4
MSTRG.5839	327	6514	24	76	1230	6	6037	25	65	1561	33	4509	38	58	1719
MSTRG.584	268	7563	0	193	594	486	4139	99	58	1112	0	7286	26	117	4623
MSTRG.5840	122	154	28139	913	128	122	222	1033	498	18	81	171	20740	213	352
MSTRG.5841	0	0	2989	1579	12	0	0	449	3446	5	0	0	1457	1356	26
MSTRG.5842	1061	858	147	33	6	1403	1453	101	83	1	772	1286	2	49	22
MSTRG.5843	678	655	250	4	5070	514	443	189	25	3377	525	444	351	3	5268
MSTRG.5844	15	3	0	22648	0	0	0	0	25848	0	0	0	0	15112	0
MSTRG.5845	13091	3669	757	1611	321	7803	3174	200	1516	1464	15107	3981	783	1434	438
MSTRG.5846	40896	7765	877	21	269	13780	4091	1301	45	111	44127	10653	1154	140	114
MSTRG.5847	4407	27481	61	1851	11359	1551	15866	35	2640	14749	9132	30556	39	2481	6395
MSTRG.5848	22592	2073	0	32	3041	6546	2130	0	0	2158	18372	5594	0	360	1966
MSTRG.5849	33	9463	777	18	1946	12	5208	580	59	1066	43	10732	1099	35	917
MSTRG.585	237	1340	91	14971	292	400	699	231	19933	176	11	1592	128	10214	2162
MSTRG.5850	5208	3990	652	567	0	3300	3935	381	919	0	3935	4602	1015	595	0
MSTRG.5851	1646	1300	4776	229	454	1246	1292	4059	265	940	1681	2250	4510	415	309
MSTRG.5852	514	418	669	4032	2308	305	347	774	1438	2325	380	272	313	979	2101
MSTRG.5853	93	77	1002	1945	2927	190	207	1216	1756	2667	165	235	765	1538	1867
MSTRG.5854	3363	121	5169	17312	0	689	84	4957	2965	0	3724	106	5352	2985	0
MSTRG.5855	4687	3352	199	557	0	4357	1262	1155	3026	0	3169	3450	396	374	0
MSTRG.5856	214	4103	106	172	1019	240	4911	67	58	741	285	3510	1	68	7169
MSTRG.5857	2971	2147	97	79	78	2971	2417	348	404	36	938	1108	4	758	189
MSTRG.5858	0	0	448	192	19	0	0	531	24	6	0	0	425	356	5
MSTRG.5859	1013	14820	6505	18	473	250	10177	3251	123	60	2090	53413	4233	0	4
MSTRG.586	226	232	11823	24	31	2	29	8946	0	25	15	328	8209	24	263
MSTRG.5860	74	1015	179	1	807	82	625	153	58	548	275	1287	175	28	6471
MSTRG.5861	19441	619	1088	91	5891	7857	941	1143	294	10274	77503	661	1081	225	5560
MSTRG.5862	1073	137	188	3338	69	513	236	130	4146	57	995	303	188	2567	189
MSTRG.5863	737	562	241	1920	58	187	620	176	1499	107	335	848	189	1250	90
MSTRG.5864	1393	1732	7323	1164	431	649	1278	4383	1919	494	1117	1831	6882	406	242
MSTRG.5865	461	163	177	7	243	729	312	78	1	293	1332	257	160	1	310
MSTRG.5866	220	159	472	118	2948	69	43	952	142	2933	67	132	424	166	3563
MSTRG.5867	169	0	369	2584	0	132	0	140	2028	0	279	0	292	3032	0
MSTRG.5868	612	16460	32	175	307	614	13736	117	183	548	993	14014	93	361	487
MSTRG.5869	2294	11499	3138	3666	575	1031	5588	3649	1598	728	2757	4340	2226	1222	602
MSTRG.587	78	134	6067	2599	2601	1	291	6619	1700	1944	20	225	8987	1353	20317
MSTRG.5870	209	0	1632	112	1174	322	0	2213	64	1689	202	0	1556	61	1160
MSTRG.5871	0	1503	3372	2483	1495	65	1311	3665	3075	2158	98	1240	4579	898	1126
MSTRG.5872	7800	504	909	149	217	20259	191	432	117	581	3272	508	1030	155	368
MSTRG.5873	8122	8298	207	867	1806	11954	8590	418	2572	2181	1345	8444	835	1089	1919
MSTRG.5874	0	5430	257	5383	6056	0	38637	330	4760	8321	0	4938	388	3424	10932
MSTRG.5875	4	67	0	1081	4460	6	6	0	1494	4372	37	26	0	1098	2382
MSTRG.5876	1588	0	0	620	1616	1504	162	0	283	947	1115	469	0	735	1967
MSTRG.5877	472	29	1659	1893	2691	92	0	2779	2323	4792	852	29	1419	1410	2318
MSTRG.5878	12553	2	1018	795	133	15579	4	1785	1543	44	11455	4	772	832	1
MSTRG.5879	6142	7	773	0	6659	27733	19	3401	0	5298	3170	44	228	0	2847
MSTRG.588	4799	917	20	69	172	4643	763	270	0	272	1384	681	45	361	1702
MSTRG.5880	14	1877	779	670	16	33	1571	1008	618	11	21	2193	1426	539	21
MSTRG.5881	20	304	2263	0	76	1	44	2615	0	179	50	166	1914	0	103
MSTRG.5882	0	0	1539	0	465	181	0	1564	0	364	322	0	1868	0	247
MSTRG.5883	3	952	1319	0	395	0	1261	239	0	76	25	851	2555	0	226
MSTRG.5884	69	74	7088	76	20	3	9	4922	285	137	16	72	6298	292	4
MSTRG.5885	1	0	39	4995	552	2	0	44	4200	1429	2	0	82	6380	831
MSTRG.5886	11	1187	742	232	9434	3	2851	1103	332	11533	30	2524	2113	328	4031
MSTRG.5887	6174	48	1	580	4573	7098	70	228	614	7211	3241	211	35	307	8686
MSTRG.5888	13239	3466	800	6243	1	14666	2780	235	9367	5	7816	4275	1015	6709	4
MSTRG.5889	278	940	3408	39	163	106	1283	3388	2	102	202	1517	3516	2	91
MSTRG.589	12914	7416	7	452	0	10940	12227	1	15	0	2122	8386	0	234	0
MSTRG.5890	18	327	225	129	7	0	366	472	61	17	0	526	397	34	363
MSTRG.5891	1084	258	39	127	9	289	128	367	143	140	340	106	12	102	9
MSTRG.5892	17	1432	338	6	1	45	909	240	25	0	38	1156	152	3	1
MSTRG.5893	1904	429	1373	282	1656	3261	215	928	1279	1930	1637	128	1832	358	1466
MSTRG.5894	160	55	5459	68	5444	19	118	1832	318	6881	18	23	4955	110	5332
MSTRG.5895	327	156	7577	36	793	38	55	619	4	586	66	77	6911	0	624
MSTRG.5896	1001	15668	85	328	5764	45	6045	167	130	9805	252	2325	75	391	4354
MSTRG.5897	0	200	1776	17	183	0	171	1405	21	584	0	176	1835	15	460
MSTRG.5898	1208	2406	2	204	30	1413	1118	45	11	60	863	1365	2	58	117
MSTRG.5899	74	129	4826	0	86	16	17	3169	0	6	86	49	3976	0	7
MSTRG.59	187	228	94	75	1858	164	244	100	22	3610	161	358	197	41	474
MSTRG.590	8527	9345	2415	126	679	8686	5792	1463	2	424	2355	16805	477	419	336
MSTRG.5900	0	285	1968	601	140	0	112	2055	295	1226	0	310	1956	322	878
MSTRG.5901	2249	22	94	1170	1726	4925	202	44	1190	1699	1825	0	100	1743	1273
MSTRG.5902	66	388	4827	1722	2643	131	94	1086	1773	10152	144	410	4611	2034	3235
MSTRG.5903	4274	43	0	637	661	3182	59	0	932	141	3637	49	0	674	542
MSTRG.5904	1651	875	44	0	391	1235	967	79	0	931	1206	1024	58	0	766
MSTRG.5905	550	142	4760	344	1442	251	105	8067	244	1254	779	55	8263	37	1254
MSTRG.5906	106	61	48	213	11	139	6	163	444	16	79	18	255	649	44
MSTRG.5907	1844	77	465	382	32	849	26	667	373	12	1419	28	608	464	5
MSTRG.5908	568	0	4967	197	10779	176	0	4262	247	15653	220	0	5240	250	10223
MSTRG.5909	112	1453	45	1946	73	46	1296	82	1089	22	54	1746	79	1671	112
MSTRG.591	6362	873	6738	618	2423	6286	1026	3366	12042	1482	1657	488	1157	1085	16707
MSTRG.5910	16159	4049	11224	286	856	5460	4172	7142	27	642	215	4227	6203	96	1206
MSTRG.5911	2515	1598	342	110	2509	1132	2227	293	0	1880	160	1309	387	0	2224
MSTRG.5912	195	5974	4806	143	734	10	4423	4057	40	696	12	5732	4908	328	893
MSTRG.5913	262	341	1013	0	7	370	1150	1668	0	27	196	604	1266	0	32
MSTRG.5914	7	63	329	0	3823	30	45	50	0	4672	0	2	278	0	4266
MSTRG.5915	443	16	816	225	69	76	210	1170	298	26	216	22	900	294	192
MSTRG.5916	57	337	1	3060	2761	54	587	162	2670	2269	35	460	4	2178	2663
MSTRG.5917	1104	5875	5	4928	92	887	3815	97	5991	169	872	4181	54	5837	268
MSTRG.5918	47	579	1614	26	5544	3	238	1875	21	7320	35	317	2924	0	6406
MSTRG.5919	51	723	144	0	391	6	1451	98	0	190	3	970	507	0	412
MSTRG.592	0	52	146	1026	661	0	340	2	686	751	0	0	94	769	681
MSTRG.5920	0	174	2279	21	190	0	221	2084	85	162	0	192	2068	34	132
MSTRG.5921	1405	293	0	1478	2655	1127	210	0	1031	3846	1207	247	0	807	1680
MSTRG.5922	5424	5300	486	49	0	4331	4940	3003	180	0	3779	4639	447	23	0
MSTRG.5923	2233	554	362	54	77	1677	958	71	2918	399	1079	516	147	120	34
MSTRG.5924	7104	159	13394	11759	43	6139	78	12449	9763	13	4695	139	4542	5352	41
MSTRG.5925	568	118	3047	207	14	1101	34	2046	1139	40	473	64	1895	2072	1
MSTRG.5926	37	38	639	1097	4203	147	108	540	616	5447	2	111	1060	670	1829
MSTRG.5927	70	3701	2421	1470	1	53	3641	1839	1632	1	0	2038	1158	2640	1
MSTRG.5928	114	2210	0	1328	157	148	1521	0	1114	259	13	1967	0	837	84
MSTRG.5929	492	3841	307	337	6	470	3211	601	113	306	459	4754	516	364	8
MSTRG.593	1196	323	4192	810	5234	1312	856	2713	508	4455	279	11	860	456	40864
MSTRG.5930	9186	1029	2973	2181	248	3502	595	2480	1888	440	3831	1002	2188	1588	127
MSTRG.5931	153	151	2855	123	1394	328	160	2377	302	3838	221	601	2365	258	826
MSTRG.5932	0	272	3229	3526	4222	0	313	1712	2119	887	3	308	3291	1663	2022
MSTRG.5933	912	0	0	545	1619	853	0	0	1225	1714	518	0	0	329	1123
MSTRG.5934	590	0	0	2778	785	321	0	0	6685	489	440	0	0	4192	739
MSTRG.5935	6848	1363	1860	729	3617	6011	2113	1216	733	1547	4093	1091	459	1128	3616
MSTRG.5936	472	1016	1654	4	0	898	1821	842	4	0	442	744	313	1	0
MSTRG.5937	424	794	14	1418	0	189	1723	10	3795	0	313	2176	66	799	0
MSTRG.5938	49	354	12	0	1159	102	1098	25	0	1214	77	390	7	0	817
MSTRG.5939	3654	2079	34	15	4664	4229	2731	24	186	7220	1472	1318	37	6	3421
MSTRG.594	2067	130	3198	947	1289	1961	3	1946	2591	1443	601	0	714	974	12949
MSTRG.5940	3496	1234	694	1652	1263	2005	1997	114	2099	2189	2844	1889	6	1925	793
MSTRG.5941	979	90	23	266	46	679	126	66	119	52	956	110	90	49	15
MSTRG.5942	6261	7260	2879	158	796	2670	4230	1982	289	750	3366	9309	555	210	831
MSTRG.5943	1459	56	7373	8	51	666	42	5792	1	67	990	29	6976	1	58
MSTRG.5944	409	3	93	1764	0	162	346	15	2544	0	518	62	93	976	0
MSTRG.5945	197	825	60	3180	6701	399	1501	64	4071	7372	268	1669	97	2808	5477
MSTRG.5946	0	35	121	1820	34218	0	34	69	2159	45261	0	8	124	2006	14537
MSTRG.5947	2491	754	358	254	10	3239	369	324	298	23	3503	827	440	190	5
MSTRG.5948	1728	4363	323	1005	472	2028	3916	362	349	548	791	3972	532	1428	570
MSTRG.5949	1189	333	4982	32818	254	1524	366	4925	12567	191	573	597	6598	12995	331
MSTRG.595	4491	3657	751	2049	230	5421	4280	422	2454	433	1103	3123	281	2205	1435
MSTRG.5950	556	69	0	13936	279	1594	307	0	3804	242	225	33	0	7935	213
MSTRG.5951	2024	291	156	22	33	2402	373	41	20	134	1171	376	221	0	234
MSTRG.5952	2307	1	455	0	0	2597	7	693	0	34	2825	2	796	0	0
MSTRG.5953	206	726	922	45	483	165	1331	708	2785	359	355	1116	747	70	649
MSTRG.5954	12213	2098	1570	0	355	5494	2438	1472	0	348	8873	3097	1997	0	343
MSTRG.5955	39	4433	200	1047	500	298	3281	569	4893	615	30	1950	487	3014	389
MSTRG.5956	35	119	1814	8765	830	31	116	3357	7221	882	11	129	1566	4016	604
MSTRG.5957	959	16	6221	13123	392	1395	65	1075	6830	604	1564	12	8904	4780	687
MSTRG.5958	4	3000	4129	825	16	94	1640	2746	6133	36	19	2778	4795	1565	31
MSTRG.5959	1008	15	2260	480	84	193	53	873	839	144	874	21	2184	268	546
MSTRG.596	2226	13554	1544	21	25	2014	13358	717	15	101	576	12192	317	60	13
MSTRG.5960	4412	4529	4808	550	0	3590	3029	4221	514	0	3709	3796	4354	409	0
MSTRG.5961	74	1990	162	722	21	332	1575	5	287	12	42	1352	1	988	1
MSTRG.5962	390	290	55	70	0	336	121	0	45	0	322	186	0	132	0
MSTRG.5963	125	3558	7886	1651	0	10	2091	5358	1802	0	33	2301	3071	858	0
MSTRG.5964	1338	0	30	9713	0	1241	0	38	6403	0	1449	0	71	4913	0
MSTRG.5965	3792	133	144	5858	139	2946	73	277	6189	36	1780	252	162	2921	84
MSTRG.5966	4515	4761	537	0	659	1625	9135	471	0	633	1054	6971	464	0	254
MSTRG.5967	332	38	17	3548	672	118	112	158	4328	512	123	85	1	2569	229
MSTRG.5968	34	146	0	79	831	40	617	202	107	2091	20	263	0	111	801
MSTRG.5969	6304	407	572	7859	36	2114	1114	1288	20703	54	2929	640	479	3230	31
MSTRG.597	244	395	2316	108	1506	282	62	3102	200	1198	79	791	622	92	5387
MSTRG.5970	1	3864	9031	5243	3940	80	4727	6797	5197	4787	3	3622	5577	4254	2856
MSTRG.5971	4210	39	5840	151	639	2641	103	5612	1	646	2990	58	5035	3	722
MSTRG.5972	2901	10854	4	5	2430	1784	8278	18	3	2307	1504	5418	5	4	2186
MSTRG.5973	4001	446	222	8	27	2111	253	92	159	22	1190	270	106	67	198
MSTRG.5974	0	4628	23	1	114	0	4398	3	1	125	0	5257	42	1	120
MSTRG.5975	174	51	9	218	539	121	56	32	102	1216	169	161	5	176	747
MSTRG.5976	5799	1188	1	128	237	7877	1645	0	129	330	4730	1157	1	7	451
MSTRG.5977	1	265	1315	6	3143	4	140	2292	18	1213	1	238	1656	4	881
MSTRG.5978	101	366	7396	184	433	161	938	8295	73	512	194	563	7941	233	1049
MSTRG.5979	171	274	1261	5317	11915	357	261	391	5184	2594	63	404	774	3934	4752
MSTRG.598	27	1412	1170	2403	0	25	236	589	3085	0	5	32	212	3004	0
MSTRG.5980	513	58	6456	2055	423	691	145	9932	1923	2156	362	153	5739	2226	501
MSTRG.5981	5233	9	254	0	124	4397	41	826	0	80	2373	28	543	0	81
MSTRG.5982	32	23	28	49	1539	94	0	12	36	1286	45	24	38	43	1151
MSTRG.5983	6455	1186	242	4107	206	2278	2257	180	3623	624	346	2317	105	2611	701
MSTRG.5984	5185	207	20	1174	196	5524	23	382	520	70	3166	553	812	1108	491
MSTRG.5985	1147	31	1485	3	1699	737	10	2337	2	3843	1222	26	1900	2	1410
MSTRG.5986	5799	19	36	149	995	3610	4	14	0	1828	4553	20	30	103	569
MSTRG.5987	1256	2521	3159	57	762	1520	2255	10325	0	1680	764	2598	5244	66	502
MSTRG.5988	313	0	937	93	171	130	0	248	0	763	165	0	1069	57	96
MSTRG.5989	571	381	596	314	2036	539	1140	818	1554	2010	317	845	1253	339	2783
MSTRG.599	18840	7	131	107	46	19799	0	89	235	81	5059	44	22	246	10
MSTRG.5990	146	231	1666	560	33	522	83	1699	2069	23	263	111	2146	455	233
MSTRG.5991	125	9345	36	4149	3650	332	11488	120	3867	1336	182	4355	35	3616	1625
MSTRG.5992	1500	2359	1822	337	106	1871	2330	1695	314	109	1866	1877	2407	295	67
MSTRG.5993	371	483	9846	3417	2507	39	867	8940	3163	2849	1185	899	12630	2256	916
MSTRG.5994	18	1658	85	1906	248	9	2135	28	2360	101	23	1133	89	1410	210
MSTRG.5995	8382	697	273	0	807	4700	163	105	0	2296	5618	448	329	75	910
MSTRG.5996	0	0	3188	36	4241	0	0	2401	16	4184	0	0	2658	76	4548
MSTRG.5997	1608	315	15	1211	1246	1193	465	35	1885	1158	1201	305	20	741	906
MSTRG.5998	378	2161	3934	3523	766	114	2626	4684	4863	190	161	1942	4117	3875	794
MSTRG.5999	10652	2950	734	399	0	11011	2649	1102	85	17	3197	2212	434	287	31
MSTRG.6	826	14	1491	221	661	65	434	92	75	246	1180	57	1169	324	5700
MSTRG.60	2151	1749	180	44	56	3985	3345	167	243	23	432	767	246	110	51
MSTRG.600	831	12182	19	1813	252	1255	7280	4	3282	164	304	12335	6	1492	1750
MSTRG.6000	3922	4824	92	2186	46	2835	2950	136	3400	0	2236	4197	601	1304	0
MSTRG.6001	2604	0	6357	28	1479	1518	0	12657	69	1988	947	0	6464	23	1423
MSTRG.6002	816	0	396	477	678	234	0	207	321	1530	649	0	312	561	593
MSTRG.6003	0	1158	248	1	0	0	7355	92	2	0	0	2319	297	4	0
MSTRG.6004	448	922	3749	96	921	641	5822	4138	1	469	256	1671	2703	109	472
MSTRG.6005	2478	22	0	621	0	2422	29	0	0	0	1576	83	0	214	0
MSTRG.6006	3414	63	214	2424	0	2906	21	950	4317	0	2133	11	94	1823	0
MSTRG.6007	0	562	3850	4770	0	0	73	3759	8770	0	0	7	2270	2191	0
MSTRG.6008	0	1917	190	1785	105	0	12528	278	328	242	0	3308	140	1408	209
MSTRG.6009	3781	8125	0	91	3978	3882	5595	1	785	4668	886	9648	2	64	12655
MSTRG.601	913	161	9475	1872	1159	474	237	6203	4250	789	408	171	2072	2059	9238
MSTRG.6010	3061	127	2	114	318	2809	128	499	76	192	842	177	14	178	2409
MSTRG.6011	22	138	172	2068	583	20	231	524	2101	374	49	186	174	2042	2476
MSTRG.6012	72	357	6143	1424	2618	55	394	3421	1582	6321	7	284	3848	1931	2457
MSTRG.6013	1041	310	5	10626	75	75	516	22	5426	4	3	421	4	8953	43
MSTRG.6014	22	6004	1826	0	94	36	4714	1430	0	14	14	5835	1606	0	23
MSTRG.6015	6163	0	558	2	113	6011	0	784	517	109	1668	0	1008	8	1050
MSTRG.6016	10364	534	9161	3902	101	8689	693	97	2832	282	9267	891	8204	2058	80
MSTRG.6017	83	23	0	986	325	90	88	0	1303	992	165	37	0	335	208
MSTRG.6018	186	1096	0	1024	35	129	1185	0	2100	12	379	874	0	1818	0
MSTRG.6019	354	1321	6589	409	1036	269	1780	8655	266	367	196	1738	7425	371	56
MSTRG.602	613	1489	865	945	160	334	9514	584	1356	192	446	2655	391	1242	1054
MSTRG.6020	388	136	50	1055	231	393	598	22	1635	79	334	459	4	1290	352
MSTRG.6021	4707	843	1642	1064	44	2916	1574	2167	611	0	5353	1683	1176	245	0
MSTRG.6022	0	2225	57	3967	73	0	3593	13	0	68	0	2053	41	4454	18
MSTRG.6023	525	3002	920	101	172	653	3290	191	159	34	576	2305	1216	53	218
MSTRG.6024	29	2262	150	798	2	35	1179	102	488	7	31	2072	308	794	3
MSTRG.6025	1117	974	0	7487	0	993	521	0	9589	0	606	666	0	7730	0
MSTRG.6026	1752	5901	8179	349	21081	2198	2953	2558	307	14012	1599	1240	4422	408	11178
MSTRG.6027	1840	1269	22343	112	1103	1960	135	3616	548	1565	1357	0	10516	195	1277
MSTRG.6028	211	7887	6458	1	500	503	6048	30358	1	661	408	3902	4136	1	612
MSTRG.6029	1407	194	18	40	668	1597	101	61	7	439	1242	218	19	24	458
MSTRG.603	451	4508	0	2353	569	385	21831	0	3104	512	464	5040	0	2845	4388
MSTRG.6030	2794	22	1065	53	0	3658	15	1400	22	0	197	36	1710	42	0
MSTRG.6031	4228	504	332	25	37	3012	368	289	15	6	1769	385	407	39	20
MSTRG.6032	2459	16	38	5308	378	1412	152	4	10345	373	1831	5	0	5987	160
MSTRG.6033	2972	1	812	1587	60	4475	176	75	1833	443	1290	0	1084	1021	109
MSTRG.6034	132	494	211	546	347	38	882	108	358	401	0	459	366	326	385
MSTRG.6035	62	10699	691	0	221	7	4084	428	0	362	0	4725	394	0	278
MSTRG.6036	7226	6031	1300	1195	1445	5785	6223	588	1863	1250	2399	8917	784	1056	1675
MSTRG.6037	88	66	653	491	291	27	63	895	560	109	32	49	595	581	295
MSTRG.6038	108	40	92	1297	0	48	99	37	768	40	127	6	95	1334	331
MSTRG.6039	796	1	403	1290	0	509	0	242	1779	0	381	1	72	805	0
MSTRG.604	16263	2592	1024	2430	1812	14501	17444	150	3227	1304	4365	4859	1250	3048	16575
MSTRG.6040	1	1361	0	544	0	8	1731	0	727	0	2	1581	0	899	0
MSTRG.6041	824	1593	51	3548	293	999	2055	166	2718	230	415	2080	17	2825	2142
MSTRG.6042	67354	5525	16	499	2683	67952	5256	39	446	2233	54148	4288	0	365	2255
MSTRG.6043	10384	2037	0	3231	4574	6647	660	0	2048	5260	8330	915	0	1495	4071
MSTRG.6044	256	4251	0	366	21	0	7549	0	734	19	29	4370	0	172	6
MSTRG.6045	3	330	0	26	0	1	931	0	80	0	2	622	0	34	0
MSTRG.6046	423	233	168	20	25	100	9	58	3223	100	24	10	87	49	25
MSTRG.6047	4	69	822	6928	1978	28	387	519	5924	770	2	506	327	3912	635
MSTRG.6048	360	1175	1019	462	49	407	1736	195	658	166	1784	1124	412	306	16
MSTRG.6049	244	109	30	780	79	159	64	27	702	2637	233	108	41	719	75
MSTRG.605	35501	1921	761	20	2931	39548	12415	710	19	2071	10481	3574	980	27	22691
MSTRG.6050	695	5567	4347	0	6880	7	11364	10649	0	9534	11	9276	3345	0	5334
MSTRG.6051	1342	809	1493	17026	0	1991	365	1759	6471	92	1345	249	1857	4148	428
MSTRG.6052	1467	859	31	726	952	1386	1019	37	828	171	1463	917	102	1023	668
MSTRG.6053	7705	1193	2835	95	1116	7416	1770	3244	57	1450	5464	1992	3270	195	3062
MSTRG.6054	1468	2006	61	0	1233	797	1722	3	0	1433	568	2381	356	0	1155
MSTRG.6055	6926	8816	119	15	43	8104	7281	88	123	65	3411	7633	100	109	127
MSTRG.6056	394	584	8	90	170	705	736	46	19	70	604	556	26	59	205
MSTRG.6057	236	2925	722	2544	1887	11	2618	872	3243	1753	16	2761	931	1190	1535
MSTRG.6058	18	542	361	303	205	284	796	29	207	278	308	758	287	119	124
MSTRG.6059	1272	25	2700	2635	2708	1766	167	731	1540	2090	791	130	2074	2045	1844
MSTRG.606	9165	230	9173	341	7	13596	1988	4373	465	124	2953	710	1808	458	0
MSTRG.6060	113	3936	2190	1276	584	140	3815	1603	4421	897	177	3595	2492	203	365
MSTRG.6061	12	198	9107	460	2889	2	853	619	487	4035	0	88	6189	877	4009
MSTRG.6062	5939	121	518	730	450	10615	167	1327	770	1036	9727	549	447	27705	610
MSTRG.6063	669	5173	104	1424	1137	483	14603	70	1828	2992	135	5740	67	1178	697
MSTRG.6064	752	550	113	5264	0	1016	228	525	2523	0	801	284	409	2558	0
MSTRG.6065	1932	155	125	82	29	1373	119	55	19	144	1594	230	789	117	1
MSTRG.6066	2552	3800	45	898	1702	1408	4403	126	931	2294	2004	3167	0	273	2035
MSTRG.6067	17849	0	68	991	244	15457	0	330	825	74	14480	0	403	676	15
MSTRG.6068	46	141	2446	313	178	26	444	2077	851	331	3	59	2423	360	175
MSTRG.6069	897	3623	1068	5245	1521	683	5018	564	1581	2064	655	1628	1042	1884	1024
MSTRG.607	1126	796	84	1881	1008	1157	4843	116	2795	601	320	1333	146	2069	778
MSTRG.6070	3915	19	884	2002	2953	2482	42	992	10934	3747	2265	15	569	6399	2534
MSTRG.6071	8	182	241	216	1426	32	167	370	375	1924	12	78	75	252	1241
MSTRG.6072	5851	4	3311	403	247	3840	3	2782	907	199	3985	1	3027	886	174
MSTRG.6073	838	8	25	3814	838	729	56	7	3115	606	260	33	599	1691	1092
MSTRG.6074	8	3	5542	2019	21564	8	173	1781	3903	12813	8	7	3711	1210	17191
MSTRG.6075	150	3	156	2121	8908	102	10	63	1334	4438	537	3	126	2188	6521
MSTRG.6076	5916	211	2585	438	0	9233	830	2482	211	0	3639	250	1184	529	0
MSTRG.6077	516	1142	1436	3524	0	116	1200	1163	6327	0	287	302	909	3150	0
MSTRG.6078	247	4527	4819	42	356	197	750	3315	149	558	210	1585	4303	16	284
MSTRG.6079	4571	1368	1599	17	783	4640	1337	1687	3	1880	2686	1637	916	55	1629
MSTRG.608	16	5913	18581	8084	599	70	38917	12865	8848	573	6	10834	4613	3139	402
MSTRG.6080	0	977	4146	24886	3161	0	1408	6945	2711	6856	0	1010	3426	2553	2018
MSTRG.6081	375	18943	1829	850	7513	436	2185	2321	1480	7599	59	18172	1782	798	4486
MSTRG.6082	38	0	1121	441	776	34	0	2796	557	4399	9	0	705	350	620
MSTRG.6083	5342	0	0	1096	377	5297	0	0	1205	558	1186	0	0	890	219
MSTRG.6084	2	1841	1165	105542	636	19	1195	1068	9542	497	5	1525	594	6586	306
MSTRG.6085	121	4001	0	6379	623	158	5250	0	2442	368	60	5483	0	2616	1466
MSTRG.6086	2	0	0	24	8	34	16	0	137	16	22	83	0	17	214
MSTRG.6087	22	1142	0	426	1282	395	1069	0	278	1737	9	676	0	610	893
MSTRG.6088	16	940	177	355	7823	26	829	530	1381	8543	12	830	384	232	4652
MSTRG.6089	167	103	9584	3653	0	229	90	18812	10292	0	41	83	18043	5524	0
MSTRG.609	0	1767	4374	19659	567	0	13031	4429	17619	2972	0	3929	1487	6482	703
MSTRG.6090	7357	1123	3086	6483	4878	2849	387	1664	5535	6779	1766	1342	558	7991	2389
MSTRG.6091	1755	387	3004	4886	2440	1509	193	5407	3981	3556	1381	803	5027	3426	1991
MSTRG.6092	806	0	52	123	117	1097	0	23	87	44	655	0	68	77	106
MSTRG.6093	7901	7628	119	9111	51701	2144	4681	185	3130	88620	6747	5605	61	2240	50454
MSTRG.6094	0	8275	500	1224	4628	0	7776	246	1408	5626	0	4097	123	1001	3482
MSTRG.6095	0	7374	518	741	29	0	18407	2692	1626	45	0	2701	474	656	12
MSTRG.6096	2187	422	113	925	17	1344	476	225	433	6	1169	334	52	373	72
MSTRG.6097	6814	864	49	962	82	6012	1122	35	4630	1	3401	799	1	893	4
MSTRG.6098	2074	426	297	331	6	1716	489	92	347	2	965	372	640	503	3
MSTRG.6099	67	192	6	2	1	44	270	0	5	1	43	217	0	1	1
MSTRG.61	87	72	1868	512	45	22	45	5999	426	192	25	25	732	597	43
MSTRG.610	28	0	708	1171	2518	55	0	915	215	1678	4	0	398	509	18543
MSTRG.6100	981	79	6	548	130	610	15	10	650	238	870	36	21	361	420
MSTRG.6101	48	1855	218	202	3	37	374	25	181	1	106	1335	384	312	1
MSTRG.6102	0	269	0	60283	107	0	217	0	68265	189	0	486	0	45648	241
MSTRG.6103	8238	628	2042	148	4268	3961	372	1709	28	5220	5601	509	1531	1452	3838
MSTRG.6104	9302	1277	1550	12930	4258	5947	673	3345	8295	1986	381	706	1674	5156	2347
MSTRG.6105	4631	622	592	7	37	21128	831	649	9	34	832	710	889	11	27
MSTRG.6106	592	262	0	12	0	683	224	0	1477	0	367	191	0	1	0
MSTRG.6107	1156	172	257	3205	3987	1197	1385	90	4162	12720	950	365	210	4335	3536
MSTRG.6108	419	0	55	1294	4199	300	0	1629	1052	18891	360	0	86	1428	4082
MSTRG.6109	263	26	560	265	4	165	54	556	303	6	170	0	690	417	22
MSTRG.611	10000	397	15	12167	124	11037	2206	51	1846	141	1443	1055	26	11057	788
MSTRG.6110	47	83	256	2962	3	39	115	231	2560	46	22	17	415	2115	0
MSTRG.6111	1257	0	2100	6	5	633	0	1403	111	801	775	0	2919	40	21
MSTRG.6112	279	0	152	284	2	125	0	6	314	178	230	0	74	678	4
MSTRG.6113	801	0	186	483	6	438	0	29	880	687	502	0	564	368	9
MSTRG.6114	1166	182	0	0	5	719	58	0	0	673	572	85	0	17	16
MSTRG.6115	761	1078	0	1415	5	705	587	0	1539	681	670	305	0	5639	14
MSTRG.6116	36	4391	1048	94	4	244	2351	641	0	661	130	2494	202	2	13
MSTRG.6117	650	30	2976	910	207	757	64	1531	728	595	158	68	3611	866	17
MSTRG.6118	0	4910	5286	0	83	0	6942	5887	0	6441	0	3016	5718	0	22
MSTRG.6119	138	2918	0	4581	9	88	1355	0	1925	13	14	2751	0	5000	54
MSTRG.612	1650	499	0	7211	2976	1464	348	0	8214	2091	453	475	0	3787	23100
MSTRG.6120	0	1495	2216	60	604	0	3072	1577	66	10566	0	2514	772	10	298
MSTRG.6121	0	0	57	912	803	0	1	355	1144	1302	0	1	18	469	887
MSTRG.6122	0	42	85	3032	1272	0	2	4104	1356	435	0	527	131	2212	1565
MSTRG.6123	181	117	10807	108	145	93	222	7483	128	0	43	122	10148	76	109
MSTRG.6124	1264	478	31	130	101	434	907	1316	35	0	231	715	2237	47	68
MSTRG.6125	141	334	1064	706	441	199	66	215	430	1954	84	516	1412	634	264
MSTRG.6126	4775	1558	2889	516	3476	2855	746	622	249	2724	4083	1066	6268	441	2377
MSTRG.6127	45	49	1344	2885	299	37	376	814	1490	288	68	298	1814	2727	430
MSTRG.6128	27	4193	67	2309	3233	2	1351	56	5607	3731	3	2135	309	1594	2618
MSTRG.6129	4839	389	1897	193	2034	6396	854	1873	205	2411	2638	452	2176	198	1643
MSTRG.613	8980	464	51	4	120	8477	393	62	6	236	2328	580	34	5	138
MSTRG.6130	1452	166	251	1012	365	1182	75	385	1701	283	740	137	221	940	54
MSTRG.6131	2759	1516	17	891	424	2674	1214	179	21	860	1850	1736	18	75	371
MSTRG.6132	37	239	557	76	3311	33	764	446	1	3775	560	1027	571	123	2937
MSTRG.6133	197	137	4767	2356	0	185	33	4441	2487	14	150	499	5276	2217	17
MSTRG.6134	48	58	835	2220	461	39	202	1107	2307	135	19	2	1150	1893	493
MSTRG.6135	1279	125	1293	207	1878	910	355	2290	771	2246	992	407	897	212	1280
MSTRG.6136	1983	2386	0	6474	385	724	1996	0	4025	444	849	2494	0	3593	644
MSTRG.6137	155	724	41	34	94	318	529	154	26	0	329	965	0	35	143
MSTRG.6138	4826	15	2139	4020	620	939	15	2279	876	0	1217	0	1942	2049	369
MSTRG.6139	454	636	329	686	2006	923	1405	67	592	3514	258	455	35	459	2574
MSTRG.614	1162	4943	5329	358	864	1223	27964	3324	193	2334	363	9058	678	228	949
MSTRG.6140	104	254	245	10803	2768	47	1068	288	25107	6811	63	571	245	30773	1775
MSTRG.6141	2253	2976	21	135	1214	1420	2429	132	336	414	1530	3533	9	187	1207
MSTRG.6142	395	5128	22	10320	351	704	1318	1	6642	382	726	2025	36	3636	240
MSTRG.6143	225	146	1869	24	151	40	205	1590	45	67	412	96	1091	12	186
MSTRG.6144	56	2877	3392	51	2361	0	2394	4165	125	2426	0	1110	3688	136	2183
MSTRG.6145	108	1096	1918	93	8991	0	2182	2243	54	8679	0	1373	1741	44	8700
MSTRG.6146	7	4299	316	1044	0	129	4209	361	1533	0	2	4354	255	827	0
MSTRG.6147	1	1057	1117	217	2311	6	1288	381	522	3209	35	1093	1459	323	1917
MSTRG.6148	112	1983	27664	227	696	400	749	6491	134	1448	471	2240	23724	150	212
MSTRG.6149	2439	0	9587	26	978	2452	52	2118	34	1785	2327	29	11537	36	1807
MSTRG.615	17481	24	806	39572	1862	18059	176	424	26492	1914	5520	29	217	20771	2103
MSTRG.6150	1089	48	90	22	420	818	0	59	23	265	808	1	0	44	264
MSTRG.6151	1036	186	0	2	1062	1214	118	0	8	1469	344	355	0	1	1100
MSTRG.6152	333	1784	70	354	1280	1151	2492	4160	618	629	612	1853	62	437	742
MSTRG.6153	4512	1091	0	115	0	2128	2365	0	71	0	4735	874	0	86	0
MSTRG.6154	39	0	584	5601	543	45	0	1497	32417	886	15	0	170	3972	752
MSTRG.6155	4048	1450	0	11559	5597	896	811	0	41513	8485	1534	422	0	6569	6837
MSTRG.6156	166	0	75	17	246	162	0	12	14	221	20	0	1	40	380
MSTRG.6157	3407	0	0	0	119	2688	0	0	61	271	877	0	0	1	140
MSTRG.6158	972	0	8910	1	2	1357	0	4317	2182	0	721	0	5737	34	0
MSTRG.6159	4462	168	8556	1	27	3877	343	3597	440	3	3798	296	8005	5	24
MSTRG.616	17850	4586	4101	2055	1283	17962	25821	2675	2252	845	4873	8812	863	786	9711
MSTRG.6160	1639	5533	867	1	54	1031	8201	6479	1850	22	1018	14640	853	22	47
MSTRG.6161	1407	1942	212	1	65	516	11651	895	1850	41	549	2593	361	23	92
MSTRG.6162	0	3380	894	1	5206	41	4948	733	1872	5352	21	4563	500	24	4106
MSTRG.6163	275	27	781	1	1261	91	37	347	1947	1564	277	87	1100	24	1110
MSTRG.6164	2387	242	120	43	352	2215	152	16	1524	300	1551	53	171	32	259
MSTRG.6165	1250	339	1433	125	0	2027	3169	1512	172	0	646	409	1073	23	0
MSTRG.6166	0	589	6707	12	1131	0	1681	4912	338	2284	0	377	8259	3	1207
MSTRG.6167	1475	170	4833	337	804	628	344	5361	13404	927	293	123	4333	832	1202
MSTRG.6168	0	312	0	2806	53	0	98	0	4368	44	0	6	0	6975	5
MSTRG.6169	0	766	3168	307	667	0	390	2935	298	951	0	3	3126	278	379
MSTRG.617	3336	6151	9376	18	831	3367	50713	5880	41	1033	800	12992	2714	0	1377
MSTRG.6170	0	160	128	2596	686	0	11	108	2312	1409	0	76	117	1535	1019
MSTRG.6171	233	61	67941	2764	2029	296	103	85579	7176	3461	265	513	59461	2958	2452
MSTRG.6172	19265	352	6358	0	459	15246	326	5036	0	770	20154	497	5371	0	538
MSTRG.6173	2283	241	189	2116	4056	2179	57	1	1912	4022	611	246	7	2152	3190
MSTRG.6174	3889	0	12	99	476	4018	0	6	133	451	534	0	4	64	640
MSTRG.6175	24230	28163	0	8288	264	18892	15730	72	4121	493	17222	14570	1	6127	397
MSTRG.6176	29	737	0	460	690	24	3183	4	97	826	1	2082	1	259	500
MSTRG.6177	177	774	238	15	0	178	736	121	20	0	26	875	203	0	0
MSTRG.6178	843	514	226	1048	13744	1931	386	215	862	8830	188	458	319	1284	6967
MSTRG.6179	868	0	7	459	695	1657	0	2	285	745	289	0	35	524	1468
MSTRG.618	10	1596	10325	5684	2933	151	19590	6768	6229	2103	2	4821	2299	4796	22582
MSTRG.6180	157	59	15	59	62	153	2	38	141	41	52	17	292	78	262
MSTRG.6181	361	298	7	763	0	127	133	29	751	0	4	256	0	711	0
MSTRG.6182	201	75	209	599	18	98	174	262	254	234	410	514	253	500	54
MSTRG.6183	19	688	2727	12317	74	0	757	5206	5078	8	0	915	2517	10151	71
MSTRG.6184	344	75	1884	1298	1406	279	185	1540	2144	2744	263	140	2564	2386	1232
MSTRG.6185	326	1961	52	230	375	63	1389	33	150	339	302	2123	29	155	259
MSTRG.6186	0	230	0	495	1950	0	27	0	359	1404	0	103	0	311	1892
MSTRG.6187	34295	77	26	417	1152	14474	38	56	425	4017	20037	505	11	212	166
MSTRG.6188	403	55	911	197	401	1429	0	587	918	589	501	0	1104	266	844
MSTRG.6189	842	0	1132	128	492	690	0	459	12	2308	693	0	2125	52	8432
MSTRG.619	78	1179	4	81	3066	69	7336	135	463	2210	128	2450	10	47	23410
MSTRG.6190	630	0	103	0	1636	354	0	0	0	1473	506	0	110	0	709
MSTRG.6191	38	620	117	118	4766	1	4483	0	175	3382	0	1202	128	194	3157
MSTRG.6192	290	1846	35	27484	925	209	1708	62	5463	1042	173	2766	32	13141	221
MSTRG.6193	215	5915	392	24974	636	283	6860	934	3996	827	264	6798	333	31707	728
MSTRG.6194	707	0	563	87	12	611	0	1967	45	10	722	0	513	67	39
MSTRG.6195	246	1882	4103	3199	211	321	840	3793	4695	645	225	513	3865	2076	106
MSTRG.6196	1953	1589	286	0	2247	1125	691	267	0	2974	1741	382	410	0	1503
MSTRG.6197	1948	85	0	0	250	117	203	2	0	331	188	23	0	0	310
MSTRG.6198	177	6330	3396	363	21	45	5691	2766	259	87	355	5164	3590	340	4
MSTRG.6199	55	362	2371	273	171	0	2215	2070	737	248	0	3554	2663	617	213
MSTRG.62	74	75	13	558	391	246	214	43	604	281	96	102	19	1193	603
MSTRG.620	1542	370	186	18	26	1548	1965	71	2	17	943	1095	248	46	164
MSTRG.6200	0	721	317	0	303	0	395	275	0	643	0	222	52	0	571
MSTRG.6201	0	30	52	1911	4711	0	173	20	2256	3259	0	57	74	1754	3011
MSTRG.6202	2147	1019	912	4642	2130	2145	1589	1562	1979	3909	645	1967	856	1083	1140
MSTRG.6203	11833	1053	4060	2757	1575	6126	1382	4194	5026	1444	5902	1378	4732	591	1654
MSTRG.6204	7091	431	1	11251	163	6016	271	17	3292	204	4063	660	24	6456	403
MSTRG.6205	0	2062	486	266	3546	1	2097	92	188	4767	2	2419	416	259	2203
MSTRG.6206	24	74	1752	1902	33	42	129	2302	4977	124	0	158	2121	3104	45
MSTRG.6207	1	257	439	121	34	0	276	484	112	166	2	319	770	111	16
MSTRG.6208	0	3508	225	584	22	0	3006	0	588	27	0	2809	215	864	176
MSTRG.6209	63	286	624	4493	16365	109	528	0	5791	3347	38	333	349	4117	6964
MSTRG.621	134	0	1335	17	490	64	0	1914	24	296	192	0	1090	44	3478
MSTRG.6210	3250	2558	1917	293	693	986	4573	3414	355	1099	418	4031	2791	259	868
MSTRG.6211	120	2019	4082	1320	518	179	727	4003	2071	492	18	1524	2610	1259	360
MSTRG.6212	200	1683	1706	733	70	3724	2552	302	1415	25	104	1244	1730	978	36
MSTRG.6213	2561	0	315	26	63841	1925	0	564	56	12270	2423	0	238	3	21496
MSTRG.6214	6524	86	274	0	4324	5153	205	107	27	2262	5833	7	325	0	2325
MSTRG.6215	315	1733	1680	26	27	443	2209	1886	80	161	204	1820	1842	32	13
MSTRG.6216	6173	336	1201	292	556	9895	73	1742	279	249	5845	32	2386	694	594
MSTRG.6217	417	237	8561	542	270	1583	478	2776	66	1302	1911	254	8181	473	94
MSTRG.6218	912	25	0	454	3209	69	200	0	462	8687	235	11	0	460	2899
MSTRG.6219	71	1574	3	0	3475	37	1865	437	2099	7470	56	655	0	0	2982
MSTRG.622	9081	15	11264	1269	2370	16477	92	25038	3192	1699	4549	15	10037	9509	16191
MSTRG.6220	588	3384	0	369	4056	786	5349	20	508	1627	920	3828	4	402	5241
MSTRG.6221	1098	2331	2261	85	4219	1135	2674	1966	341	27590	1147	1871	2644	93	3081
MSTRG.6222	560	1649	883	126	2798	203	1434	1688	220	2948	902	2010	299	152	4242
MSTRG.6223	2311	26403	1424	1825	94	1760	12574	2153	2	78	1958	24412	2201	5	70
MSTRG.6224	248	7918	502	89	6367	277	4638	308	260	5497	327	10339	438	229	3438
MSTRG.6225	4	86	1281	684	1236	1	33	1432	375	1253	10	0	1351	155	1167
MSTRG.6226	4682	99	1215	3176	662	2575	0	121	1526	1062	2163	0	906	1401	600
MSTRG.6227	0	73	0	1	680	0	3560	0	1	711	0	70	0	1	474
MSTRG.6228	168	0	99	12	0	3252	0	43	211	23	43	0	103	18	0
MSTRG.6229	0	3107	497	2619	746	0	3550	1100	12698	3020	0	2016	619	6198	340
MSTRG.623	39	3906	20	48536	20	10	24524	9	116879	148	49	4239	18	44712	21
MSTRG.6230	787	9735	6792	47	152	833	8148	7347	47	1066	299	5370	9177	45	711
MSTRG.6231	2523	8952	276	12962	227	2798	3296	339	14161	349	2048	6475	639	7751	460
MSTRG.6232	4682	1832	151	199	376	4949	4130	828	264	540	4823	1506	312	237	250
MSTRG.6233	1739	217	32	3686	153	2891	613	14	4982	225	1522	269	29	3278	194
MSTRG.6234	1679	1112	60	1495	2675	2483	710	23	1595	4612	715	773	34	1759	3472
MSTRG.6235	92	1	130	1533	1556	1	3	110	3361	1054	3	1	133	2006	1270
MSTRG.6236	95	609	5546	3612	341	202	731	9649	962	184	5	1315	5930	1897	332
MSTRG.6237	2095	105	1424	26	2534	2092	104	1429	28	2423	1465	210	1312	44	2465
MSTRG.6238	523	1771	645	192658	1928	50	1642	430	31705	1772	19	909	514	34543	3551
MSTRG.6239	283	8324	0	13896	375	662	5824	0	2791	476	403	5587	0	218	308
MSTRG.624	2136	2578	2202	945	0	1304	17897	997	496	29	1211	4816	1662	809	2
MSTRG.6240	23	0	1717	2	50	1	0	2189	336	1	10	0	1612	73	7
MSTRG.6241	2007	2641	1260	287	676	1771	4604	975	282	755	650	3103	1589	115	1085
MSTRG.6242	4541	2843	2	4352	0	4336	2241	2	1801	0	2547	2346	22	3964	0
MSTRG.6243	2297	87	1973	41	78	2591	123	2343	59	80	1157	81	2155	6	18
MSTRG.6244	2111	11932	2418	257	103	1131	7652	2894	117	111	2077	6210	2776	294	27
MSTRG.6245	32438	4635	572	2427	877	13023	5011	477	2860	1084	20714	5363	772	645	310
MSTRG.6246	11394	106	2954	1033	194	3652	45	1568	1083	320	8101	34	1811	1184	135
MSTRG.6247	29	37	284	1196	2379	43	39	804	11611	851	2	424	311	365	2650
MSTRG.6248	0	1	68	15485	34	0	1	137	15979	17	0	2	8	2871	89
MSTRG.6249	83	200	38	0	806	11	271	3112	0	641	0	275	8	0	683
MSTRG.625	23	1	82	1945	28382	2	29	0	2465	29918	453	2	559	1326	12758
MSTRG.6250	0	4394	0	0	656	0	6293	56	0	377	0	4761	0	0	438
MSTRG.6251	5235	5245	73	1	23	4565	2384	22	53	5	2012	2644	33	47	0
MSTRG.6252	8757	0	6340	0	2378	3030	0	4193	0	1810	4109	0	5193	0	3831
MSTRG.6253	2145	69	429	6	3619	5098	179	584	570	2440	1001	35	550	39	6315
MSTRG.6254	311	3899	1000	424	1661	446	2013	645	441	4452	192	3345	1279	182	1693
MSTRG.6255	1663	1361	0	3086	1180	728	404	0	6713	1544	495	1029	0	3095	1157
MSTRG.6256	922	1	14372	0	760	436	0	795	0	41	1862	1	18820	108	65
MSTRG.6257	145	201	767	142	47	24	0	604	0	0	219	126	1255	403	76
MSTRG.6258	51	52	79	174	1772	3	0	59	43	2269	6	39	30	233	1751
MSTRG.6259	1783	10	90	5056	1754	1527	0	97	5168	3187	656	7	230	4226	2012
MSTRG.626	323	5879	343	959	2042	17	37648	10	951	2277	246	12227	273	713	919
MSTRG.6260	5779	646	0	1295	21	5289	1776	0	876	469	1978	628	0	757	75
MSTRG.6261	3719	7008	4	2771	3334	5511	3389	229	2001	4720	2364	5652	48	1350	1570
MSTRG.6262	0	243	89	2583	278	0	101	10	5235	16	0	119	47	1377	241
MSTRG.6263	3782	10	1553	543	2060	3143	238	1293	242	1143	2230	322	1806	296	1569
MSTRG.6264	82	2562	543	13	640	101	2696	350	46	510	90	2721	311	138	460
MSTRG.6265	6408	2479	2592	125	9020	5877	2562	1634	176	26969	5548	1959	2491	86	11555
MSTRG.6266	3503	340	1684	61	7181	2667	434	3138	23	6539	2973	159	390	22	5209
MSTRG.6267	0	25	397	398	459	0	9	796	561	9	0	88	841	1059	2
MSTRG.6268	65	3661	902	120	8	0	4390	497	326	4	3	3894	5453	124	9
MSTRG.6269	1683	1	1822	49	31	816	11	1407	31	158	1233	34	1240	15	151
MSTRG.627	177	5464	106	345	20	2	36032	0	281	40	494	9724	631	210	0
MSTRG.6270	1110	374	4768	25	138	590	211	1575	24	59	554	562	3767	15	122
MSTRG.6271	110	1937	293	615	681	0	2189	29	1238	1218	69	1592	119	1330	912
MSTRG.6272	122	733	942	1140	282	0	500	1455	1309	268	111	887	352	425	426
MSTRG.6273	600	119	821	48	131	1080	0	660	67	211	413	191	774	138	193
MSTRG.6274	745	478	169	6258	14	1670	2	300	15568	45	292	370	210	7327	40
MSTRG.6275	8109	1944	531	704	4	4161	3220	740	375	21	4237	2469	61	989	0
MSTRG.6276	356	3068	5418	1311	405	228	4014	2565	251	758	209	2540	2487	708	594
MSTRG.6277	0	1800	2376	1952	57	0	624	29653	3908	56	1	2308	3021	1603	80
MSTRG.6278	3245	50	239	59	1805	2345	39	161	0	4032	2569	55	276	14	2611
MSTRG.6279	2865	210	413	18823	210	2294	157	782	1201	170	1586	252	838	13179	130
MSTRG.628	1157	1114	868	14175	5210	12650	6731	464	3405	7284	724	2107	938	8652	7042
MSTRG.6280	316	2546	8401	618	722	256	1968	6231	455	884	40	2452	9293	724	203
MSTRG.6281	1793	1334	1637	5144	502	1623	1845	1695	3030	4974	1000	2082	600	970	2068
MSTRG.6282	4759	8516	5	1070	0	4425	4255	9	1890	0	4352	4643	37	2438	0
MSTRG.6283	0	0	3956	1487	339	5	0	4349	4313	1427	15	0	3951	852	775
MSTRG.6284	641	2286	37	5988	2345	158	1740	188	9885	2048	689	2417	17	5286	2201
MSTRG.6285	2501	930	31	426	59	2284	1139	122	480	153	1309	290	27	166	50
MSTRG.6286	956	2196	11	307	6544	527	2732	36	220	4759	658	2517	20	250	5711
MSTRG.6287	173	485	25	85	343	0	360	12	78	157	159	407	136	113	296
MSTRG.6288	769	1102	11028	7	2	0	1361	23	18	0	370	1147	11679	4	0
MSTRG.6289	2691	27	750	15	1100	3059	13	980	4	1983	2416	77	790	43	1104
MSTRG.629	1477	7	580	1569	108	650	164	604	1209	73	1188	4	583	1418	86
MSTRG.6290	3874	827	621	1145	75	4129	525	595	647	152	1534	247	469	1200	102
MSTRG.6291	1949	11187	108	3517	679	551	1845	140	3036	787	2175	2312	79	3415	675
MSTRG.6292	0	67	41695	881	432	0	45	84	1016	365	0	98	36638	653	644
MSTRG.6293	288	512	5615	3493	9610	150	1157	2369	3155	6204	365	735	3070	2690	14783
MSTRG.6294	1911	8171	112	1339	1554	1556	8736	236	1743	1764	1363	10837	12	355	1814
MSTRG.6295	1650	271	0	834	251	1797	359	23	674	86	1836	468	2	981	351
MSTRG.6296	7858	145	5955	1878	467	5277	441	14905	1651	329	2673	198	4856	1153	331
MSTRG.6297	0	85	35	339	431	0	67	496	491	273	0	44	0	1284	316
MSTRG.6298	2592	101	5270	179	0	2543	99	4208	0	0	2027	142	6483	1770	2
